1.342420000000000000e+05
1.475410000000000000e+05
9.292100000000000000e+04
5.514900000000000000e+04
1.220320000000000000e+05
1.041850000000000000e+05
1.552500000000000000e+04
5.663000000000000000e+04
1.627870000000000000e+05
7.570500000000000000e+04
1.048480000000000000e+05
1.238670000000000000e+05
1.611930000000000000e+05
7.113000000000000000e+03
1.689790000000000000e+05
7.606800000000000000e+04
1.208520000000000000e+05
1.575400000000000000e+05
1.254600000000000000e+05
4.323400000000000000e+04
1.661700000000000000e+04
2.720300000000000000e+04
1.875200000000000000e+04
1.131980000000000000e+05
1.212490000000000000e+05
9.901100000000000000e+04
3.989400000000000000e+04
1.270140000000000000e+05
1.517120000000000000e+05
1.301240000000000000e+05
2.226400000000000000e+04
7.066300000000000000e+04
1.328080000000000000e+05
1.538740000000000000e+05
1.524000000000000000e+05
9.163200000000000000e+04
8.410600000000000000e+04
3.170500000000000000e+04
1.457000000000000000e+04
1.417820000000000000e+05
1.019700000000000000e+05
7.564100000000000000e+04
6.113200000000000000e+04
1.375010000000000000e+05
1.623690000000000000e+05
3.167900000000000000e+04
1.066000000000000000e+03
5.285300000000000000e+04
1.152830000000000000e+05
5.205800000000000000e+04
1.672500000000000000e+04
9.582600000000000000e+04
3.319800000000000000e+04
7.883800000000000000e+04
1.398100000000000000e+04
6.068800000000000000e+04
1.611180000000000000e+05
1.326000000000000000e+03
1.232990000000000000e+05
8.423800000000000000e+04
4.212000000000000000e+04
1.496450000000000000e+05
1.364860000000000000e+05
1.074600000000000000e+05
1.592820000000000000e+05
5.868900000000000000e+04
7.461600000000000000e+04
1.204070000000000000e+05
1.044120000000000000e+05
2.990000000000000000e+03
3.538700000000000000e+04
1.187370000000000000e+05
1.054150000000000000e+05
5.412400000000000000e+04
7.393000000000000000e+04
3.350200000000000000e+04
1.663740000000000000e+05
1.648970000000000000e+05
1.387150000000000000e+05
1.590200000000000000e+05
1.350740000000000000e+05
3.401000000000000000e+03
1.739400000000000000e+04
5.808500000000000000e+04
6.513100000000000000e+04
6.243000000000000000e+03
1.194460000000000000e+05
1.082240000000000000e+05
9.722400000000000000e+04
1.415180000000000000e+05
1.040600000000000000e+04
5.983200000000000000e+04
1.488590000000000000e+05
7.972800000000000000e+04
3.563900000000000000e+04
1.644220000000000000e+05
5.548100000000000000e+04
7.940000000000000000e+03
1.425880000000000000e+05
1.362700000000000000e+05
1.532190000000000000e+05
3.855000000000000000e+04
8.416500000000000000e+04
1.137410000000000000e+05
1.614630000000000000e+05
8.714300000000000000e+04
8.314100000000000000e+04
8.624600000000000000e+04
1.261680000000000000e+05
1.179280000000000000e+05
1.270490000000000000e+05
1.005480000000000000e+05
1.477380000000000000e+05
1.111750000000000000e+05
1.456800000000000000e+05
9.160700000000000000e+04
6.923900000000000000e+04
7.657500000000000000e+04
4.165600000000000000e+04
5.827500000000000000e+04
1.256740000000000000e+05
1.460930000000000000e+05
1.333590000000000000e+05
1.567550000000000000e+05
1.166600000000000000e+04
5.184800000000000000e+04
2.100100000000000000e+04
1.591490000000000000e+05
5.934100000000000000e+04
3.413800000000000000e+04
9.041600000000000000e+04
7.724600000000000000e+04
7.103200000000000000e+04
8.101900000000000000e+04
9.194800000000000000e+04
1.340560000000000000e+05
5.018200000000000000e+04
1.630000000000000000e+03
1.038200000000000000e+04
8.781000000000000000e+03
1.499950000000000000e+05
3.315800000000000000e+04
1.399580000000000000e+05
2.854100000000000000e+04
5.315600000000000000e+04
8.212100000000000000e+04
1.031600000000000000e+05
2.542400000000000000e+04
1.540500000000000000e+05
1.451930000000000000e+05
1.417370000000000000e+05
6.645900000000000000e+04
4.535100000000000000e+04
1.430290000000000000e+05
5.937600000000000000e+04
1.489250000000000000e+05
2.122300000000000000e+04
1.193440000000000000e+05
1.402270000000000000e+05
6.470800000000000000e+04
1.379770000000000000e+05
1.575970000000000000e+05
1.293060000000000000e+05
1.608100000000000000e+04
5.801000000000000000e+04
7.282400000000000000e+04
9.413900000000000000e+04
3.042000000000000000e+04
1.375800000000000000e+05
1.302950000000000000e+05
1.245670000000000000e+05
1.211500000000000000e+04
8.707100000000000000e+04
4.943500000000000000e+04
9.993800000000000000e+04
1.117230000000000000e+05
1.474000000000000000e+03
1.021180000000000000e+05
5.537900000000000000e+04
1.049610000000000000e+05
1.459050000000000000e+05
1.634980000000000000e+05
1.182260000000000000e+05
4.690900000000000000e+04
1.272260000000000000e+05
2.499500000000000000e+04
6.695000000000000000e+03
7.260900000000000000e+04
1.157150000000000000e+05
1.082140000000000000e+05
1.434500000000000000e+05
1.333120000000000000e+05
6.463900000000000000e+04
7.970800000000000000e+04
1.359300000000000000e+04
6.344600000000000000e+04
1.630640000000000000e+05
1.661770000000000000e+05
1.089830000000000000e+05
5.048400000000000000e+04
1.579000000000000000e+04
5.800100000000000000e+04
5.642100000000000000e+04
1.296910000000000000e+05
1.560580000000000000e+05
1.675600000000000000e+04
1.110090000000000000e+05
4.880700000000000000e+04
1.459540000000000000e+05
6.506400000000000000e+04
5.851100000000000000e+04
1.197200000000000000e+04
1.578070000000000000e+05
1.017970000000000000e+05
7.438300000000000000e+04
1.186680000000000000e+05
5.296000000000000000e+03
1.508910000000000000e+05
4.782300000000000000e+04
7.209000000000000000e+03
6.069500000000000000e+04
6.597000000000000000e+04
1.730600000000000000e+04
1.120160000000000000e+05
4.588300000000000000e+04
4.698000000000000000e+04
1.200040000000000000e+05
1.603440000000000000e+05
1.445190000000000000e+05
1.098420000000000000e+05
5.709200000000000000e+04
1.964200000000000000e+04
4.754400000000000000e+04
8.143300000000000000e+04
1.249900000000000000e+04
2.341000000000000000e+04
8.914000000000000000e+04
2.311900000000000000e+04
1.337450000000000000e+05
1.137750000000000000e+05
9.209600000000000000e+04
1.536610000000000000e+05
1.401020000000000000e+05
1.098220000000000000e+05
7.796000000000000000e+03
1.578190000000000000e+05
6.007200000000000000e+04
6.577100000000000000e+04
1.510590000000000000e+05
1.001150000000000000e+05
6.450700000000000000e+04
8.759700000000000000e+04
5.655200000000000000e+04
3.329900000000000000e+04
3.398200000000000000e+04
7.737300000000000000e+04
9.872300000000000000e+04
8.743300000000000000e+04
1.293940000000000000e+05
4.345500000000000000e+04
6.900700000000000000e+04
1.369210000000000000e+05
1.006750000000000000e+05
2.819000000000000000e+03
4.177900000000000000e+04
9.170200000000000000e+04
1.304400000000000000e+05
4.653800000000000000e+04
1.598710000000000000e+05
8.186600000000000000e+04
1.816300000000000000e+04
1.355890000000000000e+05
6.455100000000000000e+04
3.265200000000000000e+04
8.612000000000000000e+03
2.785700000000000000e+04
1.006220000000000000e+05
1.991000000000000000e+04
1.473400000000000000e+05
1.346830000000000000e+05
7.103800000000000000e+04
1.442690000000000000e+05
9.042700000000000000e+04
9.160500000000000000e+04
1.312070000000000000e+05
1.129710000000000000e+05
9.205200000000000000e+04
1.019340000000000000e+05
8.410400000000000000e+04
1.340700000000000000e+04
5.454100000000000000e+04
8.435000000000000000e+04
1.192200000000000000e+04
1.358070000000000000e+05
2.690600000000000000e+04
1.077760000000000000e+05
9.695000000000000000e+04
3.100900000000000000e+04
8.346500000000000000e+04
1.279340000000000000e+05
4.386100000000000000e+04
1.246480000000000000e+05
2.249000000000000000e+04
4.413600000000000000e+04
5.251900000000000000e+04
1.006250000000000000e+05
1.345590000000000000e+05
4.779000000000000000e+03
1.449730000000000000e+05
1.484730000000000000e+05
1.010480000000000000e+05
3.530000000000000000e+03
4.644200000000000000e+04
2.528600000000000000e+04
1.299400000000000000e+04
1.626800000000000000e+04
8.994400000000000000e+04
2.654600000000000000e+04
4.199000000000000000e+03
1.109200000000000000e+05
9.119700000000000000e+04
7.013300000000000000e+04
4.232500000000000000e+04
3.079400000000000000e+04
6.841300000000000000e+04
9.420000000000000000e+04
3.030000000000000000e+03
1.626380000000000000e+05
1.187760000000000000e+05
1.246420000000000000e+05
6.648200000000000000e+04
1.076300000000000000e+04
1.483210000000000000e+05
1.615000000000000000e+03
1.550700000000000000e+05
7.377200000000000000e+04
3.817100000000000000e+04
8.553000000000000000e+03
6.096900000000000000e+04
6.173000000000000000e+03
2.936400000000000000e+04
1.809000000000000000e+04
5.591800000000000000e+04
3.549200000000000000e+04
1.458800000000000000e+05
5.717500000000000000e+04
1.331570000000000000e+05
1.066700000000000000e+05
1.049390000000000000e+05
1.523620000000000000e+05
3.978900000000000000e+04
8.114500000000000000e+04
1.458810000000000000e+05
1.558310000000000000e+05
5.086900000000000000e+04
1.383910000000000000e+05
7.615300000000000000e+04
1.366750000000000000e+05
6.807000000000000000e+03
7.397500000000000000e+04
8.603100000000000000e+04
4.949400000000000000e+04
1.095200000000000000e+04
1.605800000000000000e+05
9.236800000000000000e+04
5.671000000000000000e+04
1.316900000000000000e+05
1.254500000000000000e+05
1.386080000000000000e+05
8.338400000000000000e+04
8.746900000000000000e+04
3.960000000000000000e+02
1.632950000000000000e+05
1.868600000000000000e+04
1.648210000000000000e+05
1.662020000000000000e+05
6.364100000000000000e+04
1.027240000000000000e+05
5.131800000000000000e+04
1.473520000000000000e+05
1.423600000000000000e+04
1.195080000000000000e+05
9.393300000000000000e+04
4.265100000000000000e+04
6.665400000000000000e+04
1.203900000000000000e+04
4.945200000000000000e+04
4.119300000000000000e+04
8.668800000000000000e+04
1.517500000000000000e+05
2.826800000000000000e+04
1.585290000000000000e+05
6.115300000000000000e+04
3.682700000000000000e+04
9.576800000000000000e+04
9.932600000000000000e+04
6.521700000000000000e+04
7.924200000000000000e+04
2.577900000000000000e+04
3.753500000000000000e+04
1.265710000000000000e+05
2.248900000000000000e+04
4.798900000000000000e+04
6.375500000000000000e+04
1.012170000000000000e+05
8.834500000000000000e+04
1.155000000000000000e+05
1.191230000000000000e+05
1.428780000000000000e+05
9.712700000000000000e+04
6.408600000000000000e+04
2.707200000000000000e+04
7.667900000000000000e+04
2.598400000000000000e+04
1.939800000000000000e+04
5.516100000000000000e+04
1.203540000000000000e+05
3.949000000000000000e+03
1.129810000000000000e+05
5.616600000000000000e+04
1.133210000000000000e+05
1.345390000000000000e+05
8.738200000000000000e+04
2.146600000000000000e+04
3.583100000000000000e+04
1.291700000000000000e+04
7.477300000000000000e+04
9.658200000000000000e+04
1.145940000000000000e+05
6.519700000000000000e+04
1.370250000000000000e+05
1.383540000000000000e+05
9.272600000000000000e+04
9.138700000000000000e+04
1.749900000000000000e+04
1.332270000000000000e+05
1.016770000000000000e+05
6.531000000000000000e+04
1.177810000000000000e+05
1.459160000000000000e+05
1.611940000000000000e+05
2.403200000000000000e+04
1.139500000000000000e+05
1.416600000000000000e+04
4.812400000000000000e+04
1.388560000000000000e+05
5.669500000000000000e+04
4.052800000000000000e+04
4.857000000000000000e+04
1.148290000000000000e+05
7.312400000000000000e+04
1.254730000000000000e+05
1.060400000000000000e+05
5.284000000000000000e+03
9.360000000000000000e+04
9.308000000000000000e+03
1.784700000000000000e+04
8.507400000000000000e+04
9.532100000000000000e+04
4.554700000000000000e+04
9.508900000000000000e+04
1.000100000000000000e+04
3.552000000000000000e+04
1.222360000000000000e+05
9.540200000000000000e+04
4.934600000000000000e+04
1.432870000000000000e+05
3.198200000000000000e+04
1.432260000000000000e+05
4.677000000000000000e+03
4.262800000000000000e+04
1.918700000000000000e+04
1.982700000000000000e+04
1.880300000000000000e+04
1.019550000000000000e+05
6.705500000000000000e+04
3.332300000000000000e+04
7.744600000000000000e+04
2.934800000000000000e+04
2.674300000000000000e+04
9.803400000000000000e+04
4.332300000000000000e+04
2.057100000000000000e+04
8.960800000000000000e+04
1.371100000000000000e+05
1.536420000000000000e+05
1.051230000000000000e+05
7.158600000000000000e+04
1.080080000000000000e+05
1.169570000000000000e+05
6.468400000000000000e+04
1.190980000000000000e+05
1.936900000000000000e+04
1.152460000000000000e+05
1.217180000000000000e+05
1.624530000000000000e+05
1.372800000000000000e+05
1.324340000000000000e+05
9.350000000000000000e+02
5.809400000000000000e+04
1.028400000000000000e+05
7.665800000000000000e+04
9.491800000000000000e+04
1.036960000000000000e+05
2.073800000000000000e+04
7.373500000000000000e+04
6.227100000000000000e+04
7.964000000000000000e+03
9.874000000000000000e+03
1.544000000000000000e+03
8.274500000000000000e+04
9.535400000000000000e+04
8.751400000000000000e+04
8.865400000000000000e+04
5.845400000000000000e+04
6.388700000000000000e+04
1.611470000000000000e+05
1.450720000000000000e+05
1.323430000000000000e+05
8.343100000000000000e+04
9.157200000000000000e+04
1.478800000000000000e+04
7.510400000000000000e+04
1.261020000000000000e+05
1.232700000000000000e+04
1.105250000000000000e+05
2.749000000000000000e+03
1.342190000000000000e+05
1.392370000000000000e+05
1.531340000000000000e+05
1.170880000000000000e+05
1.439100000000000000e+04
1.129150000000000000e+05
8.129500000000000000e+04
3.325300000000000000e+04
6.597000000000000000e+03
4.751000000000000000e+04
1.367600000000000000e+04
1.252690000000000000e+05
3.181300000000000000e+04
8.051100000000000000e+04
5.213000000000000000e+04
9.090200000000000000e+04
1.648630000000000000e+05
1.341200000000000000e+04
1.251160000000000000e+05
1.581710000000000000e+05
1.469850000000000000e+05
1.170710000000000000e+05
1.394290000000000000e+05
6.672900000000000000e+04
8.731500000000000000e+04
4.925100000000000000e+04
8.819300000000000000e+04
9.430500000000000000e+04
4.920000000000000000e+03
1.392690000000000000e+05
8.064900000000000000e+04
1.582960000000000000e+05
1.330640000000000000e+05
5.560000000000000000e+04
8.784000000000000000e+03
9.724500000000000000e+04
8.156200000000000000e+04
1.014610000000000000e+05
1.207310000000000000e+05
9.889600000000000000e+04
1.198770000000000000e+05
4.609100000000000000e+04
4.943000000000000000e+03
1.802200000000000000e+04
1.635600000000000000e+04
8.682600000000000000e+04
1.430820000000000000e+05
8.460200000000000000e+04
1.051610000000000000e+05
9.529300000000000000e+04
2.536800000000000000e+04
1.350140000000000000e+05
3.502200000000000000e+04
4.648100000000000000e+04
1.322680000000000000e+05
5.929500000000000000e+04
4.940100000000000000e+04
6.049000000000000000e+03
2.176000000000000000e+03
1.411050000000000000e+05
1.276740000000000000e+05
8.828400000000000000e+04
6.940100000000000000e+04
1.579820000000000000e+05
8.906900000000000000e+04
5.393000000000000000e+04
1.655850000000000000e+05
7.295200000000000000e+04
1.192780000000000000e+05
5.853800000000000000e+04
3.351600000000000000e+04
2.843500000000000000e+04
3.936700000000000000e+04
6.781900000000000000e+04
2.064100000000000000e+04
1.056700000000000000e+04
1.477960000000000000e+05
1.561630000000000000e+05
1.617000000000000000e+04
4.258300000000000000e+04
4.038700000000000000e+04
4.042100000000000000e+04
1.562820000000000000e+05
4.083400000000000000e+04
1.259400000000000000e+05
9.519000000000000000e+03
1.133460000000000000e+05
2.995400000000000000e+04
1.504070000000000000e+05
4.326900000000000000e+04
7.181600000000000000e+04
5.734500000000000000e+04
8.219200000000000000e+04
2.959000000000000000e+04
8.106100000000000000e+04
3.102000000000000000e+04
6.216000000000000000e+04
2.521100000000000000e+04
1.206540000000000000e+05
1.019220000000000000e+05
1.034900000000000000e+04
1.498620000000000000e+05
9.135200000000000000e+04
1.058970000000000000e+05
7.659100000000000000e+04
5.346000000000000000e+03
1.480330000000000000e+05
8.842400000000000000e+04
1.232590000000000000e+05
1.073590000000000000e+05
3.453900000000000000e+04
1.583050000000000000e+05
2.988900000000000000e+04
7.121300000000000000e+04
1.543790000000000000e+05
7.501800000000000000e+04
5.128500000000000000e+04
1.302400000000000000e+04
1.381240000000000000e+05
1.578800000000000000e+04
4.238100000000000000e+04
3.607800000000000000e+04
7.030800000000000000e+04
6.410600000000000000e+04
3.733400000000000000e+04
1.111730000000000000e+05
1.680530000000000000e+05
1.757400000000000000e+04
4.410000000000000000e+03
5.815500000000000000e+04
1.170750000000000000e+05
3.938600000000000000e+04
1.363680000000000000e+05
4.049200000000000000e+04
2.861000000000000000e+03
8.442600000000000000e+04
8.689900000000000000e+04
8.729900000000000000e+04
3.896400000000000000e+04
1.487430000000000000e+05
8.171000000000000000e+04
1.336200000000000000e+04
1.577540000000000000e+05
4.000800000000000000e+04
3.467000000000000000e+03
1.477610000000000000e+05
1.997200000000000000e+04
8.152500000000000000e+04
3.103400000000000000e+04
1.034560000000000000e+05
4.983900000000000000e+04
1.065480000000000000e+05
1.622750000000000000e+05
1.455140000000000000e+05
1.689900000000000000e+05
1.096020000000000000e+05
1.623200000000000000e+04
3.184200000000000000e+04
1.346300000000000000e+05
1.630590000000000000e+05
5.805800000000000000e+04
1.401300000000000000e+04
1.108430000000000000e+05
9.945300000000000000e+04
3.701200000000000000e+04
4.912700000000000000e+04
1.194310000000000000e+05
9.961700000000000000e+04
1.495700000000000000e+05
1.578590000000000000e+05
7.757900000000000000e+04
1.192900000000000000e+05
7.748200000000000000e+04
2.883200000000000000e+04
1.663430000000000000e+05
7.982900000000000000e+04
1.654110000000000000e+05
6.812800000000000000e+04
1.301400000000000000e+04
1.025940000000000000e+05
1.478560000000000000e+05
1.407160000000000000e+05
4.741200000000000000e+04
3.334200000000000000e+04
9.540500000000000000e+04
7.170800000000000000e+04
9.229900000000000000e+04
2.938600000000000000e+04
5.667700000000000000e+04
2.646200000000000000e+04
9.084400000000000000e+04
6.718000000000000000e+04
1.438950000000000000e+05
1.028500000000000000e+05
9.665400000000000000e+04
1.592000000000000000e+04
7.874000000000000000e+03
1.562330000000000000e+05
1.512500000000000000e+05
6.456600000000000000e+04
2.802600000000000000e+04
7.949700000000000000e+04
5.879900000000000000e+04
4.484700000000000000e+04
3.235800000000000000e+04
1.535000000000000000e+04
1.126990000000000000e+05
1.304660000000000000e+05
1.347310000000000000e+05
1.008730000000000000e+05
1.007330000000000000e+05
1.002000000000000000e+05
3.063000000000000000e+03
1.415540000000000000e+05
1.272160000000000000e+05
6.207700000000000000e+04
1.317680000000000000e+05
4.126000000000000000e+04
1.411630000000000000e+05
4.131000000000000000e+04
2.321000000000000000e+04
6.264800000000000000e+04
1.007560000000000000e+05
7.340000000000000000e+03
1.017690000000000000e+05
4.273500000000000000e+04
1.654170000000000000e+05
1.680580000000000000e+05
1.690900000000000000e+04
8.834900000000000000e+04
7.290400000000000000e+04
1.047180000000000000e+05
2.862800000000000000e+04
5.277500000000000000e+04
5.395500000000000000e+04
1.651210000000000000e+05
1.113670000000000000e+05
4.727100000000000000e+04
2.822300000000000000e+04
1.125380000000000000e+05
1.471800000000000000e+05
1.246280000000000000e+05
2.212900000000000000e+04
7.392300000000000000e+04
1.335900000000000000e+04
4.221900000000000000e+04
5.073400000000000000e+04
8.515200000000000000e+04
5.976000000000000000e+04
1.446740000000000000e+05
6.908000000000000000e+04
3.384200000000000000e+04
7.778100000000000000e+04
1.112580000000000000e+05
1.324710000000000000e+05
2.662700000000000000e+04
1.625340000000000000e+05
3.024100000000000000e+04
6.320500000000000000e+04
1.224280000000000000e+05
2.547400000000000000e+04
1.652060000000000000e+05
5.407500000000000000e+04
1.397300000000000000e+05
6.554000000000000000e+04
1.345670000000000000e+05
2.741300000000000000e+04
2.410000000000000000e+02
2.324000000000000000e+03
1.059400000000000000e+04
4.319400000000000000e+04
1.261600000000000000e+05
4.607400000000000000e+04
5.055000000000000000e+03
3.258400000000000000e+04
7.572000000000000000e+04
4.156600000000000000e+04
6.380900000000000000e+04
4.621500000000000000e+04
7.905200000000000000e+04
9.521000000000000000e+03
1.047110000000000000e+05
1.612050000000000000e+05
7.586000000000000000e+03
3.743100000000000000e+04
1.233940000000000000e+05
1.171270000000000000e+05
8.224700000000000000e+04
2.613200000000000000e+04
8.306300000000000000e+04
2.209400000000000000e+04
4.344300000000000000e+04
1.463000000000000000e+04
1.329820000000000000e+05
6.548900000000000000e+04
1.530400000000000000e+05
6.951800000000000000e+04
2.183300000000000000e+04
1.239400000000000000e+05
6.322300000000000000e+04
1.086280000000000000e+05
2.015900000000000000e+04
5.726700000000000000e+04
1.079590000000000000e+05
1.245030000000000000e+05
6.663200000000000000e+04
4.679200000000000000e+04
3.938500000000000000e+04
1.435630000000000000e+05
1.505870000000000000e+05
5.064800000000000000e+04
9.887500000000000000e+04
1.143610000000000000e+05
1.525230000000000000e+05
9.393000000000000000e+04
1.569530000000000000e+05
5.707700000000000000e+04
4.659400000000000000e+04
7.457400000000000000e+04
3.272000000000000000e+04
1.504200000000000000e+05
4.319800000000000000e+04
1.111740000000000000e+05
9.894700000000000000e+04
2.399100000000000000e+04
7.500200000000000000e+04
3.451300000000000000e+04
5.928300000000000000e+04
1.443370000000000000e+05
1.691000000000000000e+04
1.018660000000000000e+05
2.020200000000000000e+04
2.497300000000000000e+04
2.780000000000000000e+02
1.199690000000000000e+05
1.491290000000000000e+05
5.665700000000000000e+04
1.610170000000000000e+05
1.481330000000000000e+05
1.563000000000000000e+05
3.687400000000000000e+04
7.953100000000000000e+04
5.996400000000000000e+04
7.469000000000000000e+03
5.492600000000000000e+04
1.331500000000000000e+05
1.389370000000000000e+05
1.237780000000000000e+05
2.119900000000000000e+04
2.018900000000000000e+04
1.109000000000000000e+05
1.198070000000000000e+05
1.496800000000000000e+05
7.518000000000000000e+03
1.229600000000000000e+05
4.129700000000000000e+04
1.307030000000000000e+05
1.966300000000000000e+04
1.351660000000000000e+05
1.270670000000000000e+05
1.091390000000000000e+05
7.321900000000000000e+04
1.138430000000000000e+05
5.923600000000000000e+04
1.154940000000000000e+05
7.363700000000000000e+04
8.456700000000000000e+04
7.406000000000000000e+03
1.021420000000000000e+05
1.793600000000000000e+04
1.478380000000000000e+05
1.173700000000000000e+05
1.683620000000000000e+05
8.810000000000000000e+04
6.904200000000000000e+04
2.586900000000000000e+04
4.565900000000000000e+04
1.501540000000000000e+05
1.269690000000000000e+05
4.284300000000000000e+04
1.367000000000000000e+05
4.982600000000000000e+04
3.616000000000000000e+03
1.146160000000000000e+05
5.434500000000000000e+04
9.493900000000000000e+04
3.937600000000000000e+04
2.085200000000000000e+04
4.303000000000000000e+03
8.968200000000000000e+04
9.246700000000000000e+04
1.668630000000000000e+05
9.583400000000000000e+04
1.247830000000000000e+05
7.803300000000000000e+04
3.676100000000000000e+04
7.318800000000000000e+04
1.276220000000000000e+05
8.559400000000000000e+04
1.671440000000000000e+05
6.613400000000000000e+04
5.259500000000000000e+04
5.745000000000000000e+03
8.488200000000000000e+04
1.516580000000000000e+05
3.571800000000000000e+04
4.823000000000000000e+04
6.469700000000000000e+04
7.537500000000000000e+04
7.789000000000000000e+04
6.455400000000000000e+04
1.497030000000000000e+05
5.861900000000000000e+04
1.226000000000000000e+04
8.206200000000000000e+04
4.487000000000000000e+04
5.087000000000000000e+04
1.100840000000000000e+05
1.361490000000000000e+05
4.180300000000000000e+04
8.168200000000000000e+04
1.691710000000000000e+05
2.618300000000000000e+04
1.024600000000000000e+05
1.995000000000000000e+03
1.631900000000000000e+04
2.040000000000000000e+02
5.124200000000000000e+04
7.525600000000000000e+04
1.318080000000000000e+05
1.107010000000000000e+05
5.219600000000000000e+04
1.017190000000000000e+05
1.556710000000000000e+05
7.525000000000000000e+04
5.365000000000000000e+04
4.331200000000000000e+04
9.623800000000000000e+04
4.633000000000000000e+03
1.152880000000000000e+05
1.524570000000000000e+05
1.363840000000000000e+05
8.260000000000000000e+04
1.034100000000000000e+05
5.483100000000000000e+04
1.530460000000000000e+05
1.673150000000000000e+05
4.791800000000000000e+04
9.234400000000000000e+04
6.312000000000000000e+03
9.756700000000000000e+04
7.650500000000000000e+04
1.385630000000000000e+05
4.266800000000000000e+04
1.285300000000000000e+05
2.487100000000000000e+04
5.191800000000000000e+04
8.129000000000000000e+03
4.611100000000000000e+04
5.711100000000000000e+04
8.190500000000000000e+04
1.054800000000000000e+05
1.185850000000000000e+05
1.538260000000000000e+05
3.108000000000000000e+03
5.312000000000000000e+03
8.815400000000000000e+04
1.326480000000000000e+05
3.790300000000000000e+04
1.279100000000000000e+05
1.611190000000000000e+05
1.303000000000000000e+04
2.525400000000000000e+04
9.351800000000000000e+04
5.187300000000000000e+04
1.398360000000000000e+05
1.571810000000000000e+05
9.354800000000000000e+04
6.279100000000000000e+04
8.026000000000000000e+04
1.107760000000000000e+05
9.086900000000000000e+04
7.916400000000000000e+04
2.909200000000000000e+04
1.386370000000000000e+05
5.546300000000000000e+04
1.212440000000000000e+05
1.558500000000000000e+04
2.334600000000000000e+04
1.370680000000000000e+05
