8.262400000000000000e+04
6.089100000000000000e+04
2.840500000000000000e+04
1.624200000000000000e+04
1.141130000000000000e+05
1.197400000000000000e+04
5.475600000000000000e+04
1.039620000000000000e+05
1.149430000000000000e+05
5.281000000000000000e+03
9.049000000000000000e+03
1.278970000000000000e+05
1.156580000000000000e+05
1.602970000000000000e+05
9.676400000000000000e+04
9.169600000000000000e+04
1.578530000000000000e+05
4.907900000000000000e+04
9.432400000000000000e+04
6.206000000000000000e+04
1.605900000000000000e+05
1.531830000000000000e+05
1.962000000000000000e+04
9.024700000000000000e+04
1.620410000000000000e+05
1.353130000000000000e+05
3.765900000000000000e+04
2.466200000000000000e+04
7.974300000000000000e+04
1.446240000000000000e+05
8.239800000000000000e+04
1.628980000000000000e+05
3.278000000000000000e+04
1.356560000000000000e+05
1.148550000000000000e+05
2.574400000000000000e+04
1.979300000000000000e+04
1.049460000000000000e+05
1.365830000000000000e+05
4.828800000000000000e+04
1.217630000000000000e+05
9.295800000000000000e+04
6.254600000000000000e+04
1.024500000000000000e+04
1.324880000000000000e+05
8.086700000000000000e+04
2.041300000000000000e+04
9.263900000000000000e+04
4.711200000000000000e+04
9.456700000000000000e+04
4.257600000000000000e+04
1.373100000000000000e+04
1.406860000000000000e+05
1.027650000000000000e+05
1.311660000000000000e+05
4.542800000000000000e+04
1.392410000000000000e+05
9.584400000000000000e+04
4.623000000000000000e+04
1.560060000000000000e+05
1.928000000000000000e+04
1.456300000000000000e+04
1.647490000000000000e+05
1.064190000000000000e+05
1.574270000000000000e+05
1.146490000000000000e+05
9.241000000000000000e+03
7.830400000000000000e+04
7.562800000000000000e+04
5.021000000000000000e+04
1.493250000000000000e+05
9.080100000000000000e+04
1.154220000000000000e+05
6.270600000000000000e+04
1.625870000000000000e+05
1.468980000000000000e+05
1.037740000000000000e+05
2.550400000000000000e+04
2.401600000000000000e+04
1.090410000000000000e+05
1.351240000000000000e+05
1.570220000000000000e+05
9.384900000000000000e+04
4.837000000000000000e+03
1.587230000000000000e+05
1.611890000000000000e+05
2.300000000000000000e+04
7.076100000000000000e+04
1.211020000000000000e+05
4.707600000000000000e+04
1.352280000000000000e+05
1.573300000000000000e+05
1.553170000000000000e+05
1.204580000000000000e+05
1.320210000000000000e+05
6.921000000000000000e+04
1.657470000000000000e+05
1.671370000000000000e+05
9.147100000000000000e+04
1.224870000000000000e+05
1.472940000000000000e+05
6.906400000000000000e+04
1.416030000000000000e+05
5.862700000000000000e+04
1.134100000000000000e+04
3.813400000000000000e+04
5.740200000000000000e+04
3.285800000000000000e+04
1.127720000000000000e+05
7.519200000000000000e+04
1.381580000000000000e+05
1.357180000000000000e+05
2.599000000000000000e+03
1.154810000000000000e+05
1.105840000000000000e+05
6.837800000000000000e+04
2.624600000000000000e+04
1.239070000000000000e+05
5.813400000000000000e+04
1.026490000000000000e+05
1.059470000000000000e+05
8.110700000000000000e+04
1.046050000000000000e+05
1.288630000000000000e+05
2.221300000000000000e+04
1.274600000000000000e+05
1.851600000000000000e+04
8.468600000000000000e+04
9.443400000000000000e+04
1.420690000000000000e+05
1.474850000000000000e+05
1.519340000000000000e+05
1.221860000000000000e+05
1.330200000000000000e+04
1.572590000000000000e+05
8.313300000000000000e+04
8.394500000000000000e+04
1.935600000000000000e+04
4.958000000000000000e+04
2.922600000000000000e+04
1.446610000000000000e+05
9.012000000000000000e+04
1.349000000000000000e+03
2.907700000000000000e+04
2.919100000000000000e+04
4.534900000000000000e+04
1.188190000000000000e+05
7.154800000000000000e+04
1.683840000000000000e+05
1.374450000000000000e+05
4.320100000000000000e+04
4.848600000000000000e+04
4.225300000000000000e+04
9.285800000000000000e+04
6.510500000000000000e+04
3.723000000000000000e+04
9.411800000000000000e+04
1.431700000000000000e+05
8.711000000000000000e+03
1.064910000000000000e+05
1.512910000000000000e+05
7.120500000000000000e+04
1.659830000000000000e+05
6.114000000000000000e+03
8.302500000000000000e+04
4.782000000000000000e+03
3.415600000000000000e+04
1.620330000000000000e+05
6.157200000000000000e+04
5.153500000000000000e+04
8.966200000000000000e+04
3.098800000000000000e+04
5.305600000000000000e+04
1.082550000000000000e+05
1.097100000000000000e+04
1.464320000000000000e+05
2.740500000000000000e+04
7.957400000000000000e+04
3.194600000000000000e+04
5.271400000000000000e+04
7.317300000000000000e+04
1.657630000000000000e+05
2.924900000000000000e+04
2.778700000000000000e+04
4.829600000000000000e+04
6.687800000000000000e+04
1.552510000000000000e+05
1.067430000000000000e+05
3.436800000000000000e+04
1.288390000000000000e+05
1.171070000000000000e+05
3.478500000000000000e+04
4.064200000000000000e+04
8.609200000000000000e+04
2.132300000000000000e+04
9.489300000000000000e+04
1.464940000000000000e+05
3.189900000000000000e+04
7.629200000000000000e+04
4.411500000000000000e+04
3.702000000000000000e+03
2.932500000000000000e+04
6.690300000000000000e+04
5.463100000000000000e+04
1.605640000000000000e+05
1.663840000000000000e+05
1.093070000000000000e+05
4.687100000000000000e+04
1.537590000000000000e+05
1.502080000000000000e+05
1.488550000000000000e+05
1.265360000000000000e+05
2.954500000000000000e+04
7.198000000000000000e+04
1.511710000000000000e+05
1.104420000000000000e+05
7.979500000000000000e+04
9.706100000000000000e+04
8.012300000000000000e+04
1.336700000000000000e+05
2.161900000000000000e+04
1.450040000000000000e+05
1.112730000000000000e+05
7.086400000000000000e+04
5.750400000000000000e+04
1.366500000000000000e+05
3.137200000000000000e+04
6.823100000000000000e+04
4.697900000000000000e+04
2.637100000000000000e+04
1.457180000000000000e+05
9.147400000000000000e+04
4.657800000000000000e+04
1.257270000000000000e+05
5.004500000000000000e+04
1.461900000000000000e+04
1.253950000000000000e+05
5.883100000000000000e+04
1.359990000000000000e+05
7.630100000000000000e+04
5.809500000000000000e+04
4.234000000000000000e+04
1.205420000000000000e+05
2.558800000000000000e+04
6.230400000000000000e+04
5.103100000000000000e+04
8.874000000000000000e+04
3.984200000000000000e+04
9.814900000000000000e+04
1.099990000000000000e+05
1.089220000000000000e+05
1.578200000000000000e+05
6.031100000000000000e+04
1.127040000000000000e+05
1.561420000000000000e+05
1.444750000000000000e+05
1.455480000000000000e+05
9.277800000000000000e+04
9.419600000000000000e+04
4.259000000000000000e+04
3.686700000000000000e+04
4.845400000000000000e+04
4.349200000000000000e+04
8.605300000000000000e+04
1.090460000000000000e+05
1.572180000000000000e+05
9.863500000000000000e+04
1.393600000000000000e+05
5.850000000000000000e+03
9.274900000000000000e+04
3.319700000000000000e+04
9.273900000000000000e+04
1.685930000000000000e+05
3.420800000000000000e+04
1.506220000000000000e+05
4.248000000000000000e+04
1.329340000000000000e+05
3.875400000000000000e+04
6.301900000000000000e+04
1.271400000000000000e+04
1.056880000000000000e+05
1.373240000000000000e+05
1.412030000000000000e+05
1.046400000000000000e+04
1.529720000000000000e+05
3.578900000000000000e+04
7.910700000000000000e+04
1.211380000000000000e+05
5.221200000000000000e+04
1.287690000000000000e+05
1.250430000000000000e+05
1.091680000000000000e+05
3.268300000000000000e+04
1.125600000000000000e+05
1.017520000000000000e+05
6.404800000000000000e+04
7.694400000000000000e+04
4.800000000000000000e+01
3.844400000000000000e+04
7.703300000000000000e+04
2.406100000000000000e+04
1.001740000000000000e+05
4.411100000000000000e+04
4.397400000000000000e+04
7.437200000000000000e+04
1.668530000000000000e+05
1.266440000000000000e+05
1.054130000000000000e+05
1.543620000000000000e+05
2.568500000000000000e+04
1.096940000000000000e+05
5.633000000000000000e+03
1.655250000000000000e+05
4.125600000000000000e+04
3.636000000000000000e+04
1.351120000000000000e+05
1.590710000000000000e+05
1.621760000000000000e+05
2.922100000000000000e+04
2.001600000000000000e+04
3.181200000000000000e+04
1.483200000000000000e+04
5.004700000000000000e+04
1.412700000000000000e+05
1.411180000000000000e+05
4.078400000000000000e+04
1.580380000000000000e+05
7.317200000000000000e+04
1.418760000000000000e+05
4.033300000000000000e+04
1.925400000000000000e+04
2.095500000000000000e+04
1.577890000000000000e+05
6.384200000000000000e+04
1.486130000000000000e+05
1.255700000000000000e+04
6.871000000000000000e+04
2.298400000000000000e+04
2.775000000000000000e+03
1.591030000000000000e+05
6.255600000000000000e+04
1.397000000000000000e+03
1.480050000000000000e+05
6.513900000000000000e+04
3.493800000000000000e+04
9.736300000000000000e+04
2.119000000000000000e+03
1.603190000000000000e+05
1.548790000000000000e+05
