1.487350000000000000e+05
3.999400000000000000e+04
9.957600000000000000e+04
6.647400000000000000e+04
2.404000000000000000e+03
1.364480000000000000e+05
9.629700000000000000e+04
8.869800000000000000e+04
8.943800000000000000e+04
7.626900000000000000e+04
1.069210000000000000e+05
1.438400000000000000e+05
1.285950000000000000e+05
1.510120000000000000e+05
7.515200000000000000e+04
8.361200000000000000e+04
1.615540000000000000e+05
2.707000000000000000e+03
1.034990000000000000e+05
1.154360000000000000e+05
5.211200000000000000e+04
1.405960000000000000e+05
8.971100000000000000e+04
2.008200000000000000e+04
4.286400000000000000e+04
1.946400000000000000e+04
1.163270000000000000e+05
2.034200000000000000e+04
1.130570000000000000e+05
1.107150000000000000e+05
1.059350000000000000e+05
1.134500000000000000e+04
9.889000000000000000e+04
8.031200000000000000e+04
5.407400000000000000e+04
1.028560000000000000e+05
8.335700000000000000e+04
3.218900000000000000e+04
1.263400000000000000e+04
1.061710000000000000e+05
2.931000000000000000e+04
5.583400000000000000e+04
3.824300000000000000e+04
8.026000000000000000e+03
1.670550000000000000e+05
1.085070000000000000e+05
1.664430000000000000e+05
8.820700000000000000e+04
7.860500000000000000e+04
2.786000000000000000e+04
4.517600000000000000e+04
2.267100000000000000e+04
4.518300000000000000e+04
1.160060000000000000e+05
9.680000000000000000e+04
1.417640000000000000e+05
1.294170000000000000e+05
1.510180000000000000e+05
1.955500000000000000e+04
3.708700000000000000e+04
4.523200000000000000e+04
3.599400000000000000e+04
1.529940000000000000e+05
1.026840000000000000e+05
1.583850000000000000e+05
1.447910000000000000e+05
9.470000000000000000e+03
5.147400000000000000e+04
6.000100000000000000e+04
1.647960000000000000e+05
6.742100000000000000e+04
7.919500000000000000e+04
7.595400000000000000e+04
5.539100000000000000e+04
1.681550000000000000e+05
1.199860000000000000e+05
1.436610000000000000e+05
1.685350000000000000e+05
1.507000000000000000e+05
9.784500000000000000e+04
6.311300000000000000e+04
1.807800000000000000e+04
1.478890000000000000e+05
7.475100000000000000e+04
1.465640000000000000e+05
1.319620000000000000e+05
3.919000000000000000e+03
7.696000000000000000e+04
1.514280000000000000e+05
7.399200000000000000e+04
1.606600000000000000e+04
8.880000000000000000e+04
9.307900000000000000e+04
4.124900000000000000e+04
1.557600000000000000e+05
1.053770000000000000e+05
8.626600000000000000e+04
1.995100000000000000e+04
1.482970000000000000e+05
3.750800000000000000e+04
6.511000000000000000e+03
8.775800000000000000e+04
7.690700000000000000e+04
8.384500000000000000e+04
9.635700000000000000e+04
9.098700000000000000e+04
7.033300000000000000e+04
1.604190000000000000e+05
9.698700000000000000e+04
1.159990000000000000e+05
1.492770000000000000e+05
1.270730000000000000e+05
7.898400000000000000e+04
7.191300000000000000e+04
8.847600000000000000e+04
7.565800000000000000e+04
2.046400000000000000e+04
1.371010000000000000e+05
1.650460000000000000e+05
1.764000000000000000e+03
1.371970000000000000e+05
1.198700000000000000e+05
2.479400000000000000e+04
4.200800000000000000e+04
1.350120000000000000e+05
7.403400000000000000e+04
3.187500000000000000e+04
1.544500000000000000e+05
1.490070000000000000e+05
1.205350000000000000e+05
7.005000000000000000e+04
2.921300000000000000e+04
9.188500000000000000e+04
1.331700000000000000e+04
1.673200000000000000e+04
1.286510000000000000e+05
7.354000000000000000e+03
1.623000000000000000e+03
1.317710000000000000e+05
1.339120000000000000e+05
1.309730000000000000e+05
3.321000000000000000e+03
1.207920000000000000e+05
1.343710000000000000e+05
3.124000000000000000e+03
2.796400000000000000e+04
5.458200000000000000e+04
5.138300000000000000e+04
5.549800000000000000e+04
4.852600000000000000e+04
1.316190000000000000e+05
1.538530000000000000e+05
8.252800000000000000e+04
1.304160000000000000e+05
9.035000000000000000e+04
2.214300000000000000e+04
3.356600000000000000e+04
4.295800000000000000e+04
6.996900000000000000e+04
8.603200000000000000e+04
4.393300000000000000e+04
5.214600000000000000e+04
1.091150000000000000e+05
1.586290000000000000e+05
1.073880000000000000e+05
7.093700000000000000e+04
1.430850000000000000e+05
2.751500000000000000e+04
6.741500000000000000e+04
1.324010000000000000e+05
3.804900000000000000e+04
3.432000000000000000e+04
3.910000000000000000e+02
8.076200000000000000e+04
8.035600000000000000e+04
1.097990000000000000e+05
1.191400000000000000e+05
1.811200000000000000e+04
7.573100000000000000e+04
1.860900000000000000e+04
3.503100000000000000e+04
9.759900000000000000e+04
2.691600000000000000e+04
1.522390000000000000e+05
8.416200000000000000e+04
6.157500000000000000e+04
1.186700000000000000e+04
1.319500000000000000e+05
1.365150000000000000e+05
5.883000000000000000e+03
2.285700000000000000e+04
1.350330000000000000e+05
1.354350000000000000e+05
8.221800000000000000e+04
5.413200000000000000e+04
8.688800000000000000e+04
6.256300000000000000e+04
8.436800000000000000e+04
1.018870000000000000e+05
6.013100000000000000e+04
1.155810000000000000e+05
1.449850000000000000e+05
9.549100000000000000e+04
1.582330000000000000e+05
1.590460000000000000e+05
3.184300000000000000e+04
1.890800000000000000e+04
1.184110000000000000e+05
1.038610000000000000e+05
1.140380000000000000e+05
6.126500000000000000e+04
1.415560000000000000e+05
1.646670000000000000e+05
1.086370000000000000e+05
3.960600000000000000e+04
6.500900000000000000e+04
3.684900000000000000e+04
5.785400000000000000e+04
3.915800000000000000e+04
1.710300000000000000e+04
8.053700000000000000e+04
2.932300000000000000e+04
3.068300000000000000e+04
1.159980000000000000e+05
1.466690000000000000e+05
8.302900000000000000e+04
1.410000000000000000e+02
3.237500000000000000e+04
1.458570000000000000e+05
1.199790000000000000e+05
3.659700000000000000e+04
1.590450000000000000e+05
6.189000000000000000e+04
1.630200000000000000e+05
1.482800000000000000e+04
1.488820000000000000e+05
6.771000000000000000e+03
4.791200000000000000e+04
4.078100000000000000e+04
5.761200000000000000e+04
1.435780000000000000e+05
4.680200000000000000e+04
4.225400000000000000e+04
5.848900000000000000e+04
7.961000000000000000e+03
1.326960000000000000e+05
8.697600000000000000e+04
2.136100000000000000e+04
1.594670000000000000e+05
2.026100000000000000e+04
5.100000000000000000e+01
1.467440000000000000e+05
6.697700000000000000e+04
1.257110000000000000e+05
1.386570000000000000e+05
7.531600000000000000e+04
6.736400000000000000e+04
1.419100000000000000e+05
6.438600000000000000e+04
1.067790000000000000e+05
3.712100000000000000e+04
3.716900000000000000e+04
1.296400000000000000e+05
1.672220000000000000e+05
8.844000000000000000e+04
1.091010000000000000e+05
1.088630000000000000e+05
2.282500000000000000e+04
5.695800000000000000e+04
7.456800000000000000e+04
3.860600000000000000e+04
4.432000000000000000e+03
1.497860000000000000e+05
1.047230000000000000e+05
1.309700000000000000e+05
1.243120000000000000e+05
1.000630000000000000e+05
1.168440000000000000e+05
1.621450000000000000e+05
2.947900000000000000e+04
1.315100000000000000e+05
1.091280000000000000e+05
3.721600000000000000e+04
1.033240000000000000e+05
1.466210000000000000e+05
1.405030000000000000e+05
1.452010000000000000e+05
3.450500000000000000e+04
6.230900000000000000e+04
1.034300000000000000e+05
6.385900000000000000e+04
9.534900000000000000e+04
1.632860000000000000e+05
1.178890000000000000e+05
3.417000000000000000e+03
4.711800000000000000e+04
1.408720000000000000e+05
2.264200000000000000e+04
1.252760000000000000e+05
1.315720000000000000e+05
1.031460000000000000e+05
8.359100000000000000e+04
1.379810000000000000e+05
8.751300000000000000e+04
1.168100000000000000e+04
7.765000000000000000e+03
7.985600000000000000e+04
4.385600000000000000e+04
2.941500000000000000e+04
1.371600000000000000e+05
1.863500000000000000e+04
4.977700000000000000e+04
1.521640000000000000e+05
1.873400000000000000e+04
5.030300000000000000e+04
1.279800000000000000e+04
6.068600000000000000e+04
1.385880000000000000e+05
4.202600000000000000e+04
5.925700000000000000e+04
1.108920000000000000e+05
2.537200000000000000e+04
1.039300000000000000e+04
1.681900000000000000e+05
1.466800000000000000e+04
1.579020000000000000e+05
1.286730000000000000e+05
1.202700000000000000e+04
6.467900000000000000e+04
1.183160000000000000e+05
7.855600000000000000e+04
1.087130000000000000e+05
4.512800000000000000e+04
4.114800000000000000e+04
5.987000000000000000e+04
1.344520000000000000e+05
9.030700000000000000e+04
9.515200000000000000e+04
9.279900000000000000e+04
1.600900000000000000e+05
1.390120000000000000e+05
4.594800000000000000e+04
4.244600000000000000e+04
1.412120000000000000e+05
7.625000000000000000e+04
3.975500000000000000e+04
5.406700000000000000e+04
1.126100000000000000e+05
1.472700000000000000e+04
2.786000000000000000e+03
7.832200000000000000e+04
1.391950000000000000e+05
1.020400000000000000e+05
1.456990000000000000e+05
1.098130000000000000e+05
9.013000000000000000e+04
7.815400000000000000e+04
1.199270000000000000e+05
1.590840000000000000e+05
1.051500000000000000e+04
1.230940000000000000e+05
7.547000000000000000e+04
8.675200000000000000e+04
1.603600000000000000e+04
1.075220000000000000e+05
8.223100000000000000e+04
4.791600000000000000e+04
1.282870000000000000e+05
1.259310000000000000e+05
1.324100000000000000e+04
1.107420000000000000e+05
1.202850000000000000e+05
1.377140000000000000e+05
8.469000000000000000e+04
1.306540000000000000e+05
3.857100000000000000e+04
9.424400000000000000e+04
1.270330000000000000e+05
1.017750000000000000e+05
1.545550000000000000e+05
1.592870000000000000e+05
1.650030000000000000e+05
9.293000000000000000e+04
6.394800000000000000e+04
1.456370000000000000e+05
5.733000000000000000e+04
3.198000000000000000e+04
9.730600000000000000e+04
6.011000000000000000e+04
6.901700000000000000e+04
8.038400000000000000e+04
9.874100000000000000e+04
2.296800000000000000e+04
1.412080000000000000e+05
1.501730000000000000e+05
4.504800000000000000e+04
4.790600000000000000e+04
1.042050000000000000e+05
1.583600000000000000e+05
4.075000000000000000e+04
6.743900000000000000e+04
1.158200000000000000e+05
5.453500000000000000e+04
5.653100000000000000e+04
1.659040000000000000e+05
1.497600000000000000e+05
3.539900000000000000e+04
1.440790000000000000e+05
5.839500000000000000e+04
1.050110000000000000e+05
7.007100000000000000e+04
1.663400000000000000e+05
5.991600000000000000e+04
4.643300000000000000e+04
6.455900000000000000e+04
7.177800000000000000e+04
1.166200000000000000e+05
1.380000000000000000e+02
4.923000000000000000e+04
1.134340000000000000e+05
5.928500000000000000e+04
1.299010000000000000e+05
1.500140000000000000e+05
1.516840000000000000e+05
9.814300000000000000e+04
7.567200000000000000e+04
1.305510000000000000e+05
1.479930000000000000e+05
1.414080000000000000e+05
8.614800000000000000e+04
2.611400000000000000e+04
5.688900000000000000e+04
1.624620000000000000e+05
1.554660000000000000e+05
4.843900000000000000e+04
1.056740000000000000e+05
4.710300000000000000e+04
4.736400000000000000e+04
1.033160000000000000e+05
7.523800000000000000e+04
5.875000000000000000e+04
1.681600000000000000e+05
4.141100000000000000e+04
5.403200000000000000e+04
1.065200000000000000e+04
1.350210000000000000e+05
4.712600000000000000e+04
3.010700000000000000e+04
1.027200000000000000e+05
1.119850000000000000e+05
1.280000000000000000e+04
5.558900000000000000e+04
1.326810000000000000e+05
1.572010000000000000e+05
1.414400000000000000e+04
1.568330000000000000e+05
6.649700000000000000e+04
1.161560000000000000e+05
3.559400000000000000e+04
6.712900000000000000e+04
1.368000000000000000e+03
5.749500000000000000e+04
9.966800000000000000e+04
6.531300000000000000e+04
6.292600000000000000e+04
1.146250000000000000e+05
2.584500000000000000e+04
2.616500000000000000e+04
2.537400000000000000e+04
2.861200000000000000e+04
1.493500000000000000e+04
1.452020000000000000e+05
6.310600000000000000e+04
9.409400000000000000e+04
1.184540000000000000e+05
1.628180000000000000e+05
1.389880000000000000e+05
9.801400000000000000e+04
4.779900000000000000e+04
6.090200000000000000e+04
2.107300000000000000e+04
8.224300000000000000e+04
1.190250000000000000e+05
1.153310000000000000e+05
2.492100000000000000e+04
3.790000000000000000e+04
1.566630000000000000e+05
2.573400000000000000e+04
5.449400000000000000e+04
1.494080000000000000e+05
5.180000000000000000e+02
1.243400000000000000e+05
7.794100000000000000e+04
1.009600000000000000e+04
1.054260000000000000e+05
1.063410000000000000e+05
2.797200000000000000e+04
1.296430000000000000e+05
1.045620000000000000e+05
1.283100000000000000e+05
9.328700000000000000e+04
1.485250000000000000e+05
3.450800000000000000e+04
1.408500000000000000e+04
1.523030000000000000e+05
4.273100000000000000e+04
1.331300000000000000e+05
7.830200000000000000e+04
7.998900000000000000e+04
1.644700000000000000e+05
6.913000000000000000e+04
3.123700000000000000e+04
1.063120000000000000e+05
1.535030000000000000e+05
1.230330000000000000e+05
1.192900000000000000e+04
1.073280000000000000e+05
5.801700000000000000e+04
4.645700000000000000e+04
1.493830000000000000e+05
1.643320000000000000e+05
7.059100000000000000e+04
1.084700000000000000e+05
2.385700000000000000e+04
3.585800000000000000e+04
3.578600000000000000e+04
1.320140000000000000e+05
2.338000000000000000e+03
1.318610000000000000e+05
6.559000000000000000e+03
1.411500000000000000e+05
1.124990000000000000e+05
1.035280000000000000e+05
1.662930000000000000e+05
1.679600000000000000e+04
3.583700000000000000e+04
5.330100000000000000e+04
1.464860000000000000e+05
1.053440000000000000e+05
9.634600000000000000e+04
6.509100000000000000e+04
5.168800000000000000e+04
6.070900000000000000e+04
7.004500000000000000e+04
4.079500000000000000e+04
7.600900000000000000e+04
1.563760000000000000e+05
1.941400000000000000e+04
1.263160000000000000e+05
4.272300000000000000e+04
1.141670000000000000e+05
1.507910000000000000e+05
1.370880000000000000e+05
1.346860000000000000e+05
1.051300000000000000e+04
1.543800000000000000e+04
3.280000000000000000e+02
1.635590000000000000e+05
6.893800000000000000e+04
9.140000000000000000e+04
1.656840000000000000e+05
7.440200000000000000e+04
4.726600000000000000e+04
1.523140000000000000e+05
8.025000000000000000e+03
2.169500000000000000e+04
5.721000000000000000e+04
3.962800000000000000e+04
1.481940000000000000e+05
1.286060000000000000e+05
1.243240000000000000e+05
8.336100000000000000e+04
5.886400000000000000e+04
7.781000000000000000e+03
5.133100000000000000e+04
1.183200000000000000e+04
1.087180000000000000e+05
1.179970000000000000e+05
1.068400000000000000e+05
1.071500000000000000e+04
2.452200000000000000e+04
8.953700000000000000e+04
1.688730000000000000e+05
1.609000000000000000e+05
1.068610000000000000e+05
6.651900000000000000e+04
5.989800000000000000e+04
8.044000000000000000e+04
1.208900000000000000e+05
6.549400000000000000e+04
1.043630000000000000e+05
2.198000000000000000e+03
5.587900000000000000e+04
6.921800000000000000e+04
8.383200000000000000e+04
1.234560000000000000e+05
1.224120000000000000e+05
2.098300000000000000e+04
8.334400000000000000e+04
9.378400000000000000e+04
1.144210000000000000e+05
1.044720000000000000e+05
6.691000000000000000e+04
1.145130000000000000e+05
1.021600000000000000e+05
1.121960000000000000e+05
8.485700000000000000e+04
1.137930000000000000e+05
2.139900000000000000e+04
7.573500000000000000e+04
8.873300000000000000e+04
2.805700000000000000e+04
9.239900000000000000e+04
8.089200000000000000e+04
1.643900000000000000e+05
1.544820000000000000e+05
7.004700000000000000e+04
1.251860000000000000e+05
7.070000000000000000e+02
1.547540000000000000e+05
1.049030000000000000e+05
4.598800000000000000e+04
8.816600000000000000e+04
4.866800000000000000e+04
3.023300000000000000e+04
4.867300000000000000e+04
5.047400000000000000e+04
1.284300000000000000e+05
3.071800000000000000e+04
1.175000000000000000e+04
1.004920000000000000e+05
9.873000000000000000e+03
7.973600000000000000e+04
3.748300000000000000e+04
1.214000000000000000e+05
5.185400000000000000e+04
9.533700000000000000e+04
1.559450000000000000e+05
1.306180000000000000e+05
1.300000000000000000e+02
1.685120000000000000e+05
7.016000000000000000e+03
7.392900000000000000e+04
2.419500000000000000e+04
5.712500000000000000e+04
3.006800000000000000e+04
1.223260000000000000e+05
5.369900000000000000e+04
1.205400000000000000e+04
9.237600000000000000e+04
1.390160000000000000e+05
6.734500000000000000e+04
1.338230000000000000e+05
3.274100000000000000e+04
3.208400000000000000e+04
1.434600000000000000e+05
1.273240000000000000e+05
1.511170000000000000e+05
1.166420000000000000e+05
1.687130000000000000e+05
1.128500000000000000e+05
1.106500000000000000e+04
9.540100000000000000e+04
2.354200000000000000e+04
4.889900000000000000e+04
2.401000000000000000e+04
1.191940000000000000e+05
3.452800000000000000e+04
1.624110000000000000e+05
1.209550000000000000e+05
1.622810000000000000e+05
1.533890000000000000e+05
3.840000000000000000e+03
5.743400000000000000e+04
1.020820000000000000e+05
1.684800000000000000e+05
1.332150000000000000e+05
1.299370000000000000e+05
1.370070000000000000e+05
8.268100000000000000e+04
1.529890000000000000e+05
1.523930000000000000e+05
6.056300000000000000e+04
6.059900000000000000e+04
7.971100000000000000e+04
1.054750000000000000e+05
1.289000000000000000e+05
1.624690000000000000e+05
1.280060000000000000e+05
1.449760000000000000e+05
1.495640000000000000e+05
3.450900000000000000e+04
3.660600000000000000e+04
9.663900000000000000e+04
1.059600000000000000e+04
9.447900000000000000e+04
1.458260000000000000e+05
1.417520000000000000e+05
9.477900000000000000e+04
2.770300000000000000e+04
1.371120000000000000e+05
1.409770000000000000e+05
1.319360000000000000e+05
5.134500000000000000e+04
4.425600000000000000e+04
3.748400000000000000e+04
1.036420000000000000e+05
7.175700000000000000e+04
1.516500000000000000e+04
2.121000000000000000e+03
4.955500000000000000e+04
4.338700000000000000e+04
8.698100000000000000e+04
1.512160000000000000e+05
1.325320000000000000e+05
1.561600000000000000e+04
8.333700000000000000e+04
1.266500000000000000e+04
5.581900000000000000e+04
3.348500000000000000e+04
1.295550000000000000e+05
9.680000000000000000e+03
1.099140000000000000e+05
1.688530000000000000e+05
1.311850000000000000e+05
1.242270000000000000e+05
6.820700000000000000e+04
9.971700000000000000e+04
3.741600000000000000e+04
2.134000000000000000e+03
9.372700000000000000e+04
5.185200000000000000e+04
5.467100000000000000e+04
6.133500000000000000e+04
3.936100000000000000e+04
5.766000000000000000e+04
2.436400000000000000e+04
1.618480000000000000e+05
1.019120000000000000e+05
1.432350000000000000e+05
2.070900000000000000e+04
1.689830000000000000e+05
1.160650000000000000e+05
1.443980000000000000e+05
1.283520000000000000e+05
6.612600000000000000e+04
7.226000000000000000e+03
7.177700000000000000e+04
1.337750000000000000e+05
7.201100000000000000e+04
5.050900000000000000e+04
1.251170000000000000e+05
1.522580000000000000e+05
1.605590000000000000e+05
3.313100000000000000e+04
1.671200000000000000e+05
1.418660000000000000e+05
1.594770000000000000e+05
1.085640000000000000e+05
7.963400000000000000e+04
9.034000000000000000e+04
9.534400000000000000e+04
3.029200000000000000e+04
1.141740000000000000e+05
1.360640000000000000e+05
5.453600000000000000e+04
7.240400000000000000e+04
3.643000000000000000e+03
1.327810000000000000e+05
1.226800000000000000e+05
9.615800000000000000e+04
4.963400000000000000e+04
4.057700000000000000e+04
1.333780000000000000e+05
1.365820000000000000e+05
1.349760000000000000e+05
3.077000000000000000e+04
1.257740000000000000e+05
1.325540000000000000e+05
1.284800000000000000e+05
1.510690000000000000e+05
1.523130000000000000e+05
2.180900000000000000e+04
1.325800000000000000e+05
1.437100000000000000e+04
1.155700000000000000e+04
8.445300000000000000e+04
5.555800000000000000e+04
9.329000000000000000e+03
1.048000000000000000e+03
1.152700000000000000e+05
7.062800000000000000e+04
7.890000000000000000e+02
1.143530000000000000e+05
1.733300000000000000e+04
1.133430000000000000e+05
8.843400000000000000e+04
5.507900000000000000e+04
1.585530000000000000e+05
1.311900000000000000e+05
9.956000000000000000e+03
9.306400000000000000e+04
1.106960000000000000e+05
2.556900000000000000e+04
9.396300000000000000e+04
6.632000000000000000e+03
1.403360000000000000e+05
3.183900000000000000e+04
5.679100000000000000e+04
5.722400000000000000e+04
2.415100000000000000e+04
5.334600000000000000e+04
5.250000000000000000e+04
6.519100000000000000e+04
1.744500000000000000e+04
1.359260000000000000e+05
1.734800000000000000e+04
4.847100000000000000e+04
2.097500000000000000e+04
1.088030000000000000e+05
2.869800000000000000e+04
1.120600000000000000e+04
9.061000000000000000e+04
1.339950000000000000e+05
2.417000000000000000e+04
6.238900000000000000e+04
1.047200000000000000e+04
1.002130000000000000e+05
1.191490000000000000e+05
1.558930000000000000e+05
5.805500000000000000e+04
7.821700000000000000e+04
9.403700000000000000e+04
6.329600000000000000e+04
7.586300000000000000e+04
8.042000000000000000e+03
7.164100000000000000e+04
1.209080000000000000e+05
6.339700000000000000e+04
2.938200000000000000e+04
6.237100000000000000e+04
1.340080000000000000e+05
3.679200000000000000e+04
5.328600000000000000e+04
7.562900000000000000e+04
1.630410000000000000e+05
4.956900000000000000e+04
1.485580000000000000e+05
2.469900000000000000e+04
1.172600000000000000e+05
3.663400000000000000e+04
1.181340000000000000e+05
1.556230000000000000e+05
6.210200000000000000e+04
9.585400000000000000e+04
1.286270000000000000e+05
1.173170000000000000e+05
1.336450000000000000e+05
1.013120000000000000e+05
1.516710000000000000e+05
1.333170000000000000e+05
1.140200000000000000e+05
8.347900000000000000e+04
3.456600000000000000e+04
7.403500000000000000e+04
1.421140000000000000e+05
1.380440000000000000e+05
4.097100000000000000e+04
4.569900000000000000e+04
1.402900000000000000e+05
2.838000000000000000e+04
5.085500000000000000e+04
2.300400000000000000e+04
6.793700000000000000e+04
1.473060000000000000e+05
1.253790000000000000e+05
1.589980000000000000e+05
1.345750000000000000e+05
1.464800000000000000e+05
1.358200000000000000e+05
5.374800000000000000e+04
1.307200000000000000e+04
1.063300000000000000e+05
4.252000000000000000e+03
1.311830000000000000e+05
1.061990000000000000e+05
1.169600000000000000e+04
1.804400000000000000e+04
1.577770000000000000e+05
6.379000000000000000e+04
7.419300000000000000e+04
8.984200000000000000e+04
1.015800000000000000e+05
8.613000000000000000e+04
1.272700000000000000e+04
7.807000000000000000e+03
7.920800000000000000e+04
1.650800000000000000e+04
1.192220000000000000e+05
6.769700000000000000e+04
1.098730000000000000e+05
9.144900000000000000e+04
5.456700000000000000e+04
1.178410000000000000e+05
9.617000000000000000e+03
1.677650000000000000e+05
1.414930000000000000e+05
3.589000000000000000e+04
4.045000000000000000e+03
9.740700000000000000e+04
1.618160000000000000e+05
7.948000000000000000e+04
1.075750000000000000e+05
1.264690000000000000e+05
1.523430000000000000e+05
1.398720000000000000e+05
3.205900000000000000e+04
5.722600000000000000e+04
1.098620000000000000e+05
3.942000000000000000e+04
1.438620000000000000e+05
1.438650000000000000e+05
6.198000000000000000e+04
8.893400000000000000e+04
7.291100000000000000e+04
1.572360000000000000e+05
5.129800000000000000e+04
1.288670000000000000e+05
2.140900000000000000e+04
8.602500000000000000e+04
9.003600000000000000e+04
1.397070000000000000e+05
1.596480000000000000e+05
1.019920000000000000e+05
1.129130000000000000e+05
3.504000000000000000e+03
6.077300000000000000e+04
2.003600000000000000e+04
6.921300000000000000e+04
1.616390000000000000e+05
1.480140000000000000e+05
1.580160000000000000e+05
1.160890000000000000e+05
1.484160000000000000e+05
1.026460000000000000e+05
1.262180000000000000e+05
1.120610000000000000e+05
1.601750000000000000e+05
9.485500000000000000e+04
3.994800000000000000e+04
4.071400000000000000e+04
1.018620000000000000e+05
8.709500000000000000e+04
8.438000000000000000e+04
1.191390000000000000e+05
3.139100000000000000e+04
9.408900000000000000e+04
1.297690000000000000e+05
1.357980000000000000e+05
2.206000000000000000e+04
1.306610000000000000e+05
