1.407930000000000000e+05
2.023700000000000000e+04
4.898000000000000000e+04
2.716500000000000000e+04
5.913000000000000000e+03
2.539700000000000000e+04
1.442340000000000000e+05
6.762300000000000000e+04
1.366590000000000000e+05
9.732000000000000000e+04
1.632320000000000000e+05
9.432700000000000000e+04
8.053400000000000000e+04
5.940600000000000000e+04
5.684600000000000000e+04
1.325500000000000000e+04
1.787300000000000000e+04
4.627500000000000000e+04
1.194010000000000000e+05
1.522800000000000000e+04
1.373740000000000000e+05
7.282800000000000000e+04
1.442110000000000000e+05
2.635400000000000000e+04
8.384900000000000000e+04
1.071380000000000000e+05
1.552220000000000000e+05
8.543300000000000000e+04
2.430800000000000000e+04
2.623100000000000000e+04
1.235760000000000000e+05
2.454000000000000000e+03
8.368400000000000000e+04
6.363400000000000000e+04
1.145880000000000000e+05
4.196300000000000000e+04
1.559560000000000000e+05
8.369800000000000000e+04
1.479530000000000000e+05
1.074160000000000000e+05
1.435530000000000000e+05
4.853200000000000000e+04
1.636000000000000000e+04
9.329500000000000000e+04
4.839100000000000000e+04
1.389640000000000000e+05
1.379730000000000000e+05
2.375600000000000000e+04
8.264300000000000000e+04
5.817300000000000000e+04
2.556700000000000000e+04
1.037260000000000000e+05
1.354240000000000000e+05
6.567100000000000000e+04
1.523900000000000000e+04
1.474760000000000000e+05
2.447000000000000000e+04
3.302200000000000000e+04
6.270000000000000000e+02
1.357900000000000000e+04
7.650400000000000000e+04
5.623700000000000000e+04
2.559800000000000000e+04
3.753700000000000000e+04
5.697100000000000000e+04
1.834100000000000000e+04
6.092200000000000000e+04
1.253310000000000000e+05
6.980000000000000000e+02
8.021000000000000000e+03
1.011420000000000000e+05
4.693500000000000000e+04
9.729500000000000000e+04
6.445000000000000000e+04
1.388230000000000000e+05
4.702000000000000000e+04
9.717600000000000000e+04
5.697800000000000000e+04
1.004690000000000000e+05
1.149560000000000000e+05
6.086300000000000000e+04
1.450670000000000000e+05
1.422900000000000000e+04
2.901000000000000000e+03
1.657650000000000000e+05
6.427700000000000000e+04
4.196000000000000000e+03
1.524680000000000000e+05
7.542300000000000000e+04
1.144520000000000000e+05
8.117900000000000000e+04
4.148800000000000000e+04
9.792000000000000000e+04
3.531500000000000000e+04
9.041000000000000000e+03
5.978800000000000000e+04
2.100800000000000000e+04
5.376700000000000000e+04
1.051530000000000000e+05
8.193100000000000000e+04
4.999700000000000000e+04
4.743900000000000000e+04
3.742000000000000000e+04
6.627000000000000000e+04
1.343640000000000000e+05
1.289770000000000000e+05
1.452040000000000000e+05
1.230800000000000000e+04
1.017840000000000000e+05
1.563300000000000000e+04
5.122900000000000000e+04
1.322650000000000000e+05
1.620770000000000000e+05
7.892800000000000000e+04
1.110230000000000000e+05
8.148800000000000000e+04
7.502000000000000000e+04
1.414740000000000000e+05
9.467800000000000000e+04
1.501860000000000000e+05
1.084500000000000000e+05
4.731800000000000000e+04
8.458100000000000000e+04
1.226440000000000000e+05
1.674690000000000000e+05
4.006500000000000000e+04
9.597000000000000000e+03
9.003000000000000000e+03
7.745400000000000000e+04
9.858600000000000000e+04
9.586700000000000000e+04
1.149630000000000000e+05
1.280880000000000000e+05
5.874000000000000000e+03
9.587900000000000000e+04
1.582800000000000000e+04
3.377400000000000000e+04
1.870100000000000000e+04
8.449500000000000000e+04
3.770600000000000000e+04
3.429400000000000000e+04
6.078000000000000000e+04
1.476320000000000000e+05
1.679000000000000000e+05
2.708600000000000000e+04
1.115950000000000000e+05
1.582620000000000000e+05
1.500530000000000000e+05
8.384100000000000000e+04
8.413700000000000000e+04
5.047000000000000000e+03
8.407300000000000000e+04
1.210460000000000000e+05
1.213480000000000000e+05
7.146600000000000000e+04
6.302500000000000000e+04
8.677200000000000000e+04
1.652000000000000000e+04
3.512000000000000000e+03
5.441500000000000000e+04
1.627270000000000000e+05
1.559070000000000000e+05
1.322480000000000000e+05
3.943800000000000000e+04
6.920000000000000000e+02
1.113170000000000000e+05
1.231100000000000000e+04
1.586200000000000000e+05
3.565500000000000000e+04
5.380300000000000000e+04
6.619100000000000000e+04
7.678700000000000000e+04
5.827300000000000000e+04
8.868000000000000000e+04
6.090100000000000000e+04
9.747900000000000000e+04
1.382830000000000000e+05
1.145530000000000000e+05
9.130800000000000000e+04
9.427300000000000000e+04
1.420610000000000000e+05
3.243100000000000000e+04
1.232100000000000000e+04
1.514490000000000000e+05
1.333740000000000000e+05
1.226470000000000000e+05
8.312700000000000000e+04
6.749400000000000000e+04
1.427310000000000000e+05
8.863100000000000000e+04
2.651700000000000000e+04
1.531200000000000000e+04
1.606820000000000000e+05
9.910000000000000000e+04
5.095700000000000000e+04
9.407900000000000000e+04
1.691200000000000000e+05
1.080720000000000000e+05
1.452050000000000000e+05
4.643000000000000000e+03
5.651600000000000000e+04
9.985800000000000000e+04
2.862700000000000000e+04
6.490300000000000000e+04
8.452300000000000000e+04
1.607800000000000000e+05
1.627790000000000000e+05
1.025100000000000000e+05
1.217410000000000000e+05
4.222900000000000000e+04
9.339200000000000000e+04
1.129820000000000000e+05
7.290000000000000000e+03
1.321270000000000000e+05
5.459600000000000000e+04
1.644250000000000000e+05
2.755300000000000000e+04
1.215090000000000000e+05
3.827500000000000000e+04
1.516000000000000000e+04
5.025800000000000000e+04
1.057820000000000000e+05
1.364310000000000000e+05
1.105410000000000000e+05
3.359400000000000000e+04
7.162600000000000000e+04
1.607580000000000000e+05
2.655000000000000000e+04
1.127670000000000000e+05
1.200080000000000000e+05
1.443140000000000000e+05
1.985700000000000000e+04
2.484000000000000000e+03
1.676000000000000000e+04
1.459690000000000000e+05
7.981700000000000000e+04
1.172430000000000000e+05
1.387390000000000000e+05
8.199200000000000000e+04
8.122400000000000000e+04
1.581500000000000000e+05
5.287000000000000000e+03
1.188770000000000000e+05
1.360390000000000000e+05
9.763200000000000000e+04
9.446500000000000000e+04
8.909400000000000000e+04
1.030230000000000000e+05
9.076700000000000000e+04
9.189700000000000000e+04
1.686010000000000000e+05
2.547000000000000000e+04
7.444700000000000000e+04
8.497400000000000000e+04
1.463020000000000000e+05
1.574720000000000000e+05
8.587500000000000000e+04
7.341700000000000000e+04
1.025550000000000000e+05
7.513700000000000000e+04
1.138560000000000000e+05
9.353000000000000000e+03
3.902500000000000000e+04
1.632090000000000000e+05
1.670330000000000000e+05
5.745700000000000000e+04
1.394920000000000000e+05
1.436110000000000000e+05
1.210910000000000000e+05
9.907500000000000000e+04
6.294000000000000000e+03
1.517200000000000000e+04
1.540400000000000000e+05
1.474470000000000000e+05
1.071240000000000000e+05
9.771300000000000000e+04
1.637240000000000000e+05
1.323170000000000000e+05
1.118520000000000000e+05
8.276500000000000000e+04
1.230230000000000000e+05
9.922600000000000000e+04
1.586320000000000000e+05
9.514000000000000000e+04
7.792600000000000000e+04
2.238300000000000000e+04
7.761200000000000000e+04
2.234900000000000000e+04
1.170610000000000000e+05
5.155000000000000000e+04
1.639300000000000000e+05
1.639130000000000000e+05
1.022140000000000000e+05
6.693500000000000000e+04
6.484400000000000000e+04
1.579230000000000000e+05
1.393220000000000000e+05
4.485700000000000000e+04
1.477620000000000000e+05
1.054010000000000000e+05
6.159400000000000000e+04
1.161540000000000000e+05
1.431700000000000000e+04
1.491880000000000000e+05
1.565400000000000000e+04
2.978000000000000000e+04
6.819900000000000000e+04
3.501100000000000000e+04
1.367340000000000000e+05
8.186200000000000000e+04
8.673400000000000000e+04
1.703100000000000000e+04
4.145200000000000000e+04
1.588290000000000000e+05
2.804000000000000000e+03
4.299700000000000000e+04
1.370420000000000000e+05
9.589800000000000000e+04
4.976000000000000000e+04
7.634300000000000000e+04
8.528800000000000000e+04
1.287440000000000000e+05
6.898100000000000000e+04
5.493200000000000000e+04
8.192400000000000000e+04
4.357900000000000000e+04
1.036900000000000000e+05
4.025400000000000000e+04
4.221600000000000000e+04
4.918200000000000000e+04
4.529900000000000000e+04
7.875800000000000000e+04
4.603000000000000000e+03
1.269360000000000000e+05
9.125500000000000000e+04
1.586520000000000000e+05
5.817900000000000000e+04
1.588230000000000000e+05
3.382900000000000000e+04
1.299970000000000000e+05
1.220140000000000000e+05
1.070690000000000000e+05
1.969100000000000000e+04
1.538670000000000000e+05
1.685570000000000000e+05
6.164900000000000000e+04
6.405400000000000000e+04
9.781300000000000000e+04
9.075400000000000000e+04
5.306500000000000000e+04
1.051900000000000000e+05
1.496300000000000000e+05
9.256700000000000000e+04
1.349320000000000000e+05
1.194910000000000000e+05
1.189090000000000000e+05
4.812000000000000000e+04
5.520800000000000000e+04
5.031500000000000000e+04
7.336000000000000000e+04
1.535930000000000000e+05
3.469000000000000000e+04
2.243000000000000000e+04
6.291500000000000000e+04
1.233730000000000000e+05
9.496100000000000000e+04
1.359520000000000000e+05
6.782300000000000000e+04
2.599200000000000000e+04
1.596680000000000000e+05
6.721100000000000000e+04
1.531720000000000000e+05
5.268900000000000000e+04
7.621500000000000000e+04
9.923900000000000000e+04
5.373600000000000000e+04
5.491300000000000000e+04
4.546900000000000000e+04
5.036300000000000000e+04
1.561360000000000000e+05
1.349700000000000000e+05
1.642460000000000000e+05
1.401600000000000000e+04
1.377480000000000000e+05
8.805100000000000000e+04
1.652690000000000000e+05
1.367240000000000000e+05
3.220000000000000000e+03
8.839000000000000000e+03
1.378000000000000000e+03
8.065200000000000000e+04
9.230300000000000000e+04
8.141100000000000000e+04
1.040890000000000000e+05
1.257560000000000000e+05
3.206800000000000000e+04
1.724000000000000000e+04
1.232970000000000000e+05
7.854500000000000000e+04
8.017900000000000000e+04
1.221870000000000000e+05
2.351700000000000000e+04
1.567400000000000000e+04
1.017730000000000000e+05
1.408020000000000000e+05
1.374650000000000000e+05
7.190000000000000000e+02
4.510900000000000000e+04
1.280220000000000000e+05
1.496030000000000000e+05
1.122930000000000000e+05
1.114800000000000000e+05
5.344600000000000000e+04
1.555440000000000000e+05
8.451600000000000000e+04
1.105160000000000000e+05
8.333000000000000000e+04
1.262750000000000000e+05
5.647500000000000000e+04
8.272000000000000000e+04
1.466750000000000000e+05
4.685100000000000000e+04
8.135300000000000000e+04
5.343600000000000000e+04
1.077890000000000000e+05
1.521550000000000000e+05
1.022770000000000000e+05
1.630670000000000000e+05
3.765700000000000000e+04
2.460700000000000000e+04
1.281060000000000000e+05
8.074900000000000000e+04
1.439000000000000000e+03
1.296140000000000000e+05
1.492110000000000000e+05
5.238400000000000000e+04
1.062510000000000000e+05
5.465200000000000000e+04
9.924300000000000000e+04
1.084740000000000000e+05
7.071300000000000000e+04
1.017320000000000000e+05
1.381700000000000000e+05
9.697500000000000000e+04
4.383800000000000000e+04
1.276110000000000000e+05
8.799300000000000000e+04
2.850100000000000000e+04
1.149460000000000000e+05
9.131700000000000000e+04
1.584800000000000000e+04
9.205100000000000000e+04
4.021100000000000000e+04
8.111200000000000000e+04
9.697100000000000000e+04
1.252900000000000000e+05
8.986200000000000000e+04
1.494700000000000000e+05
1.678830000000000000e+05
9.775000000000000000e+04
1.682200000000000000e+04
1.469290000000000000e+05
7.223300000000000000e+04
9.063700000000000000e+04
1.678730000000000000e+05
4.138700000000000000e+04
9.798300000000000000e+04
1.118690000000000000e+05
1.896600000000000000e+04
4.179100000000000000e+04
9.675200000000000000e+04
3.414000000000000000e+04
6.489600000000000000e+04
2.439100000000000000e+04
9.785500000000000000e+04
1.776000000000000000e+04
1.274800000000000000e+05
1.216210000000000000e+05
1.362370000000000000e+05
6.034100000000000000e+04
5.019000000000000000e+04
7.788600000000000000e+04
6.971200000000000000e+04
1.341100000000000000e+05
6.235000000000000000e+03
7.024500000000000000e+04
3.807000000000000000e+03
5.610600000000000000e+04
9.355300000000000000e+04
1.025890000000000000e+05
1.482100000000000000e+04
6.180900000000000000e+04
2.239700000000000000e+04
1.703000000000000000e+04
4.305500000000000000e+04
4.696100000000000000e+04
7.465000000000000000e+03
1.209350000000000000e+05
8.530900000000000000e+04
1.012470000000000000e+05
4.900200000000000000e+04
1.607410000000000000e+05
9.037600000000000000e+04
1.177620000000000000e+05
1.630950000000000000e+05
1.502040000000000000e+05
1.257490000000000000e+05
3.171900000000000000e+04
1.329360000000000000e+05
1.574870000000000000e+05
1.416790000000000000e+05
1.617610000000000000e+05
6.975500000000000000e+04
1.049770000000000000e+05
5.770800000000000000e+04
1.678270000000000000e+05
6.704200000000000000e+04
1.637700000000000000e+04
1.321780000000000000e+05
7.633300000000000000e+04
1.169310000000000000e+05
1.652430000000000000e+05
1.365320000000000000e+05
1.453740000000000000e+05
1.382610000000000000e+05
2.058900000000000000e+04
1.032350000000000000e+05
1.783800000000000000e+04
1.546070000000000000e+05
1.315250000000000000e+05
8.140600000000000000e+04
1.131750000000000000e+05
6.673600000000000000e+04
1.373580000000000000e+05
1.562380000000000000e+05
7.147900000000000000e+04
9.962900000000000000e+04
1.567520000000000000e+05
1.239570000000000000e+05
4.907100000000000000e+04
9.728100000000000000e+04
3.877800000000000000e+04
1.651370000000000000e+05
1.601280000000000000e+05
1.143800000000000000e+04
1.018320000000000000e+05
1.424350000000000000e+05
2.162300000000000000e+04
1.017020000000000000e+05
1.372820000000000000e+05
8.824200000000000000e+04
1.003870000000000000e+05
2.769900000000000000e+04
1.330380000000000000e+05
1.236890000000000000e+05
8.433200000000000000e+04
2.555000000000000000e+04
6.982600000000000000e+04
9.476600000000000000e+04
1.066440000000000000e+05
7.058700000000000000e+04
1.336110000000000000e+05
6.293700000000000000e+04
1.254050000000000000e+05
1.374570000000000000e+05
1.267610000000000000e+05
1.901300000000000000e+04
5.696900000000000000e+04
2.233800000000000000e+04
1.070890000000000000e+05
6.101900000000000000e+04
2.044600000000000000e+04
3.707000000000000000e+04
3.514800000000000000e+04
1.254110000000000000e+05
3.284800000000000000e+04
9.023000000000000000e+03
1.247610000000000000e+05
2.235300000000000000e+04
9.502000000000000000e+04
1.410230000000000000e+05
1.332670000000000000e+05
9.450700000000000000e+04
1.580500000000000000e+04
1.365680000000000000e+05
2.643800000000000000e+04
1.613710000000000000e+05
7.710900000000000000e+04
6.185100000000000000e+04
1.634780000000000000e+05
1.723000000000000000e+04
1.436800000000000000e+05
1.646030000000000000e+05
1.908000000000000000e+04
5.551400000000000000e+04
1.685410000000000000e+05
1.214140000000000000e+05
5.727800000000000000e+04
3.644300000000000000e+04
1.469760000000000000e+05
7.030200000000000000e+04
1.612670000000000000e+05
1.518900000000000000e+05
9.202800000000000000e+04
1.692840000000000000e+05
6.969000000000000000e+04
1.639410000000000000e+05
6.502200000000000000e+04
1.373000000000000000e+05
6.560400000000000000e+04
3.772500000000000000e+04
9.395300000000000000e+04
8.227100000000000000e+04
1.691580000000000000e+05
1.571400000000000000e+05
1.200480000000000000e+05
4.111300000000000000e+04
1.295200000000000000e+04
1.327530000000000000e+05
8.556000000000000000e+04
1.308960000000000000e+05
1.096180000000000000e+05
9.434200000000000000e+04
7.477000000000000000e+04
2.310200000000000000e+04
2.680000000000000000e+04
4.365400000000000000e+04
1.492130000000000000e+05
1.463830000000000000e+05
1.031400000000000000e+05
1.295970000000000000e+05
8.103800000000000000e+04
5.245100000000000000e+04
2.938300000000000000e+04
2.167100000000000000e+04
1.512090000000000000e+05
1.001400000000000000e+05
8.636800000000000000e+04
1.197840000000000000e+05
7.541300000000000000e+04
8.065100000000000000e+04
9.443900000000000000e+04
1.374800000000000000e+05
5.372100000000000000e+04
1.482490000000000000e+05
1.018750000000000000e+05
7.342500000000000000e+04
2.197500000000000000e+04
1.526060000000000000e+05
1.630200000000000000e+04
1.165960000000000000e+05
1.191580000000000000e+05
1.406890000000000000e+05
1.310000000000000000e+03
3.964700000000000000e+04
7.985900000000000000e+04
7.671000000000000000e+03
1.658330000000000000e+05
1.572510000000000000e+05
9.052900000000000000e+04
1.684000000000000000e+03
1.565560000000000000e+05
1.635960000000000000e+05
1.625020000000000000e+05
1.631710000000000000e+05
1.348130000000000000e+05
2.526000000000000000e+03
3.900900000000000000e+04
3.571300000000000000e+04
2.576400000000000000e+04
2.423400000000000000e+04
1.481060000000000000e+05
4.438800000000000000e+04
1.295660000000000000e+05
1.362050000000000000e+05
1.018570000000000000e+05
5.880300000000000000e+04
1.799900000000000000e+04
8.155200000000000000e+04
5.885400000000000000e+04
1.508640000000000000e+05
1.677910000000000000e+05
1.353870000000000000e+05
6.647100000000000000e+04
9.658000000000000000e+03
1.162250000000000000e+05
1.256150000000000000e+05
1.135270000000000000e+05
4.027000000000000000e+03
4.626000000000000000e+03
1.321620000000000000e+05
3.168300000000000000e+04
8.128100000000000000e+04
4.106000000000000000e+04
4.293500000000000000e+04
1.250100000000000000e+05
2.180600000000000000e+04
8.483000000000000000e+04
8.886000000000000000e+03
4.890000000000000000e+02
5.835000000000000000e+03
1.440260000000000000e+05
8.684900000000000000e+04
9.241000000000000000e+04
1.569180000000000000e+05
1.693070000000000000e+05
6.859100000000000000e+04
4.820500000000000000e+04
4.064000000000000000e+04
1.109770000000000000e+05
5.898300000000000000e+04
7.096100000000000000e+04
5.090800000000000000e+04
1.045140000000000000e+05
7.282200000000000000e+04
6.343800000000000000e+04
1.475940000000000000e+05
3.220600000000000000e+04
1.436550000000000000e+05
1.691550000000000000e+05
1.048000000000000000e+05
1.188120000000000000e+05
4.053400000000000000e+04
3.079200000000000000e+04
9.077700000000000000e+04
9.448300000000000000e+04
1.055730000000000000e+05
1.646380000000000000e+05
1.288780000000000000e+05
7.086600000000000000e+04
9.006700000000000000e+04
1.648760000000000000e+05
1.509420000000000000e+05
1.523540000000000000e+05
1.149900000000000000e+04
1.241860000000000000e+05
4.540600000000000000e+04
7.878100000000000000e+04
7.500800000000000000e+04
3.094100000000000000e+04
1.613690000000000000e+05
1.106370000000000000e+05
1.566090000000000000e+05
5.587700000000000000e+04
7.086900000000000000e+04
2.814400000000000000e+04
3.101900000000000000e+04
7.018400000000000000e+04
4.013100000000000000e+04
1.383730000000000000e+05
8.390600000000000000e+04
1.224700000000000000e+05
7.142000000000000000e+04
6.930200000000000000e+04
1.064520000000000000e+05
4.469400000000000000e+04
8.969000000000000000e+04
8.519200000000000000e+04
8.784400000000000000e+04
9.841400000000000000e+04
1.090960000000000000e+05
1.393290000000000000e+05
4.338000000000000000e+03
1.240760000000000000e+05
1.063330000000000000e+05
6.352800000000000000e+04
1.672250000000000000e+05
1.604000000000000000e+05
6.252600000000000000e+04
1.507560000000000000e+05
1.210430000000000000e+05
6.206000000000000000e+03
5.955600000000000000e+04
4.967200000000000000e+04
5.368100000000000000e+04
5.689100000000000000e+04
9.156600000000000000e+04
1.190840000000000000e+05
7.006700000000000000e+04
1.631510000000000000e+05
1.294840000000000000e+05
8.525200000000000000e+04
6.231500000000000000e+04
2.514300000000000000e+04
1.633820000000000000e+05
2.261400000000000000e+04
4.589600000000000000e+04
1.545930000000000000e+05
1.468330000000000000e+05
1.022750000000000000e+05
1.330660000000000000e+05
1.281110000000000000e+05
1.163930000000000000e+05
5.942000000000000000e+03
1.418310000000000000e+05
1.601210000000000000e+05
6.966000000000000000e+04
1.464390000000000000e+05
1.148790000000000000e+05
5.710000000000000000e+04
1.279720000000000000e+05
7.222400000000000000e+04
1.482650000000000000e+05
3.436100000000000000e+04
1.313920000000000000e+05
1.193290000000000000e+05
1.679620000000000000e+05
1.535010000000000000e+05
1.688630000000000000e+05
3.209200000000000000e+04
1.436910000000000000e+05
1.263370000000000000e+05
2.340000000000000000e+03
1.018330000000000000e+05
2.828500000000000000e+04
1.282310000000000000e+05
3.872500000000000000e+04
4.951200000000000000e+04
1.722100000000000000e+04
1.194950000000000000e+05
4.769300000000000000e+04
4.788100000000000000e+04
1.519100000000000000e+05
4.946900000000000000e+04
3.625100000000000000e+04
1.627830000000000000e+05
2.992400000000000000e+04
9.708100000000000000e+04
1.633100000000000000e+05
1.640560000000000000e+05
1.841900000000000000e+04
7.071400000000000000e+04
1.591410000000000000e+05
1.051080000000000000e+05
7.546700000000000000e+04
8.358400000000000000e+04
1.436390000000000000e+05
1.228790000000000000e+05
1.278950000000000000e+05
1.289380000000000000e+05
1.023720000000000000e+05
5.514100000000000000e+04
6.197500000000000000e+04
8.437000000000000000e+03
1.241890000000000000e+05
2.142700000000000000e+04
3.781800000000000000e+04
1.688100000000000000e+04
1.184810000000000000e+05
2.509400000000000000e+04
5.423400000000000000e+04
7.986700000000000000e+04
8.633500000000000000e+04
1.491460000000000000e+05
7.372600000000000000e+04
1.575250000000000000e+05
4.120700000000000000e+04
3.023600000000000000e+04
5.887700000000000000e+04
3.923700000000000000e+04
8.442700000000000000e+04
1.072970000000000000e+05
5.778400000000000000e+04
6.373000000000000000e+03
3.124800000000000000e+04
1.478490000000000000e+05
1.078200000000000000e+05
6.577700000000000000e+04
1.071000000000000000e+03
1.155100000000000000e+04
1.336150000000000000e+05
1.415000000000000000e+03
2.841000000000000000e+04
1.034400000000000000e+04
1.187800000000000000e+04
9.353900000000000000e+04
2.543400000000000000e+04
3.790400000000000000e+04
4.571000000000000000e+04
2.716000000000000000e+04
1.664700000000000000e+05
6.946800000000000000e+04
1.002820000000000000e+05
1.330060000000000000e+05
3.079600000000000000e+04
1.169840000000000000e+05
1.036750000000000000e+05
1.692800000000000000e+04
7.059900000000000000e+04
1.596240000000000000e+05
7.321800000000000000e+04
7.102200000000000000e+04
9.845000000000000000e+03
6.370000000000000000e+04
5.914800000000000000e+04
8.970500000000000000e+04
5.442800000000000000e+04
9.235000000000000000e+04
1.021980000000000000e+05
2.697800000000000000e+04
1.652230000000000000e+05
6.428800000000000000e+04
1.157780000000000000e+05
9.933100000000000000e+04
6.800000000000000000e+02
1.320330000000000000e+05
6.038900000000000000e+04
6.221400000000000000e+04
1.402040000000000000e+05
3.664500000000000000e+04
1.349540000000000000e+05
7.688700000000000000e+04
1.438230000000000000e+05
3.303800000000000000e+04
1.232900000000000000e+04
8.862700000000000000e+04
1.098320000000000000e+05
1.435550000000000000e+05
1.118530000000000000e+05
3.842700000000000000e+04
1.559280000000000000e+05
9.201200000000000000e+04
1.439770000000000000e+05
1.440890000000000000e+05
7.940300000000000000e+04
5.414600000000000000e+04
5.642200000000000000e+04
9.191200000000000000e+04
2.670000000000000000e+02
1.227030000000000000e+05
6.135000000000000000e+04
3.384700000000000000e+04
5.384200000000000000e+04
1.078960000000000000e+05
1.081430000000000000e+05
1.798600000000000000e+04
1.131960000000000000e+05
1.107170000000000000e+05
8.074700000000000000e+04
1.334580000000000000e+05
1.168840000000000000e+05
1.885600000000000000e+04
5.801100000000000000e+04
1.649970000000000000e+05
1.242900000000000000e+05
4.530600000000000000e+04
5.524800000000000000e+04
9.903900000000000000e+04
1.137350000000000000e+05
1.023040000000000000e+05
1.400530000000000000e+05
1.056760000000000000e+05
1.199290000000000000e+05
1.258050000000000000e+05
1.264020000000000000e+05
1.158250000000000000e+05
8.557900000000000000e+04
6.866900000000000000e+04
5.444500000000000000e+04
8.983200000000000000e+04
9.173500000000000000e+04
8.738500000000000000e+04
7.068000000000000000e+04
1.191460000000000000e+05
7.244000000000000000e+03
1.475510000000000000e+05
7.894800000000000000e+04
6.943800000000000000e+04
1.423230000000000000e+05
1.424810000000000000e+05
4.956100000000000000e+04
6.548200000000000000e+04
9.288800000000000000e+04
7.335600000000000000e+04
2.172100000000000000e+04
9.944700000000000000e+04
4.416200000000000000e+04
7.870400000000000000e+04
8.317700000000000000e+04
1.626220000000000000e+05
7.089900000000000000e+04
4.903500000000000000e+04
1.760200000000000000e+04
2.899100000000000000e+04
3.029600000000000000e+04
1.144240000000000000e+05
8.202000000000000000e+04
1.373380000000000000e+05
9.098200000000000000e+04
9.489600000000000000e+04
1.676600000000000000e+05
3.236300000000000000e+04
3.296300000000000000e+04
3.008100000000000000e+04
1.483100000000000000e+05
6.697200000000000000e+04
1.474540000000000000e+05
1.341250000000000000e+05
1.468300000000000000e+05
1.246120000000000000e+05
6.840000000000000000e+03
7.150000000000000000e+03
8.645800000000000000e+04
1.764200000000000000e+04
1.149230000000000000e+05
6.464400000000000000e+04
4.595500000000000000e+04
2.205200000000000000e+04
2.041800000000000000e+04
1.600950000000000000e+05
5.432900000000000000e+04
1.473160000000000000e+05
1.025600000000000000e+05
8.160000000000000000e+04
1.452110000000000000e+05
1.391990000000000000e+05
3.339400000000000000e+04
2.283700000000000000e+04
1.594630000000000000e+05
1.369620000000000000e+05
1.078690000000000000e+05
1.477900000000000000e+05
8.386000000000000000e+03
1.644970000000000000e+05
1.786200000000000000e+04
6.447200000000000000e+04
1.344220000000000000e+05
7.501400000000000000e+04
1.040750000000000000e+05
1.307500000000000000e+05
1.538870000000000000e+05
1.986100000000000000e+04
4.176700000000000000e+04
1.343030000000000000e+05
6.572100000000000000e+04
4.325200000000000000e+04
4.349600000000000000e+04
1.223580000000000000e+05
7.028600000000000000e+04
1.379160000000000000e+05
1.214100000000000000e+05
2.580400000000000000e+04
5.063400000000000000e+04
2.049800000000000000e+04
4.377700000000000000e+04
1.596410000000000000e+05
9.099800000000000000e+04
1.584390000000000000e+05
1.262790000000000000e+05
1.650990000000000000e+05
7.332200000000000000e+04
9.168200000000000000e+04
1.580650000000000000e+05
9.859700000000000000e+04
4.278000000000000000e+04
9.455500000000000000e+04
7.548200000000000000e+04
1.631320000000000000e+05
1.155070000000000000e+05
5.668000000000000000e+03
7.931200000000000000e+04
1.672630000000000000e+05
1.542460000000000000e+05
1.164620000000000000e+05
3.705200000000000000e+04
9.517900000000000000e+04
1.026670000000000000e+05
1.334380000000000000e+05
9.849200000000000000e+04
1.570510000000000000e+05
1.364990000000000000e+05
1.840900000000000000e+04
3.567500000000000000e+04
1.191100000000000000e+04
5.039800000000000000e+04
2.153600000000000000e+04
1.401200000000000000e+05
1.625630000000000000e+05
5.478200000000000000e+04
4.591900000000000000e+04
1.193100000000000000e+04
1.428530000000000000e+05
4.712100000000000000e+04
4.229600000000000000e+04
1.624100000000000000e+05
1.625300000000000000e+05
1.198710000000000000e+05
5.236000000000000000e+03
1.246960000000000000e+05
7.537200000000000000e+04
1.722500000000000000e+04
3.111000000000000000e+03
8.925200000000000000e+04
8.294400000000000000e+04
1.510550000000000000e+05
1.423670000000000000e+05
1.024240000000000000e+05
7.683900000000000000e+04
7.970000000000000000e+02
1.507590000000000000e+05
1.534200000000000000e+05
6.429400000000000000e+04
4.499500000000000000e+04
6.038400000000000000e+04
1.666620000000000000e+05
1.414360000000000000e+05
1.607430000000000000e+05
1.180960000000000000e+05
2.324500000000000000e+04
1.282950000000000000e+05
5.887600000000000000e+04
1.724400000000000000e+04
1.260250000000000000e+05
1.192460000000000000e+05
1.661340000000000000e+05
1.207130000000000000e+05
2.463000000000000000e+03
8.072700000000000000e+04
6.721000000000000000e+04
8.162500000000000000e+04
1.160550000000000000e+05
4.137000000000000000e+04
1.556020000000000000e+05
1.074570000000000000e+05
4.006000000000000000e+04
9.707800000000000000e+04
2.117800000000000000e+04
1.018670000000000000e+05
5.694100000000000000e+04
3.140600000000000000e+04
1.123100000000000000e+04
8.289800000000000000e+04
1.866000000000000000e+04
9.566100000000000000e+04
1.173470000000000000e+05
1.637990000000000000e+05
6.915900000000000000e+04
3.549000000000000000e+04
4.911200000000000000e+04
1.327310000000000000e+05
1.367620000000000000e+05
1.394980000000000000e+05
1.055980000000000000e+05
1.220680000000000000e+05
3.567300000000000000e+04
1.063910000000000000e+05
1.022740000000000000e+05
6.246400000000000000e+04
7.502700000000000000e+04
3.560700000000000000e+04
1.197120000000000000e+05
8.248900000000000000e+04
2.908300000000000000e+04
1.497640000000000000e+05
1.146850000000000000e+05
5.908000000000000000e+03
1.160100000000000000e+05
9.768200000000000000e+04
6.888200000000000000e+04
3.382100000000000000e+04
5.684200000000000000e+04
1.400170000000000000e+05
1.325950000000000000e+05
8.375500000000000000e+04
5.973800000000000000e+04
1.284930000000000000e+05
1.332180000000000000e+05
8.075200000000000000e+04
8.062000000000000000e+04
1.222950000000000000e+05
1.170660000000000000e+05
1.042830000000000000e+05
1.221910000000000000e+05
4.230700000000000000e+04
1.534110000000000000e+05
9.528000000000000000e+03
1.502130000000000000e+05
1.644770000000000000e+05
1.144400000000000000e+04
7.325600000000000000e+04
1.101400000000000000e+05
1.141240000000000000e+05
1.603700000000000000e+04
1.600090000000000000e+05
1.215600000000000000e+04
1.490500000000000000e+05
1.024120000000000000e+05
4.366900000000000000e+04
1.004700000000000000e+04
1.142640000000000000e+05
2.379800000000000000e+04
8.927000000000000000e+03
1.570530000000000000e+05
6.906700000000000000e+04
1.036890000000000000e+05
1.568610000000000000e+05
1.477110000000000000e+05
1.527880000000000000e+05
1.686340000000000000e+05
1.070120000000000000e+05
8.108400000000000000e+04
7.355100000000000000e+04
1.786700000000000000e+04
8.737000000000000000e+03
1.197040000000000000e+05
6.992000000000000000e+04
2.031900000000000000e+04
6.318900000000000000e+04
3.240200000000000000e+04
9.065500000000000000e+04
9.590800000000000000e+04
6.344300000000000000e+04
1.369660000000000000e+05
9.096000000000000000e+04
1.350870000000000000e+05
1.336200000000000000e+05
7.049500000000000000e+04
1.369550000000000000e+05
1.385000000000000000e+04
1.400220000000000000e+05
5.170000000000000000e+02
1.337030000000000000e+05
3.601500000000000000e+04
8.322100000000000000e+04
6.076000000000000000e+04
1.621440000000000000e+05
4.983400000000000000e+04
2.362100000000000000e+04
1.495620000000000000e+05
8.140000000000000000e+02
9.737000000000000000e+03
1.209720000000000000e+05
1.065620000000000000e+05
1.490270000000000000e+05
1.349460000000000000e+05
1.097120000000000000e+05
1.501990000000000000e+05
1.621800000000000000e+05
1.596720000000000000e+05
1.385180000000000000e+05
1.439140000000000000e+05
1.336570000000000000e+05
8.945000000000000000e+04
6.349900000000000000e+04
3.177300000000000000e+04
1.262560000000000000e+05
6.984000000000000000e+03
6.137100000000000000e+04
1.202100000000000000e+04
1.683520000000000000e+05
1.489000000000000000e+03
1.615050000000000000e+05
4.621600000000000000e+04
1.409120000000000000e+05
8.799400000000000000e+04
1.365620000000000000e+05
3.794100000000000000e+04
1.383160000000000000e+05
3.219100000000000000e+04
1.130790000000000000e+05
6.482300000000000000e+04
6.976000000000000000e+04
1.089570000000000000e+05
7.226600000000000000e+04
9.870000000000000000e+02
8.406200000000000000e+04
7.477500000000000000e+04
3.392700000000000000e+04
8.410000000000000000e+03
1.678500000000000000e+04
1.122620000000000000e+05
6.087800000000000000e+04
1.543370000000000000e+05
4.693400000000000000e+04
1.237350000000000000e+05
4.636000000000000000e+04
1.679030000000000000e+05
9.689400000000000000e+04
2.896300000000000000e+04
1.380280000000000000e+05
1.021630000000000000e+05
1.151830000000000000e+05
2.638600000000000000e+04
2.149000000000000000e+04
7.140500000000000000e+04
2.977000000000000000e+04
9.930400000000000000e+04
2.982300000000000000e+04
2.109400000000000000e+04
1.092230000000000000e+05
8.121700000000000000e+04
3.342400000000000000e+04
8.034400000000000000e+04
9.646000000000000000e+04
4.628000000000000000e+03
4.845500000000000000e+04
9.518100000000000000e+04
2.536900000000000000e+04
3.863500000000000000e+04
5.632600000000000000e+04
9.911800000000000000e+04
3.881400000000000000e+04
1.482780000000000000e+05
1.044450000000000000e+05
3.172900000000000000e+04
1.510300000000000000e+05
1.585300000000000000e+04
2.856700000000000000e+04
1.278700000000000000e+05
2.491000000000000000e+03
1.408660000000000000e+05
9.784100000000000000e+04
5.321900000000000000e+04
6.263200000000000000e+04
1.606620000000000000e+05
1.111850000000000000e+05
1.621650000000000000e+05
8.962400000000000000e+04
6.240200000000000000e+04
5.117600000000000000e+04
4.299000000000000000e+04
1.445270000000000000e+05
1.533790000000000000e+05
1.638130000000000000e+05
9.889500000000000000e+04
1.661400000000000000e+04
4.226800000000000000e+04
5.630000000000000000e+04
9.701900000000000000e+04
6.673100000000000000e+04
3.471000000000000000e+04
7.857100000000000000e+04
6.089600000000000000e+04
1.021280000000000000e+05
6.444300000000000000e+04
2.584400000000000000e+04
7.177000000000000000e+03
1.411100000000000000e+05
9.368300000000000000e+04
2.467100000000000000e+04
1.335600000000000000e+05
9.447200000000000000e+04
1.531330000000000000e+05
6.339400000000000000e+04
1.449290000000000000e+05
1.527120000000000000e+05
6.586700000000000000e+04
1.206180000000000000e+05
1.296180000000000000e+05
1.337330000000000000e+05
1.508980000000000000e+05
9.479200000000000000e+04
1.626070000000000000e+05
1.120050000000000000e+05
1.581190000000000000e+05
1.202000000000000000e+04
6.354900000000000000e+04
1.621420000000000000e+05
1.182450000000000000e+05
9.440500000000000000e+04
1.507200000000000000e+04
1.311960000000000000e+05
1.508490000000000000e+05
2.587900000000000000e+04
1.353920000000000000e+05
1.233590000000000000e+05
1.413410000000000000e+05
2.511600000000000000e+04
7.132000000000000000e+03
5.778300000000000000e+04
2.987000000000000000e+04
7.564400000000000000e+04
1.030210000000000000e+05
7.002300000000000000e+04
1.194900000000000000e+05
1.116410000000000000e+05
6.959500000000000000e+04
1.353400000000000000e+05
1.026040000000000000e+05
1.466890000000000000e+05
1.347260000000000000e+05
8.836000000000000000e+03
1.583770000000000000e+05
8.187600000000000000e+04
2.679500000000000000e+04
6.828800000000000000e+04
1.128420000000000000e+05
1.353710000000000000e+05
3.108800000000000000e+04
8.192500000000000000e+04
7.730000000000000000e+03
6.909100000000000000e+04
7.817400000000000000e+04
9.658300000000000000e+04
8.531100000000000000e+04
5.942600000000000000e+04
5.446000000000000000e+03
1.684350000000000000e+05
1.328880000000000000e+05
2.559400000000000000e+04
1.636970000000000000e+05
8.638600000000000000e+04
1.118300000000000000e+04
1.602320000000000000e+05
1.383880000000000000e+05
7.519300000000000000e+04
2.956000000000000000e+04
7.068700000000000000e+04
7.570300000000000000e+04
1.316910000000000000e+05
8.530400000000000000e+04
3.420000000000000000e+02
1.280010000000000000e+05
1.272620000000000000e+05
1.188710000000000000e+05
4.382300000000000000e+04
1.104100000000000000e+04
1.476860000000000000e+05
2.434500000000000000e+04
1.193520000000000000e+05
9.432800000000000000e+04
1.559580000000000000e+05
9.169400000000000000e+04
1.573640000000000000e+05
1.373870000000000000e+05
4.828400000000000000e+04
2.514000000000000000e+03
1.683170000000000000e+05
3.878400000000000000e+04
9.318300000000000000e+04
1.440190000000000000e+05
1.108690000000000000e+05
1.204030000000000000e+05
7.751900000000000000e+04
1.303300000000000000e+04
1.602720000000000000e+05
8.183500000000000000e+04
9.550000000000000000e+03
5.358100000000000000e+04
2.209000000000000000e+04
1.328610000000000000e+05
1.242200000000000000e+05
1.505510000000000000e+05
2.736900000000000000e+04
7.205300000000000000e+04
1.029040000000000000e+05
1.670340000000000000e+05
9.464500000000000000e+04
5.085000000000000000e+03
1.291610000000000000e+05
9.041000000000000000e+04
1.176000000000000000e+05
1.188680000000000000e+05
2.297600000000000000e+04
1.124050000000000000e+05
2.633300000000000000e+04
1.087290000000000000e+05
1.384200000000000000e+05
1.438280000000000000e+05
1.579920000000000000e+05
1.361900000000000000e+04
1.316670000000000000e+05
7.236500000000000000e+04
5.692100000000000000e+04
1.434490000000000000e+05
3.914300000000000000e+04
1.690950000000000000e+05
1.494470000000000000e+05
2.822000000000000000e+04
1.123550000000000000e+05
7.061300000000000000e+04
1.145700000000000000e+05
5.297800000000000000e+04
8.168000000000000000e+04
3.844000000000000000e+04
7.429700000000000000e+04
1.236000000000000000e+05
1.182700000000000000e+05
9.890000000000000000e+02
6.268000000000000000e+04
5.004300000000000000e+04
9.644900000000000000e+04
1.216300000000000000e+05
1.061720000000000000e+05
1.461350000000000000e+05
1.130970000000000000e+05
1.674230000000000000e+05
1.641320000000000000e+05
3.685000000000000000e+03
9.037100000000000000e+04
1.397510000000000000e+05
9.046700000000000000e+04
9.660700000000000000e+04
6.275100000000000000e+04
8.331300000000000000e+04
8.941800000000000000e+04
8.132500000000000000e+04
9.567700000000000000e+04
8.530000000000000000e+03
1.255500000000000000e+05
1.195360000000000000e+05
1.194180000000000000e+05
1.287920000000000000e+05
1.296530000000000000e+05
4.919000000000000000e+03
1.023520000000000000e+05
1.232730000000000000e+05
5.664100000000000000e+04
7.601600000000000000e+04
1.208930000000000000e+05
1.721000000000000000e+03
1.689220000000000000e+05
1.072170000000000000e+05
1.277700000000000000e+05
1.071120000000000000e+05
1.613610000000000000e+05
1.684620000000000000e+05
9.569300000000000000e+04
9.424200000000000000e+04
1.634860000000000000e+05
1.123960000000000000e+05
9.536600000000000000e+04
1.461000000000000000e+04
9.948100000000000000e+04
2.074200000000000000e+04
2.188700000000000000e+04
6.799000000000000000e+04
1.077200000000000000e+04
1.453730000000000000e+05
1.186210000000000000e+05
7.063100000000000000e+04
9.957900000000000000e+04
4.030400000000000000e+04
6.842000000000000000e+03
1.261950000000000000e+05
1.442470000000000000e+05
1.692340000000000000e+05
1.477180000000000000e+05
1.400610000000000000e+05
6.625700000000000000e+04
1.042790000000000000e+05
1.356680000000000000e+05
5.120900000000000000e+04
1.201250000000000000e+05
4.045400000000000000e+04
1.170320000000000000e+05
1.077980000000000000e+05
4.611700000000000000e+04
2.147600000000000000e+04
6.766000000000000000e+04
1.168000000000000000e+05
1.053160000000000000e+05
1.318200000000000000e+05
6.824700000000000000e+04
2.538000000000000000e+03
1.236800000000000000e+05
1.134650000000000000e+05
4.431400000000000000e+04
1.903600000000000000e+04
6.005700000000000000e+04
4.724000000000000000e+04
6.464500000000000000e+04
1.468140000000000000e+05
8.968500000000000000e+04
5.834700000000000000e+04
1.225390000000000000e+05
4.420000000000000000e+02
5.046700000000000000e+04
9.248800000000000000e+04
1.077340000000000000e+05
9.247300000000000000e+04
1.686120000000000000e+05
4.112100000000000000e+04
7.799000000000000000e+03
4.711700000000000000e+04
1.629960000000000000e+05
1.634540000000000000e+05
3.512800000000000000e+04
1.160720000000000000e+05
1.446190000000000000e+05
6.687400000000000000e+04
5.885700000000000000e+04
1.642540000000000000e+05
6.853000000000000000e+04
1.402860000000000000e+05
1.418600000000000000e+05
1.229180000000000000e+05
1.443390000000000000e+05
5.597100000000000000e+04
9.370300000000000000e+04
7.675200000000000000e+04
1.428960000000000000e+05
1.384550000000000000e+05
1.347490000000000000e+05
1.563090000000000000e+05
1.523600000000000000e+04
1.357670000000000000e+05
6.137300000000000000e+04
1.100810000000000000e+05
3.358400000000000000e+04
1.142620000000000000e+05
7.105200000000000000e+04
1.000300000000000000e+05
3.899500000000000000e+04
1.423500000000000000e+05
5.071900000000000000e+04
1.324070000000000000e+05
4.943300000000000000e+04
1.062250000000000000e+05
8.069100000000000000e+04
5.856900000000000000e+04
1.493320000000000000e+05
9.835400000000000000e+04
1.475880000000000000e+05
1.459490000000000000e+05
1.146590000000000000e+05
1.493810000000000000e+05
1.600470000000000000e+05
1.647130000000000000e+05
2.191700000000000000e+04
7.899300000000000000e+04
1.509500000000000000e+05
1.245630000000000000e+05
2.879600000000000000e+04
1.224760000000000000e+05
4.366600000000000000e+04
8.481000000000000000e+04
5.301400000000000000e+04
1.235830000000000000e+05
4.344200000000000000e+04
8.495400000000000000e+04
7.479800000000000000e+04
9.557900000000000000e+04
1.199610000000000000e+05
9.272000000000000000e+03
6.167500000000000000e+04
3.960200000000000000e+04
4.636200000000000000e+04
2.633400000000000000e+04
2.931400000000000000e+04
5.410000000000000000e+04
7.502300000000000000e+04
8.284600000000000000e+04
1.363900000000000000e+04
2.585300000000000000e+04
5.460400000000000000e+04
1.568150000000000000e+05
6.262900000000000000e+04
1.842000000000000000e+04
1.580270000000000000e+05
1.321660000000000000e+05
8.426000000000000000e+03
1.195170000000000000e+05
9.112000000000000000e+04
1.565820000000000000e+05
5.429000000000000000e+03
3.573400000000000000e+04
1.520390000000000000e+05
1.389300000000000000e+04
1.661050000000000000e+05
1.109460000000000000e+05
1.168190000000000000e+05
1.055800000000000000e+05
1.307810000000000000e+05
8.345600000000000000e+04
1.011800000000000000e+05
8.331700000000000000e+04
1.119400000000000000e+04
6.408800000000000000e+04
1.470370000000000000e+05
1.647180000000000000e+05
4.202700000000000000e+04
4.514100000000000000e+04
1.550980000000000000e+05
1.263620000000000000e+05
2.978700000000000000e+04
7.427100000000000000e+04
5.640200000000000000e+04
1.221200000000000000e+04
1.097580000000000000e+05
1.095070000000000000e+05
1.142510000000000000e+05
1.267970000000000000e+05
1.246400000000000000e+05
1.505480000000000000e+05
1.246860000000000000e+05
1.622260000000000000e+05
9.282900000000000000e+04
1.555300000000000000e+05
1.019450000000000000e+05
3.930600000000000000e+04
7.615900000000000000e+04
1.265100000000000000e+05
1.123290000000000000e+05
1.354070000000000000e+05
1.333980000000000000e+05
1.472110000000000000e+05
1.507470000000000000e+05
4.975800000000000000e+04
1.595510000000000000e+05
1.307940000000000000e+05
4.944100000000000000e+04
6.267500000000000000e+04
1.251430000000000000e+05
1.294910000000000000e+05
1.156310000000000000e+05
6.031900000000000000e+04
9.423900000000000000e+04
8.158400000000000000e+04
9.443300000000000000e+04
1.594910000000000000e+05
1.468640000000000000e+05
1.017560000000000000e+05
1.482130000000000000e+05
1.709800000000000000e+04
7.115000000000000000e+03
1.261250000000000000e+05
4.526000000000000000e+03
1.255950000000000000e+05
3.221200000000000000e+04
1.558280000000000000e+05
5.921000000000000000e+04
1.267800000000000000e+05
2.076000000000000000e+04
1.219550000000000000e+05
4.701100000000000000e+04
1.568800000000000000e+05
4.572300000000000000e+04
1.517040000000000000e+05
5.686700000000000000e+04
9.434600000000000000e+04
3.054100000000000000e+04
1.049450000000000000e+05
9.854400000000000000e+04
1.268940000000000000e+05
1.061640000000000000e+05
9.410600000000000000e+04
2.614000000000000000e+04
1.625440000000000000e+05
5.649000000000000000e+04
1.117090000000000000e+05
1.415250000000000000e+05
8.673900000000000000e+04
1.400260000000000000e+05
1.572310000000000000e+05
1.421210000000000000e+05
6.285400000000000000e+04
1.222260000000000000e+05
1.287990000000000000e+05
7.347400000000000000e+04
4.806600000000000000e+04
5.659900000000000000e+04
4.953000000000000000e+04
1.475650000000000000e+05
1.528900000000000000e+04
3.897000000000000000e+03
1.417940000000000000e+05
1.348310000000000000e+05
1.175620000000000000e+05
6.439700000000000000e+04
1.048380000000000000e+05
1.041810000000000000e+05
1.405340000000000000e+05
3.162400000000000000e+04
1.003470000000000000e+05
1.526500000000000000e+04
2.027000000000000000e+03
5.877800000000000000e+04
1.297930000000000000e+05
1.267480000000000000e+05
1.593570000000000000e+05
1.620000000000000000e+05
1.284100000000000000e+04
1.222420000000000000e+05
1.116470000000000000e+05
1.594610000000000000e+05
1.326570000000000000e+05
8.720800000000000000e+04
9.114300000000000000e+04
2.245200000000000000e+04
1.327670000000000000e+05
1.419010000000000000e+05
1.427240000000000000e+05
1.158000000000000000e+05
6.630000000000000000e+04
4.567000000000000000e+03
2.473100000000000000e+04
1.675960000000000000e+05
1.639570000000000000e+05
1.660370000000000000e+05
2.033600000000000000e+04
1.492720000000000000e+05
1.102530000000000000e+05
1.690760000000000000e+05
7.014600000000000000e+04
6.869500000000000000e+04
6.296300000000000000e+04
1.525740000000000000e+05
1.438900000000000000e+04
1.626100000000000000e+05
1.081270000000000000e+05
1.251180000000000000e+05
3.906400000000000000e+04
5.479000000000000000e+04
4.168300000000000000e+04
7.110500000000000000e+04
6.316200000000000000e+04
1.431690000000000000e+05
1.012100000000000000e+05
1.418670000000000000e+05
1.569060000000000000e+05
6.064500000000000000e+04
1.718500000000000000e+04
1.559200000000000000e+05
1.000920000000000000e+05
5.233500000000000000e+04
6.002700000000000000e+04
5.655900000000000000e+04
2.832600000000000000e+04
1.235550000000000000e+05
1.003970000000000000e+05
1.648650000000000000e+05
5.973100000000000000e+04
1.665430000000000000e+05
1.231460000000000000e+05
1.473660000000000000e+05
1.545900000000000000e+04
1.373770000000000000e+05
8.924900000000000000e+04
5.750900000000000000e+04
1.419500000000000000e+05
1.253510000000000000e+05
5.388500000000000000e+04
1.027200000000000000e+04
1.457440000000000000e+05
1.369700000000000000e+04
1.341960000000000000e+05
1.753100000000000000e+04
1.010860000000000000e+05
9.183400000000000000e+04
9.181200000000000000e+04
1.632310000000000000e+05
7.976200000000000000e+04
1.534410000000000000e+05
3.825400000000000000e+04
9.399100000000000000e+04
1.064850000000000000e+05
7.989500000000000000e+04
5.229800000000000000e+04
1.500190000000000000e+05
1.374520000000000000e+05
6.549000000000000000e+04
3.198700000000000000e+04
5.454000000000000000e+04
8.060300000000000000e+04
1.184600000000000000e+04
4.162500000000000000e+04
1.062090000000000000e+05
2.782900000000000000e+04
1.687810000000000000e+05
6.311200000000000000e+04
9.303600000000000000e+04
7.327700000000000000e+04
1.171730000000000000e+05
1.319900000000000000e+05
9.075500000000000000e+04
1.539360000000000000e+05
4.245100000000000000e+04
1.101150000000000000e+05
8.522800000000000000e+04
8.536000000000000000e+03
6.509500000000000000e+04
5.958600000000000000e+04
1.048770000000000000e+05
1.633700000000000000e+05
7.010000000000000000e+03
1.043610000000000000e+05
9.340800000000000000e+04
1.218800000000000000e+05
1.234000000000000000e+05
3.615100000000000000e+04
1.222750000000000000e+05
6.790000000000000000e+03
4.869700000000000000e+04
4.650000000000000000e+03
9.165600000000000000e+04
1.611500000000000000e+05
3.842400000000000000e+04
1.445510000000000000e+05
2.984800000000000000e+04
2.230900000000000000e+04
4.991700000000000000e+04
3.250000000000000000e+03
1.597050000000000000e+05
8.685500000000000000e+04
1.399480000000000000e+05
6.071900000000000000e+04
1.245620000000000000e+05
4.889300000000000000e+04
1.356900000000000000e+05
4.761900000000000000e+04
1.078450000000000000e+05
7.877800000000000000e+04
7.107000000000000000e+04
1.553700000000000000e+05
1.628070000000000000e+05
3.642100000000000000e+04
1.136010000000000000e+05
1.023170000000000000e+05
2.492000000000000000e+04
9.617000000000000000e+04
6.424000000000000000e+04
7.895300000000000000e+04
1.771200000000000000e+04
8.883300000000000000e+04
1.558950000000000000e+05
1.075650000000000000e+05
2.012200000000000000e+04
1.546630000000000000e+05
1.195770000000000000e+05
1.157680000000000000e+05
6.692600000000000000e+04
1.490450000000000000e+05
1.273320000000000000e+05
5.900100000000000000e+04
6.741800000000000000e+04
1.004980000000000000e+05
1.274050000000000000e+05
8.101200000000000000e+04
4.012200000000000000e+04
1.434650000000000000e+05
3.841800000000000000e+04
1.504100000000000000e+04
4.291900000000000000e+04
1.089250000000000000e+05
8.473000000000000000e+03
6.427600000000000000e+04
1.123060000000000000e+05
1.723100000000000000e+04
2.411500000000000000e+04
5.705000000000000000e+04
1.143900000000000000e+04
1.705200000000000000e+04
2.153400000000000000e+04
2.758600000000000000e+04
1.260410000000000000e+05
7.955000000000000000e+03
1.683970000000000000e+05
5.197900000000000000e+04
1.608500000000000000e+04
3.416000000000000000e+03
4.834800000000000000e+04
1.133960000000000000e+05
2.707600000000000000e+04
1.460990000000000000e+05
1.028400000000000000e+04
1.593820000000000000e+05
1.051830000000000000e+05
1.076340000000000000e+05
6.065200000000000000e+04
1.329580000000000000e+05
1.572090000000000000e+05
1.414970000000000000e+05
1.020070000000000000e+05
1.634030000000000000e+05
1.434410000000000000e+05
1.164600000000000000e+04
8.446500000000000000e+04
2.170400000000000000e+04
7.533700000000000000e+04
6.853900000000000000e+04
1.333220000000000000e+05
1.052530000000000000e+05
1.048960000000000000e+05
1.496180000000000000e+05
1.461090000000000000e+05
6.167300000000000000e+04
1.343720000000000000e+05
5.751300000000000000e+04
3.215900000000000000e+04
1.559970000000000000e+05
7.852000000000000000e+04
1.669320000000000000e+05
8.681000000000000000e+03
9.985200000000000000e+04
7.007200000000000000e+04
2.827900000000000000e+04
5.594700000000000000e+04
1.178030000000000000e+05
9.717200000000000000e+04
8.927300000000000000e+04
5.928700000000000000e+04
1.928100000000000000e+04
1.969700000000000000e+04
9.041200000000000000e+04
8.153000000000000000e+03
4.332500000000000000e+04
5.795500000000000000e+04
1.617740000000000000e+05
1.641280000000000000e+05
1.689460000000000000e+05
4.821000000000000000e+03
1.521120000000000000e+05
1.520060000000000000e+05
1.717600000000000000e+04
1.573190000000000000e+05
8.189200000000000000e+04
1.182100000000000000e+05
1.567000000000000000e+05
6.281300000000000000e+04
3.696700000000000000e+04
1.643240000000000000e+05
5.650800000000000000e+04
1.399470000000000000e+05
3.389800000000000000e+04
8.122100000000000000e+04
5.485500000000000000e+04
1.450130000000000000e+05
4.308300000000000000e+04
2.813100000000000000e+04
1.180280000000000000e+05
1.402170000000000000e+05
1.424190000000000000e+05
5.528800000000000000e+04
5.128000000000000000e+04
1.499860000000000000e+05
1.435570000000000000e+05
4.857400000000000000e+04
1.051840000000000000e+05
1.078570000000000000e+05
8.856500000000000000e+04
9.608400000000000000e+04
1.401080000000000000e+05
1.037070000000000000e+05
3.617000000000000000e+04
1.449700000000000000e+04
1.973200000000000000e+04
6.106900000000000000e+04
2.999500000000000000e+04
1.599140000000000000e+05
1.214620000000000000e+05
1.267370000000000000e+05
1.378590000000000000e+05
1.666530000000000000e+05
7.103100000000000000e+04
1.067600000000000000e+04
7.879000000000000000e+04
1.499580000000000000e+05
1.624290000000000000e+05
7.089000000000000000e+03
1.593860000000000000e+05
1.243040000000000000e+05
6.681600000000000000e+04
7.242900000000000000e+04
9.828100000000000000e+04
8.925000000000000000e+04
1.395710000000000000e+05
8.562800000000000000e+04
1.483110000000000000e+05
7.059700000000000000e+04
6.402000000000000000e+04
3.232600000000000000e+04
2.512500000000000000e+04
1.051860000000000000e+05
4.039100000000000000e+04
1.022490000000000000e+05
1.349150000000000000e+05
2.216300000000000000e+04
9.726000000000000000e+03
7.447000000000000000e+04
1.583340000000000000e+05
1.865000000000000000e+03
1.142360000000000000e+05
5.189400000000000000e+04
9.643300000000000000e+04
1.599320000000000000e+05
1.591940000000000000e+05
4.695200000000000000e+04
2.044800000000000000e+04
3.901600000000000000e+04
6.383700000000000000e+04
8.656600000000000000e+04
5.562500000000000000e+04
8.169600000000000000e+04
4.726000000000000000e+04
8.517000000000000000e+03
9.591000000000000000e+04
1.514640000000000000e+05
8.370000000000000000e+04
7.179900000000000000e+04
4.826900000000000000e+04
1.404570000000000000e+05
4.857000000000000000e+03
1.434800000000000000e+05
1.560240000000000000e+05
8.994300000000000000e+04
1.121350000000000000e+05
4.726200000000000000e+04
5.540000000000000000e+02
1.371210000000000000e+05
1.228760000000000000e+05
1.039050000000000000e+05
1.244380000000000000e+05
7.235100000000000000e+04
1.130820000000000000e+05
3.968300000000000000e+04
4.521100000000000000e+04
1.040090000000000000e+05
5.251000000000000000e+03
7.026700000000000000e+04
1.319810000000000000e+05
1.332410000000000000e+05
2.888100000000000000e+04
7.209800000000000000e+04
5.453200000000000000e+04
1.128120000000000000e+05
8.882600000000000000e+04
1.480270000000000000e+05
1.453200000000000000e+05
1.169300000000000000e+05
9.731300000000000000e+04
7.850600000000000000e+04
2.569500000000000000e+04
7.468200000000000000e+04
8.730700000000000000e+04
6.190200000000000000e+04
1.368550000000000000e+05
4.554800000000000000e+04
9.388600000000000000e+04
3.839000000000000000e+03
6.048500000000000000e+04
1.547600000000000000e+04
8.232700000000000000e+04
1.981600000000000000e+04
8.430100000000000000e+04
5.763200000000000000e+04
2.985100000000000000e+04
3.063900000000000000e+04
8.716100000000000000e+04
9.153900000000000000e+04
8.316600000000000000e+04
6.155100000000000000e+04
8.791700000000000000e+04
3.906500000000000000e+04
7.984600000000000000e+04
4.637900000000000000e+04
1.482600000000000000e+04
5.980000000000000000e+04
1.291000000000000000e+04
1.272000000000000000e+03
1.355650000000000000e+05
1.246260000000000000e+05
1.147740000000000000e+05
9.728900000000000000e+04
1.276290000000000000e+05
4.064400000000000000e+04
1.413320000000000000e+05
8.652600000000000000e+04
1.042690000000000000e+05
3.425600000000000000e+04
7.159300000000000000e+04
1.388700000000000000e+04
1.398660000000000000e+05
1.300020000000000000e+05
1.318980000000000000e+05
5.762600000000000000e+04
1.454750000000000000e+05
4.194000000000000000e+03
1.721300000000000000e+04
1.142340000000000000e+05
7.723400000000000000e+04
7.345200000000000000e+04
1.379100000000000000e+05
7.647900000000000000e+04
1.401330000000000000e+05
1.045960000000000000e+05
6.255000000000000000e+03
1.427790000000000000e+05
8.728800000000000000e+04
2.187100000000000000e+04
5.259000000000000000e+04
9.203500000000000000e+04
1.144360000000000000e+05
1.707000000000000000e+04
1.680160000000000000e+05
9.648700000000000000e+04
4.949700000000000000e+04
7.725600000000000000e+04
4.176500000000000000e+04
1.576190000000000000e+05
1.503290000000000000e+05
8.946700000000000000e+04
1.335290000000000000e+05
1.462850000000000000e+05
9.996600000000000000e+04
4.973400000000000000e+04
1.108980000000000000e+05
1.028940000000000000e+05
1.059060000000000000e+05
8.932900000000000000e+04
1.561100000000000000e+04
3.283100000000000000e+04
1.088110000000000000e+05
1.596650000000000000e+05
9.587000000000000000e+03
5.668500000000000000e+04
1.666880000000000000e+05
5.382200000000000000e+04
8.762000000000000000e+04
3.236400000000000000e+04
3.084800000000000000e+04
6.694000000000000000e+04
1.186240000000000000e+05
5.962200000000000000e+04
1.130700000000000000e+05
1.220600000000000000e+05
8.701300000000000000e+04
8.598900000000000000e+04
1.656110000000000000e+05
9.179700000000000000e+04
1.795800000000000000e+04
1.275120000000000000e+05
8.239200000000000000e+04
1.275200000000000000e+04
2.414500000000000000e+04
9.363400000000000000e+04
5.613500000000000000e+04
7.534600000000000000e+04
1.634570000000000000e+05
1.427590000000000000e+05
1.115300000000000000e+05
6.529900000000000000e+04
4.487100000000000000e+04
4.385000000000000000e+03
8.137400000000000000e+04
2.412800000000000000e+04
6.160800000000000000e+04
3.341100000000000000e+04
1.101530000000000000e+05
4.126700000000000000e+04
5.209600000000000000e+04
5.612700000000000000e+04
3.833300000000000000e+04
5.045200000000000000e+04
1.318660000000000000e+05
7.578000000000000000e+03
1.652130000000000000e+05
1.390600000000000000e+05
1.410660000000000000e+05
8.559300000000000000e+04
1.227710000000000000e+05
1.285660000000000000e+05
1.139210000000000000e+05
3.848800000000000000e+04
2.558500000000000000e+04
1.597380000000000000e+05
9.193600000000000000e+04
1.575050000000000000e+05
2.130200000000000000e+04
3.144000000000000000e+03
7.232100000000000000e+04
1.286600000000000000e+04
6.605000000000000000e+04
1.016910000000000000e+05
2.371900000000000000e+04
8.264000000000000000e+04
9.224500000000000000e+04
2.165300000000000000e+04
6.080300000000000000e+04
8.538100000000000000e+04
2.030000000000000000e+03
1.170760000000000000e+05
1.972500000000000000e+04
7.371200000000000000e+04
2.877000000000000000e+03
1.627330000000000000e+05
1.634250000000000000e+05
7.016400000000000000e+04
9.069400000000000000e+04
1.262720000000000000e+05
5.707100000000000000e+04
8.663800000000000000e+04
2.687100000000000000e+04
1.601200000000000000e+05
6.787700000000000000e+04
9.639300000000000000e+04
1.080000000000000000e+02
1.161170000000000000e+05
1.482750000000000000e+05
4.138100000000000000e+04
1.538820000000000000e+05
1.220770000000000000e+05
4.182000000000000000e+04
7.803000000000000000e+04
3.477100000000000000e+04
5.748100000000000000e+04
8.661100000000000000e+04
1.199960000000000000e+05
5.915000000000000000e+04
1.084730000000000000e+05
1.325930000000000000e+05
9.664100000000000000e+04
7.387400000000000000e+04
1.222890000000000000e+05
1.023380000000000000e+05
2.615000000000000000e+03
4.992000000000000000e+04
1.370030000000000000e+05
7.680000000000000000e+03
1.167700000000000000e+04
4.201600000000000000e+04
1.396450000000000000e+05
9.885600000000000000e+04
1.286990000000000000e+05
3.215400000000000000e+04
5.564900000000000000e+04
3.393900000000000000e+04
1.189620000000000000e+05
2.987600000000000000e+04
1.156370000000000000e+05
1.035540000000000000e+05
9.017000000000000000e+03
4.942000000000000000e+04
6.413000000000000000e+03
1.578810000000000000e+05
3.119200000000000000e+04
7.337000000000000000e+03
5.596000000000000000e+04
3.491300000000000000e+04
9.490300000000000000e+04
7.002400000000000000e+04
1.095000000000000000e+05
4.365500000000000000e+04
1.570860000000000000e+05
6.089800000000000000e+04
6.258200000000000000e+04
9.124000000000000000e+03
1.478130000000000000e+05
1.389900000000000000e+04
8.924600000000000000e+04
9.949900000000000000e+04
4.023500000000000000e+04
1.234130000000000000e+05
4.027200000000000000e+04
3.683300000000000000e+04
1.305140000000000000e+05
9.846400000000000000e+04
1.495440000000000000e+05
1.329750000000000000e+05
2.453000000000000000e+03
1.161000000000000000e+03
1.688060000000000000e+05
5.011300000000000000e+04
2.202600000000000000e+04
3.226400000000000000e+04
3.922900000000000000e+04
1.557730000000000000e+05
1.227290000000000000e+05
1.004120000000000000e+05
1.573100000000000000e+05
1.148100000000000000e+05
1.453640000000000000e+05
5.832800000000000000e+04
3.109200000000000000e+04
5.648900000000000000e+04
2.755400000000000000e+04
8.963500000000000000e+04
8.408300000000000000e+04
1.843800000000000000e+04
1.413950000000000000e+05
6.881600000000000000e+04
3.696400000000000000e+04
3.043600000000000000e+04
1.092690000000000000e+05
1.418420000000000000e+05
1.025330000000000000e+05
3.442200000000000000e+04
3.877000000000000000e+03
3.980000000000000000e+02
1.465600000000000000e+04
6.197100000000000000e+04
1.422400000000000000e+05
6.773300000000000000e+04
1.395910000000000000e+05
4.796000000000000000e+03
1.769200000000000000e+04
1.236730000000000000e+05
5.647900000000000000e+04
1.280120000000000000e+05
1.075080000000000000e+05
8.809600000000000000e+04
7.732400000000000000e+04
1.211640000000000000e+05
1.664980000000000000e+05
1.546500000000000000e+04
1.299610000000000000e+05
3.830400000000000000e+04
9.774100000000000000e+04
3.934100000000000000e+04
1.654640000000000000e+05
3.515300000000000000e+04
1.578210000000000000e+05
5.478000000000000000e+04
1.251700000000000000e+05
2.864700000000000000e+04
1.298970000000000000e+05
1.546700000000000000e+05
8.918100000000000000e+04
8.728200000000000000e+04
1.626820000000000000e+05
9.474500000000000000e+04
6.045700000000000000e+04
4.975100000000000000e+04
1.400380000000000000e+05
1.544040000000000000e+05
7.408700000000000000e+04
8.087100000000000000e+04
5.283200000000000000e+04
1.130580000000000000e+05
3.881000000000000000e+04
1.950600000000000000e+04
5.164600000000000000e+04
1.310570000000000000e+05
8.240800000000000000e+04
9.483000000000000000e+04
5.904100000000000000e+04
1.151260000000000000e+05
6.617300000000000000e+04
9.827700000000000000e+04
1.628870000000000000e+05
5.412900000000000000e+04
1.979800000000000000e+04
1.463880000000000000e+05
1.568880000000000000e+05
4.754300000000000000e+04
9.670900000000000000e+04
5.392600000000000000e+04
1.516290000000000000e+05
2.188400000000000000e+04
1.371710000000000000e+05
1.125970000000000000e+05
7.016500000000000000e+04
6.077900000000000000e+04
9.474900000000000000e+04
1.675580000000000000e+05
7.256000000000000000e+04
6.467300000000000000e+04
9.487800000000000000e+04
8.834100000000000000e+04
1.913200000000000000e+04
9.664000000000000000e+03
5.574600000000000000e+04
4.618000000000000000e+04
1.240960000000000000e+05
1.678380000000000000e+05
1.652220000000000000e+05
8.013200000000000000e+04
5.250400000000000000e+04
6.181500000000000000e+04
7.643100000000000000e+04
2.596500000000000000e+04
5.388900000000000000e+04
1.551950000000000000e+05
1.450300000000000000e+05
2.571000000000000000e+04
1.060080000000000000e+05
1.912400000000000000e+04
1.208230000000000000e+05
1.486900000000000000e+05
1.299630000000000000e+05
1.173550000000000000e+05
7.220800000000000000e+04
8.469400000000000000e+04
1.303450000000000000e+05
3.246300000000000000e+04
4.366300000000000000e+04
7.374300000000000000e+04
6.411600000000000000e+04
1.648660000000000000e+05
1.561950000000000000e+05
1.935800000000000000e+04
1.885400000000000000e+04
1.094610000000000000e+05
3.110400000000000000e+04
1.406700000000000000e+05
1.323260000000000000e+05
1.643340000000000000e+05
4.538400000000000000e+04
4.240200000000000000e+04
1.355230000000000000e+05
9.439800000000000000e+04
1.211900000000000000e+04
2.643500000000000000e+04
1.360950000000000000e+05
1.411200000000000000e+05
5.175100000000000000e+04
1.426540000000000000e+05
1.479880000000000000e+05
1.227300000000000000e+05
2.278900000000000000e+04
1.398420000000000000e+05
6.087700000000000000e+04
5.719500000000000000e+04
1.169470000000000000e+05
1.259070000000000000e+05
9.177400000000000000e+04
5.002100000000000000e+04
2.191300000000000000e+04
1.147870000000000000e+05
1.311730000000000000e+05
7.280100000000000000e+04
8.926500000000000000e+04
5.926900000000000000e+04
1.020970000000000000e+05
1.022990000000000000e+05
1.920900000000000000e+04
1.001600000000000000e+04
1.392120000000000000e+05
1.116990000000000000e+05
3.355000000000000000e+03
1.217270000000000000e+05
1.375350000000000000e+05
5.941500000000000000e+04
1.361120000000000000e+05
3.228000000000000000e+03
7.093100000000000000e+04
1.159290000000000000e+05
6.978700000000000000e+04
8.854100000000000000e+04
1.528880000000000000e+05
1.010060000000000000e+05
7.222900000000000000e+04
1.353600000000000000e+05
3.965100000000000000e+04
1.665350000000000000e+05
1.372460000000000000e+05
2.023000000000000000e+03
8.770200000000000000e+04
4.307300000000000000e+04
1.442190000000000000e+05
1.249630000000000000e+05
1.393340000000000000e+05
3.771000000000000000e+04
1.464910000000000000e+05
1.064770000000000000e+05
1.785200000000000000e+04
1.038590000000000000e+05
1.339940000000000000e+05
3.910100000000000000e+04
7.159900000000000000e+04
9.781000000000000000e+03
6.542800000000000000e+04
8.054000000000000000e+04
4.501100000000000000e+04
1.033260000000000000e+05
1.215890000000000000e+05
1.462240000000000000e+05
1.519270000000000000e+05
1.193200000000000000e+04
9.516000000000000000e+04
1.621880000000000000e+05
1.287370000000000000e+05
8.083900000000000000e+04
3.666200000000000000e+04
1.271110000000000000e+05
5.459500000000000000e+04
1.583020000000000000e+05
7.396700000000000000e+04
6.697900000000000000e+04
1.682150000000000000e+05
1.014840000000000000e+05
5.112400000000000000e+04
9.337800000000000000e+04
8.082400000000000000e+04
3.517900000000000000e+04
9.174000000000000000e+04
5.191900000000000000e+04
1.173000000000000000e+03
1.618310000000000000e+05
6.662300000000000000e+04
2.030200000000000000e+04
1.156110000000000000e+05
6.956200000000000000e+04
2.638000000000000000e+03
1.001720000000000000e+05
9.050000000000000000e+03
1.576000000000000000e+05
7.194800000000000000e+04
1.462780000000000000e+05
1.671960000000000000e+05
1.666950000000000000e+05
4.893800000000000000e+04
8.338000000000000000e+04
1.678990000000000000e+05
6.779000000000000000e+03
7.913100000000000000e+04
1.287000000000000000e+05
7.893800000000000000e+04
9.516000000000000000e+03
2.811100000000000000e+04
3.391300000000000000e+04
7.940100000000000000e+04
9.348000000000000000e+03
1.164560000000000000e+05
5.599900000000000000e+04
9.959000000000000000e+03
9.019000000000000000e+04
1.034230000000000000e+05
5.618500000000000000e+04
1.105610000000000000e+05
1.533210000000000000e+05
1.632900000000000000e+05
3.115500000000000000e+04
6.018100000000000000e+04
7.644300000000000000e+04
5.107100000000000000e+04
5.386300000000000000e+04
9.584000000000000000e+03
9.190100000000000000e+04
9.754200000000000000e+04
1.494860000000000000e+05
6.132500000000000000e+04
9.336700000000000000e+04
1.018230000000000000e+05
1.035060000000000000e+05
1.548890000000000000e+05
2.591200000000000000e+04
6.775000000000000000e+04
7.971000000000000000e+04
1.197500000000000000e+05
9.026600000000000000e+04
3.452300000000000000e+04
6.966100000000000000e+04
1.887500000000000000e+04
8.900800000000000000e+04
1.324580000000000000e+05
5.079000000000000000e+03
1.534610000000000000e+05
6.276000000000000000e+03
5.079200000000000000e+04
4.806300000000000000e+04
5.522400000000000000e+04
8.650700000000000000e+04
6.318400000000000000e+04
8.664800000000000000e+04
1.274020000000000000e+05
6.324500000000000000e+04
6.548800000000000000e+04
1.153150000000000000e+05
4.649000000000000000e+03
6.637500000000000000e+04
6.212000000000000000e+04
7.223700000000000000e+04
1.269750000000000000e+05
5.043400000000000000e+04
7.404900000000000000e+04
1.307880000000000000e+05
1.662580000000000000e+05
4.987200000000000000e+04
7.971400000000000000e+04
1.230760000000000000e+05
6.698600000000000000e+04
1.093000000000000000e+04
6.813800000000000000e+04
8.820600000000000000e+04
1.121580000000000000e+05
6.581700000000000000e+04
6.443500000000000000e+04
1.423410000000000000e+05
1.803400000000000000e+04
1.491780000000000000e+05
8.655200000000000000e+04
3.520000000000000000e+02
9.627400000000000000e+04
1.542740000000000000e+05
1.242720000000000000e+05
4.345300000000000000e+04
9.459300000000000000e+04
1.513860000000000000e+05
5.497700000000000000e+04
1.568640000000000000e+05
2.314300000000000000e+04
1.206190000000000000e+05
1.658440000000000000e+05
4.332600000000000000e+04
1.006730000000000000e+05
8.362000000000000000e+04
1.004230000000000000e+05
1.663800000000000000e+05
4.241000000000000000e+04
1.120280000000000000e+05
1.662910000000000000e+05
5.763100000000000000e+04
1.493370000000000000e+05
7.237800000000000000e+04
8.017600000000000000e+04
1.634690000000000000e+05
1.599530000000000000e+05
1.315380000000000000e+05
1.790300000000000000e+04
1.363070000000000000e+05
1.261870000000000000e+05
1.430080000000000000e+05
1.093890000000000000e+05
1.035090000000000000e+05
2.507000000000000000e+03
7.598600000000000000e+04
6.698200000000000000e+04
2.136500000000000000e+04
8.373400000000000000e+04
1.599790000000000000e+05
9.985600000000000000e+04
1.432900000000000000e+05
2.732000000000000000e+03
1.508200000000000000e+05
1.334430000000000000e+05
1.449100000000000000e+04
1.420820000000000000e+05
7.723500000000000000e+04
7.520000000000000000e+03
1.590780000000000000e+05
1.188490000000000000e+05
1.957000000000000000e+03
1.319660000000000000e+05
1.055490000000000000e+05
1.494300000000000000e+05
9.294300000000000000e+04
4.061000000000000000e+03
1.033020000000000000e+05
1.035970000000000000e+05
1.521600000000000000e+04
1.555910000000000000e+05
1.240370000000000000e+05
6.297500000000000000e+04
8.451700000000000000e+04
1.166000000000000000e+04
1.133590000000000000e+05
2.017100000000000000e+04
3.631000000000000000e+04
1.358100000000000000e+04
4.967800000000000000e+04
5.293400000000000000e+04
5.170900000000000000e+04
1.040280000000000000e+05
1.369360000000000000e+05
5.399100000000000000e+04
8.508900000000000000e+04
3.264300000000000000e+04
1.348170000000000000e+05
1.623590000000000000e+05
1.338000000000000000e+03
4.408800000000000000e+04
1.448030000000000000e+05
1.007610000000000000e+05
1.100890000000000000e+05
1.020280000000000000e+05
2.403600000000000000e+04
1.669590000000000000e+05
9.707000000000000000e+03
1.500010000000000000e+05
1.353360000000000000e+05
1.560500000000000000e+04
6.153800000000000000e+04
4.583000000000000000e+04
9.669700000000000000e+04
1.291900000000000000e+04
3.137100000000000000e+04
1.586000000000000000e+04
9.797000000000000000e+04
1.046570000000000000e+05
8.377000000000000000e+04
1.041500000000000000e+05
1.379600000000000000e+05
6.924700000000000000e+04
4.981100000000000000e+04
1.020910000000000000e+05
3.385400000000000000e+04
4.299400000000000000e+04
8.221300000000000000e+04
2.676000000000000000e+03
9.069500000000000000e+04
5.768300000000000000e+04
2.887000000000000000e+04
8.851800000000000000e+04
9.344200000000000000e+04
8.286000000000000000e+03
1.360020000000000000e+05
8.777900000000000000e+04
1.001250000000000000e+05
4.890900000000000000e+04
1.273700000000000000e+05
2.758900000000000000e+04
6.000000000000000000e+00
1.320270000000000000e+05
1.677110000000000000e+05
8.958600000000000000e+04
1.522470000000000000e+05
1.525520000000000000e+05
3.891600000000000000e+04
1.685340000000000000e+05
3.194000000000000000e+03
1.447660000000000000e+05
1.513900000000000000e+04
1.206110000000000000e+05
7.480300000000000000e+04
9.313200000000000000e+04
6.679200000000000000e+04
8.221000000000000000e+04
3.857000000000000000e+04
9.122100000000000000e+04
2.897800000000000000e+04
1.472850000000000000e+05
9.376800000000000000e+04
1.693500000000000000e+04
2.716800000000000000e+04
6.836000000000000000e+04
6.340900000000000000e+04
5.638000000000000000e+03
3.443100000000000000e+04
1.656120000000000000e+05
3.293400000000000000e+04
2.957900000000000000e+04
3.611400000000000000e+04
6.641500000000000000e+04
5.487400000000000000e+04
1.632410000000000000e+05
2.568100000000000000e+04
4.971100000000000000e+04
7.994900000000000000e+04
3.489100000000000000e+04
1.094350000000000000e+05
3.176500000000000000e+04
8.547400000000000000e+04
4.798100000000000000e+04
7.077400000000000000e+04
8.574000000000000000e+04
1.550240000000000000e+05
4.686000000000000000e+04
1.019610000000000000e+05
2.165500000000000000e+04
3.357700000000000000e+04
1.398480000000000000e+05
6.208700000000000000e+04
8.633600000000000000e+04
1.293160000000000000e+05
3.519900000000000000e+04
8.978700000000000000e+04
1.602940000000000000e+05
1.575920000000000000e+05
1.550800000000000000e+04
1.122240000000000000e+05
9.349400000000000000e+04
9.765500000000000000e+04
1.248640000000000000e+05
1.343450000000000000e+05
4.188900000000000000e+04
1.620230000000000000e+05
7.262200000000000000e+04
6.932200000000000000e+04
3.889100000000000000e+04
2.194000000000000000e+03
1.247150000000000000e+05
6.821700000000000000e+04
7.996900000000000000e+04
7.201800000000000000e+04
3.365700000000000000e+04
2.871700000000000000e+04
1.650940000000000000e+05
8.281000000000000000e+03
1.175420000000000000e+05
8.385700000000000000e+04
2.527700000000000000e+04
7.464000000000000000e+04
5.422600000000000000e+04
1.293760000000000000e+05
3.000400000000000000e+04
5.944800000000000000e+04
1.459430000000000000e+05
2.804600000000000000e+04
1.406530000000000000e+05
1.629720000000000000e+05
