1.391300000000000000e+04
8.770400000000000000e+04
1.323790000000000000e+05
1.407910000000000000e+05
1.615040000000000000e+05
1.511760000000000000e+05
1.331200000000000000e+04
1.320650000000000000e+05
1.426740000000000000e+05
1.167660000000000000e+05
5.564400000000000000e+04
1.557920000000000000e+05
1.150070000000000000e+05
2.854000000000000000e+03
1.190880000000000000e+05
4.940200000000000000e+04
1.008630000000000000e+05
1.192800000000000000e+04
1.480530000000000000e+05
6.048600000000000000e+04
8.866100000000000000e+04
1.435800000000000000e+05
9.427900000000000000e+04
1.192930000000000000e+05
1.130910000000000000e+05
1.468390000000000000e+05
7.441000000000000000e+03
1.058240000000000000e+05
9.369300000000000000e+04
1.531860000000000000e+05
5.896900000000000000e+04
1.320440000000000000e+05
4.865300000000000000e+04
1.336170000000000000e+05
1.150130000000000000e+05
3.528600000000000000e+04
6.444600000000000000e+04
1.308600000000000000e+04
3.342200000000000000e+04
1.306830000000000000e+05
6.345700000000000000e+04
1.350880000000000000e+05
4.046000000000000000e+03
4.352900000000000000e+04
5.392000000000000000e+04
3.975000000000000000e+03
1.407580000000000000e+05
6.355700000000000000e+04
8.023700000000000000e+04
1.641760000000000000e+05
1.319410000000000000e+05
1.273850000000000000e+05
1.352050000000000000e+05
1.459820000000000000e+05
1.184950000000000000e+05
5.586700000000000000e+04
1.583300000000000000e+05
8.712400000000000000e+04
1.200930000000000000e+05
1.337290000000000000e+05
5.537800000000000000e+04
1.019300000000000000e+05
1.458660000000000000e+05
9.130700000000000000e+04
5.862300000000000000e+04
1.682290000000000000e+05
9.436700000000000000e+04
7.355600000000000000e+04
8.034900000000000000e+04
7.964800000000000000e+04
1.250830000000000000e+05
1.287700000000000000e+04
1.438670000000000000e+05
1.198900000000000000e+04
1.396650000000000000e+05
7.785300000000000000e+04
2.388200000000000000e+04
9.895700000000000000e+04
1.560320000000000000e+05
1.529190000000000000e+05
3.713900000000000000e+04
5.612300000000000000e+04
5.339500000000000000e+04
2.575400000000000000e+04
8.620200000000000000e+04
4.192800000000000000e+04
1.693220000000000000e+05
1.264240000000000000e+05
8.263500000000000000e+04
1.168830000000000000e+05
7.267000000000000000e+04
2.038600000000000000e+04
3.911700000000000000e+04
1.346580000000000000e+05
1.402760000000000000e+05
1.636810000000000000e+05
1.508600000000000000e+05
8.475300000000000000e+04
7.843300000000000000e+04
7.571400000000000000e+04
2.780800000000000000e+04
1.061550000000000000e+05
1.121000000000000000e+05
6.618000000000000000e+04
1.317000000000000000e+04
1.109120000000000000e+05
1.271430000000000000e+05
1.654100000000000000e+05
2.214400000000000000e+04
1.584630000000000000e+05
5.317600000000000000e+04
8.725000000000000000e+03
9.506900000000000000e+04
7.026800000000000000e+04
7.295300000000000000e+04
7.596700000000000000e+04
1.332720000000000000e+05
3.860000000000000000e+03
1.315450000000000000e+05
9.856800000000000000e+04
6.035000000000000000e+04
9.303400000000000000e+04
1.155000000000000000e+03
1.591240000000000000e+05
1.431500000000000000e+05
1.653790000000000000e+05
7.458100000000000000e+04
1.338110000000000000e+05
1.022200000000000000e+05
5.536500000000000000e+04
1.017030000000000000e+05
4.147200000000000000e+04
1.050630000000000000e+05
1.271800000000000000e+04
7.230900000000000000e+04
6.999200000000000000e+04
9.116100000000000000e+04
1.197870000000000000e+05
6.579700000000000000e+04
1.070680000000000000e+05
1.530730000000000000e+05
1.654310000000000000e+05
3.561500000000000000e+04
1.283910000000000000e+05
4.096500000000000000e+04
1.511670000000000000e+05
8.891100000000000000e+04
1.147850000000000000e+05
1.545590000000000000e+05
1.219100000000000000e+04
3.235000000000000000e+04
2.385400000000000000e+04
1.067960000000000000e+05
2.948100000000000000e+04
4.996000000000000000e+04
6.509900000000000000e+04
1.043310000000000000e+05
1.347650000000000000e+05
7.806100000000000000e+04
1.178360000000000000e+05
7.159000000000000000e+04
1.578410000000000000e+05
1.684250000000000000e+05
9.579100000000000000e+04
9.661400000000000000e+04
1.203330000000000000e+05
2.026600000000000000e+04
8.823900000000000000e+04
9.255400000000000000e+04
5.624300000000000000e+04
1.325560000000000000e+05
2.662400000000000000e+04
3.970000000000000000e+02
1.540400000000000000e+04
1.344420000000000000e+05
1.339000000000000000e+04
1.530180000000000000e+05
9.863100000000000000e+04
9.753100000000000000e+04
2.108300000000000000e+04
5.240500000000000000e+04
7.827800000000000000e+04
1.506360000000000000e+05
1.596980000000000000e+05
4.244300000000000000e+04
1.667010000000000000e+05
1.266480000000000000e+05
1.328560000000000000e+05
1.421240000000000000e+05
1.168550000000000000e+05
8.608700000000000000e+04
1.034940000000000000e+05
1.598520000000000000e+05
1.255330000000000000e+05
1.609940000000000000e+05
1.456690000000000000e+05
8.741800000000000000e+04
1.451800000000000000e+04
1.028160000000000000e+05
1.022980000000000000e+05
7.837400000000000000e+04
1.044000000000000000e+03
1.429530000000000000e+05
9.842300000000000000e+04
4.529000000000000000e+03
1.508820000000000000e+05
4.320500000000000000e+04
1.044650000000000000e+05
1.339730000000000000e+05
1.341820000000000000e+05
1.540570000000000000e+05
8.961000000000000000e+04
7.702100000000000000e+04
6.967700000000000000e+04
8.669000000000000000e+03
7.667500000000000000e+04
5.534600000000000000e+04
1.662490000000000000e+05
9.898000000000000000e+04
1.301220000000000000e+05
5.652000000000000000e+03
7.899000000000000000e+03
1.820000000000000000e+02
1.294200000000000000e+05
9.010200000000000000e+04
1.301100000000000000e+05
6.924900000000000000e+04
1.456130000000000000e+05
8.119500000000000000e+04
1.072260000000000000e+05
1.564890000000000000e+05
1.552190000000000000e+05
6.677000000000000000e+03
3.039900000000000000e+04
1.027890000000000000e+05
9.423500000000000000e+04
4.881700000000000000e+04
1.545050000000000000e+05
1.646370000000000000e+05
1.068600000000000000e+05
5.950800000000000000e+04
1.035430000000000000e+05
1.413850000000000000e+05
1.517620000000000000e+05
9.557100000000000000e+04
1.563940000000000000e+05
1.561720000000000000e+05
2.749100000000000000e+04
9.457700000000000000e+04
3.600600000000000000e+04
1.158030000000000000e+05
1.039910000000000000e+05
4.173900000000000000e+04
1.357680000000000000e+05
1.610030000000000000e+05
1.400410000000000000e+05
1.257000000000000000e+05
8.846800000000000000e+04
1.045500000000000000e+05
1.329860000000000000e+05
7.428700000000000000e+04
2.731500000000000000e+04
1.361540000000000000e+05
1.684330000000000000e+05
2.753000000000000000e+04
8.301700000000000000e+04
1.040060000000000000e+05
1.011500000000000000e+05
1.365810000000000000e+05
6.203700000000000000e+04
8.435800000000000000e+04
1.559630000000000000e+05
1.202890000000000000e+05
7.391000000000000000e+03
4.772800000000000000e+04
1.211400000000000000e+04
1.114240000000000000e+05
1.306050000000000000e+05
1.278220000000000000e+05
1.160810000000000000e+05
1.370430000000000000e+05
8.572600000000000000e+04
7.333800000000000000e+04
2.342800000000000000e+04
3.774800000000000000e+04
8.907400000000000000e+04
1.567020000000000000e+05
1.377700000000000000e+04
7.869400000000000000e+04
5.291200000000000000e+04
1.124890000000000000e+05
2.742800000000000000e+04
1.523280000000000000e+05
5.658900000000000000e+04
1.240570000000000000e+05
6.987200000000000000e+04
7.727200000000000000e+04
1.622840000000000000e+05
5.161800000000000000e+04
1.479870000000000000e+05
7.292300000000000000e+04
1.424950000000000000e+05
4.833100000000000000e+04
2.342700000000000000e+04
8.870000000000000000e+02
7.708200000000000000e+04
7.001400000000000000e+04
1.820900000000000000e+04
6.747900000000000000e+04
1.558700000000000000e+05
1.689540000000000000e+05
2.617800000000000000e+04
1.216260000000000000e+05
8.027300000000000000e+04
3.977600000000000000e+04
6.173200000000000000e+04
1.305060000000000000e+05
2.483600000000000000e+04
9.010700000000000000e+04
1.229910000000000000e+05
1.411780000000000000e+05
1.426420000000000000e+05
1.165010000000000000e+05
1.623990000000000000e+05
1.648600000000000000e+05
8.823600000000000000e+04
6.573600000000000000e+04
8.344300000000000000e+04
5.957500000000000000e+04
2.088000000000000000e+03
4.202300000000000000e+04
9.306900000000000000e+04
1.544520000000000000e+05
3.257000000000000000e+04
2.408500000000000000e+04
1.392560000000000000e+05
1.571920000000000000e+05
1.574300000000000000e+04
1.085650000000000000e+05
1.420990000000000000e+05
1.277280000000000000e+05
9.520200000000000000e+04
1.593280000000000000e+05
8.261200000000000000e+04
2.383600000000000000e+04
1.376400000000000000e+05
8.061000000000000000e+03
1.606100000000000000e+05
1.020440000000000000e+05
1.883000000000000000e+03
1.188270000000000000e+05
1.198880000000000000e+05
1.227570000000000000e+05
1.066710000000000000e+05
2.821000000000000000e+03
9.524400000000000000e+04
1.079340000000000000e+05
2.200000000000000000e+02
6.336000000000000000e+04
2.685300000000000000e+04
7.036400000000000000e+04
1.289250000000000000e+05
1.239950000000000000e+05
1.468200000000000000e+05
1.098480000000000000e+05
9.559900000000000000e+04
7.307800000000000000e+04
6.197300000000000000e+04
8.475500000000000000e+04
1.189310000000000000e+05
1.577380000000000000e+05
6.585000000000000000e+04
1.410900000000000000e+05
1.022000000000000000e+05
5.380000000000000000e+03
8.993600000000000000e+04
1.217840000000000000e+05
6.637900000000000000e+04
4.735700000000000000e+04
2.818200000000000000e+04
2.116000000000000000e+04
3.864900000000000000e+04
1.422310000000000000e+05
3.797700000000000000e+04
1.663690000000000000e+05
7.770300000000000000e+04
1.354920000000000000e+05
9.242800000000000000e+04
1.591570000000000000e+05
1.286330000000000000e+05
4.483500000000000000e+04
2.844500000000000000e+04
1.469600000000000000e+05
8.431300000000000000e+04
6.606500000000000000e+04
1.507660000000000000e+05
1.586930000000000000e+05
8.660600000000000000e+04
7.944800000000000000e+04
2.224300000000000000e+04
2.912100000000000000e+04
1.045200000000000000e+05
1.123220000000000000e+05
1.829100000000000000e+04
1.556900000000000000e+04
1.128700000000000000e+04
6.004800000000000000e+04
3.791800000000000000e+04
5.148800000000000000e+04
7.656600000000000000e+04
1.265100000000000000e+04
1.685610000000000000e+05
1.592740000000000000e+05
1.151070000000000000e+05
2.088000000000000000e+04
1.049370000000000000e+05
1.330700000000000000e+05
1.512770000000000000e+05
1.340050000000000000e+05
1.070000000000000000e+03
4.411000000000000000e+04
6.160200000000000000e+04
1.012940000000000000e+05
4.120100000000000000e+04
1.675940000000000000e+05
1.020570000000000000e+05
6.852000000000000000e+04
4.503500000000000000e+04
2.971700000000000000e+04
6.876700000000000000e+04
1.465010000000000000e+05
2.464000000000000000e+03
1.085120000000000000e+05
4.090700000000000000e+04
1.237410000000000000e+05
1.014980000000000000e+05
5.413300000000000000e+04
8.890900000000000000e+04
1.181980000000000000e+05
9.882700000000000000e+04
2.780600000000000000e+04
6.067800000000000000e+04
7.043200000000000000e+04
3.038700000000000000e+04
8.305200000000000000e+04
7.301900000000000000e+04
4.234500000000000000e+04
6.970000000000000000e+02
1.460580000000000000e+05
4.786000000000000000e+03
1.342370000000000000e+05
1.324180000000000000e+05
4.711500000000000000e+04
9.522100000000000000e+04
1.527000000000000000e+04
9.481500000000000000e+04
2.961600000000000000e+04
5.032600000000000000e+04
4.547000000000000000e+04
1.640460000000000000e+05
1.687800000000000000e+04
1.355160000000000000e+05
6.295900000000000000e+04
7.201000000000000000e+03
4.950200000000000000e+04
5.612500000000000000e+04
1.579860000000000000e+05
5.245000000000000000e+03
1.416550000000000000e+05
4.670200000000000000e+04
5.487700000000000000e+04
3.452600000000000000e+04
8.437900000000000000e+04
9.304000000000000000e+04
1.314900000000000000e+04
2.863100000000000000e+04
1.542940000000000000e+05
3.151900000000000000e+04
4.431100000000000000e+04
9.633800000000000000e+04
1.019150000000000000e+05
5.267500000000000000e+04
1.395550000000000000e+05
1.333650000000000000e+05
9.540800000000000000e+04
3.056700000000000000e+04
8.249900000000000000e+04
5.182200000000000000e+04
8.220300000000000000e+04
1.445750000000000000e+05
8.916700000000000000e+04
1.679160000000000000e+05
6.064400000000000000e+04
1.046700000000000000e+05
5.543500000000000000e+04
1.260400000000000000e+04
6.059500000000000000e+04
1.338700000000000000e+04
1.041220000000000000e+05
1.109660000000000000e+05
1.681000000000000000e+05
6.952800000000000000e+04
6.804800000000000000e+04
1.453120000000000000e+05
1.177900000000000000e+05
1.374600000000000000e+04
1.629150000000000000e+05
4.539000000000000000e+04
1.075590000000000000e+05
3.348400000000000000e+04
1.296550000000000000e+05
2.323200000000000000e+04
1.001070000000000000e+05
2.185200000000000000e+04
1.543130000000000000e+05
1.561100000000000000e+05
5.274800000000000000e+04
5.727000000000000000e+04
1.769000000000000000e+04
1.292760000000000000e+05
5.941600000000000000e+04
1.150140000000000000e+05
8.260300000000000000e+04
1.165730000000000000e+05
4.575700000000000000e+04
1.624090000000000000e+05
3.014000000000000000e+04
3.788700000000000000e+04
1.406230000000000000e+05
8.758500000000000000e+04
6.769100000000000000e+04
1.300950000000000000e+05
6.635800000000000000e+04
7.916000000000000000e+04
9.888000000000000000e+04
1.279300000000000000e+04
1.473830000000000000e+05
1.087420000000000000e+05
1.728900000000000000e+04
6.436600000000000000e+04
1.352400000000000000e+04
1.531120000000000000e+05
6.540500000000000000e+04
1.306650000000000000e+05
1.258310000000000000e+05
1.846300000000000000e+04
3.527800000000000000e+04
1.068630000000000000e+05
1.261850000000000000e+05
6.203300000000000000e+04
1.211170000000000000e+05
3.947000000000000000e+03
1.317340000000000000e+05
1.050440000000000000e+05
5.186200000000000000e+04
5.541100000000000000e+04
3.166500000000000000e+04
1.543660000000000000e+05
1.205610000000000000e+05
1.411600000000000000e+04
3.381900000000000000e+04
7.316600000000000000e+04
5.653900000000000000e+04
3.855600000000000000e+04
1.171170000000000000e+05
3.634300000000000000e+04
5.207100000000000000e+04
1.691590000000000000e+05
1.371280000000000000e+05
5.793300000000000000e+04
1.174240000000000000e+05
1.230290000000000000e+05
1.043220000000000000e+05
8.185000000000000000e+04
4.562200000000000000e+04
1.545030000000000000e+05
1.145980000000000000e+05
8.427200000000000000e+04
1.050600000000000000e+05
3.796400000000000000e+04
7.912900000000000000e+04
6.511500000000000000e+04
8.415000000000000000e+04
1.201900000000000000e+05
5.337300000000000000e+04
1.394330000000000000e+05
1.506300000000000000e+04
7.383400000000000000e+04
3.746400000000000000e+04
1.285150000000000000e+05
5.830300000000000000e+04
7.914300000000000000e+04
1.079000000000000000e+05
3.160900000000000000e+04
2.756000000000000000e+03
5.265600000000000000e+04
4.441000000000000000e+04
1.528600000000000000e+04
7.394000000000000000e+03
4.543000000000000000e+04
3.523900000000000000e+04
1.220800000000000000e+05
1.180480000000000000e+05
1.552610000000000000e+05
4.160100000000000000e+04
8.136700000000000000e+04
1.314550000000000000e+05
1.152230000000000000e+05
4.291400000000000000e+04
8.428700000000000000e+04
7.225100000000000000e+04
1.631290000000000000e+05
1.565500000000000000e+05
5.529300000000000000e+04
5.143200000000000000e+04
2.884400000000000000e+04
9.098300000000000000e+04
8.762300000000000000e+04
1.479300000000000000e+04
3.085400000000000000e+04
1.149710000000000000e+05
1.167300000000000000e+05
1.078430000000000000e+05
1.597000000000000000e+05
3.405500000000000000e+04
3.722600000000000000e+04
4.470700000000000000e+04
3.952000000000000000e+04
6.169600000000000000e+04
1.057080000000000000e+05
1.345090000000000000e+05
8.622000000000000000e+03
1.093190000000000000e+05
1.586280000000000000e+05
1.224610000000000000e+05
1.295400000000000000e+04
3.146800000000000000e+04
1.376180000000000000e+05
6.211600000000000000e+04
9.066100000000000000e+04
1.212470000000000000e+05
4.919000000000000000e+04
3.689900000000000000e+04
6.600200000000000000e+04
1.333260000000000000e+05
4.353900000000000000e+04
1.156970000000000000e+05
1.577700000000000000e+05
2.571200000000000000e+04
1.472270000000000000e+05
6.107500000000000000e+04
1.287840000000000000e+05
9.142100000000000000e+04
1.109740000000000000e+05
3.301700000000000000e+04
1.383870000000000000e+05
1.588440000000000000e+05
7.562500000000000000e+04
1.198430000000000000e+05
2.258200000000000000e+04
2.433700000000000000e+04
3.441600000000000000e+04
5.119200000000000000e+04
6.742000000000000000e+03
1.594900000000000000e+04
1.793000000000000000e+04
1.074790000000000000e+05
7.521200000000000000e+04
1.470840000000000000e+05
1.526250000000000000e+05
1.411990000000000000e+05
1.674000000000000000e+03
1.211030000000000000e+05
1.920600000000000000e+04
1.537770000000000000e+05
4.811700000000000000e+04
8.974100000000000000e+04
1.515670000000000000e+05
9.161000000000000000e+04
2.338600000000000000e+04
9.574300000000000000e+04
9.801100000000000000e+04
8.671400000000000000e+04
1.077850000000000000e+05
3.948500000000000000e+04
4.604000000000000000e+04
1.100000000000000000e+02
5.732000000000000000e+03
9.811500000000000000e+04
7.295700000000000000e+04
1.182800000000000000e+05
1.001240000000000000e+05
4.460900000000000000e+04
6.772300000000000000e+04
1.039460000000000000e+05
1.097430000000000000e+05
5.581200000000000000e+04
8.325200000000000000e+04
1.409470000000000000e+05
2.569700000000000000e+04
1.047000000000000000e+03
3.339200000000000000e+04
3.782800000000000000e+04
6.419800000000000000e+04
8.718100000000000000e+04
1.951000000000000000e+04
5.948000000000000000e+04
1.464790000000000000e+05
1.604200000000000000e+04
4.817000000000000000e+03
1.292610000000000000e+05
1.444910000000000000e+05
1.165780000000000000e+05
6.719000000000000000e+03
1.047100000000000000e+04
4.885800000000000000e+04
2.011000000000000000e+04
1.505460000000000000e+05
2.681200000000000000e+04
1.414610000000000000e+05
1.649130000000000000e+05
9.602600000000000000e+04
1.675460000000000000e+05
1.170400000000000000e+05
1.052290000000000000e+05
1.335710000000000000e+05
3.411000000000000000e+04
6.392000000000000000e+04
1.316570000000000000e+05
1.387110000000000000e+05
7.459700000000000000e+04
1.412230000000000000e+05
1.540850000000000000e+05
1.943900000000000000e+04
7.346800000000000000e+04
4.326000000000000000e+03
4.591000000000000000e+04
1.316340000000000000e+05
9.112100000000000000e+04
1.377110000000000000e+05
1.186470000000000000e+05
1.548350000000000000e+05
8.896300000000000000e+04
9.756600000000000000e+04
1.629970000000000000e+05
1.552280000000000000e+05
3.346400000000000000e+04
4.491600000000000000e+04
7.611800000000000000e+04
4.793300000000000000e+04
7.078500000000000000e+04
1.164300000000000000e+04
1.579400000000000000e+04
1.170070000000000000e+05
1.672700000000000000e+04
6.023000000000000000e+03
9.974000000000000000e+03
8.853200000000000000e+04
4.082900000000000000e+04
2.856900000000000000e+04
1.480170000000000000e+05
1.536300000000000000e+04
1.081140000000000000e+05
9.633500000000000000e+04
7.036000000000000000e+03
5.276000000000000000e+03
1.305360000000000000e+05
1.680450000000000000e+05
1.130850000000000000e+05
1.156340000000000000e+05
9.866400000000000000e+04
8.883600000000000000e+04
1.469000000000000000e+04
1.178500000000000000e+04
1.536710000000000000e+05
4.112600000000000000e+04
7.359100000000000000e+04
1.526190000000000000e+05
1.571900000000000000e+05
1.384360000000000000e+05
1.216380000000000000e+05
1.660020000000000000e+05
1.671990000000000000e+05
6.054400000000000000e+04
6.272100000000000000e+04
5.015800000000000000e+04
1.113150000000000000e+05
1.075710000000000000e+05
3.799100000000000000e+04
2.238600000000000000e+04
9.271500000000000000e+04
1.492980000000000000e+05
7.204300000000000000e+04
6.585000000000000000e+03
1.359040000000000000e+05
2.869300000000000000e+04
1.406400000000000000e+04
1.560260000000000000e+05
8.755000000000000000e+04
1.047360000000000000e+05
8.786400000000000000e+04
4.339000000000000000e+03
9.491400000000000000e+04
4.528800000000000000e+04
1.276400000000000000e+05
1.263420000000000000e+05
6.636300000000000000e+04
1.097350000000000000e+05
4.564600000000000000e+04
2.679300000000000000e+04
1.187640000000000000e+05
6.481000000000000000e+03
2.410500000000000000e+04
8.760700000000000000e+04
9.869700000000000000e+04
5.011700000000000000e+04
1.428980000000000000e+05
5.024900000000000000e+04
1.721700000000000000e+04
1.572520000000000000e+05
1.008200000000000000e+05
5.650100000000000000e+04
3.978400000000000000e+04
1.488980000000000000e+05
1.413120000000000000e+05
9.504200000000000000e+04
3.869500000000000000e+04
1.284380000000000000e+05
6.905800000000000000e+04
1.288280000000000000e+05
1.065940000000000000e+05
2.457100000000000000e+04
8.214100000000000000e+04
6.212800000000000000e+04
7.121900000000000000e+04
9.606700000000000000e+04
8.902500000000000000e+04
6.581600000000000000e+04
1.633350000000000000e+05
7.654100000000000000e+04
2.200400000000000000e+04
6.005800000000000000e+04
1.271460000000000000e+05
6.930100000000000000e+04
7.296900000000000000e+04
1.087390000000000000e+05
1.627160000000000000e+05
8.304100000000000000e+04
4.164400000000000000e+04
5.862600000000000000e+04
1.316300000000000000e+05
1.655310000000000000e+05
3.133000000000000000e+03
2.847000000000000000e+03
1.119700000000000000e+05
1.003600000000000000e+04
1.357230000000000000e+05
5.159000000000000000e+04
1.061680000000000000e+05
1.257010000000000000e+05
6.499000000000000000e+03
1.150470000000000000e+05
4.045200000000000000e+04
5.807400000000000000e+04
1.152280000000000000e+05
1.676920000000000000e+05
1.428210000000000000e+05
9.676800000000000000e+04
7.815000000000000000e+03
3.032000000000000000e+04
9.375000000000000000e+04
2.344300000000000000e+04
4.107800000000000000e+04
5.090200000000000000e+04
1.312620000000000000e+05
5.315200000000000000e+04
1.272700000000000000e+05
8.998000000000000000e+04
1.139800000000000000e+04
1.274710000000000000e+05
1.551080000000000000e+05
6.906900000000000000e+04
3.652200000000000000e+04
3.027700000000000000e+04
5.264800000000000000e+04
8.813200000000000000e+04
1.692470000000000000e+05
5.815100000000000000e+04
5.079400000000000000e+04
7.232200000000000000e+04
2.736000000000000000e+03
1.193860000000000000e+05
9.967800000000000000e+04
4.149200000000000000e+04
1.591790000000000000e+05
1.167470000000000000e+05
1.014620000000000000e+05
3.907300000000000000e+04
3.971900000000000000e+04
8.322400000000000000e+04
1.816900000000000000e+04
1.130770000000000000e+05
1.240820000000000000e+05
3.273200000000000000e+04
8.700000000000000000e+01
7.790000000000000000e+02
1.077960000000000000e+05
1.053460000000000000e+05
6.970500000000000000e+04
1.230650000000000000e+05
1.253730000000000000e+05
1.440320000000000000e+05
1.131190000000000000e+05
4.887300000000000000e+04
1.015580000000000000e+05
1.857500000000000000e+04
5.862100000000000000e+04
1.649560000000000000e+05
1.307000000000000000e+03
4.055000000000000000e+03
1.279780000000000000e+05
5.941300000000000000e+04
7.364000000000000000e+04
1.340720000000000000e+05
1.344730000000000000e+05
8.295300000000000000e+04
1.675920000000000000e+05
1.317520000000000000e+05
6.447600000000000000e+04
1.028260000000000000e+05
1.217700000000000000e+04
1.438080000000000000e+05
1.040250000000000000e+05
9.585200000000000000e+04
6.794900000000000000e+04
9.089000000000000000e+03
3.850400000000000000e+04
6.235400000000000000e+04
9.340000000000000000e+03
3.958800000000000000e+04
6.333600000000000000e+04
6.860700000000000000e+04
2.642000000000000000e+03
1.569580000000000000e+05
1.472670000000000000e+05
4.807400000000000000e+04
1.378220000000000000e+05
1.449230000000000000e+05
1.402680000000000000e+05
6.103900000000000000e+04
5.819700000000000000e+04
4.468700000000000000e+04
8.434800000000000000e+04
9.683000000000000000e+04
9.707000000000000000e+04
5.701000000000000000e+03
3.714200000000000000e+04
6.377700000000000000e+04
1.202670000000000000e+05
1.319990000000000000e+05
3.629000000000000000e+03
1.395330000000000000e+05
8.821800000000000000e+04
7.707500000000000000e+04
9.318900000000000000e+04
7.966700000000000000e+04
8.036500000000000000e+04
5.122300000000000000e+04
6.918200000000000000e+04
1.340880000000000000e+05
1.087660000000000000e+05
1.621000000000000000e+04
1.423560000000000000e+05
1.048450000000000000e+05
3.670000000000000000e+04
2.816200000000000000e+04
1.403880000000000000e+05
1.518300000000000000e+04
1.584560000000000000e+05
1.066800000000000000e+05
1.382000000000000000e+03
8.811100000000000000e+04
8.013400000000000000e+04
5.726500000000000000e+04
7.267300000000000000e+04
1.445490000000000000e+05
1.375420000000000000e+05
9.769900000000000000e+04
1.088680000000000000e+05
2.086600000000000000e+04
1.072650000000000000e+05
8.733700000000000000e+04
2.874200000000000000e+04
7.474200000000000000e+04
7.794600000000000000e+04
7.068600000000000000e+04
4.135300000000000000e+04
1.432710000000000000e+05
1.327870000000000000e+05
5.773800000000000000e+04
1.657350000000000000e+05
9.588100000000000000e+04
1.215950000000000000e+05
1.509600000000000000e+04
3.098500000000000000e+04
8.166600000000000000e+04
1.086840000000000000e+05
7.826300000000000000e+04
1.320530000000000000e+05
1.385730000000000000e+05
1.490520000000000000e+05
8.712600000000000000e+04
9.379600000000000000e+04
4.398200000000000000e+04
4.357600000000000000e+04
6.994800000000000000e+04
1.650970000000000000e+05
1.218660000000000000e+05
6.268500000000000000e+04
4.400400000000000000e+04
1.625120000000000000e+05
4.464000000000000000e+04
7.890100000000000000e+04
1.558020000000000000e+05
2.327700000000000000e+04
1.615140000000000000e+05
3.729200000000000000e+04
9.219200000000000000e+04
9.535700000000000000e+04
1.478980000000000000e+05
1.280040000000000000e+05
8.439500000000000000e+04
3.607200000000000000e+04
2.417400000000000000e+04
1.451490000000000000e+05
1.189200000000000000e+04
8.493900000000000000e+04
1.140010000000000000e+05
9.661100000000000000e+04
1.105770000000000000e+05
6.162300000000000000e+04
3.805200000000000000e+04
1.404190000000000000e+05
4.749000000000000000e+03
1.575550000000000000e+05
3.603800000000000000e+04
8.748300000000000000e+04
4.745000000000000000e+03
1.016430000000000000e+05
9.456900000000000000e+04
2.134300000000000000e+04
1.525700000000000000e+05
8.610600000000000000e+04
1.398640000000000000e+05
1.297060000000000000e+05
1.015370000000000000e+05
2.286600000000000000e+04
1.600980000000000000e+05
1.259240000000000000e+05
5.174600000000000000e+04
7.114700000000000000e+04
7.322400000000000000e+04
7.821000000000000000e+03
1.279270000000000000e+05
1.308100000000000000e+04
1.358170000000000000e+05
4.134000000000000000e+04
1.037630000000000000e+05
1.467580000000000000e+05
1.100000000000000000e+01
8.086200000000000000e+04
1.077660000000000000e+05
9.223700000000000000e+04
2.962500000000000000e+04
4.677500000000000000e+04
1.400340000000000000e+05
1.046810000000000000e+05
1.100110000000000000e+05
1.182530000000000000e+05
1.133180000000000000e+05
1.514900000000000000e+04
7.639200000000000000e+04
3.260500000000000000e+04
1.039170000000000000e+05
1.410750000000000000e+05
1.315200000000000000e+05
5.659700000000000000e+04
1.543540000000000000e+05
5.408600000000000000e+04
1.517550000000000000e+05
7.907200000000000000e+04
1.616660000000000000e+05
2.875900000000000000e+04
6.105100000000000000e+04
5.150700000000000000e+04
2.255100000000000000e+04
1.286140000000000000e+05
1.234400000000000000e+05
1.155050000000000000e+05
1.271850000000000000e+05
1.187010000000000000e+05
1.583400000000000000e+05
5.932400000000000000e+04
2.347900000000000000e+04
9.154100000000000000e+04
5.509800000000000000e+04
7.453600000000000000e+04
6.076500000000000000e+04
1.328070000000000000e+05
2.996400000000000000e+04
8.689100000000000000e+04
1.229750000000000000e+05
6.292700000000000000e+04
5.111000000000000000e+03
1.170030000000000000e+05
3.078600000000000000e+04
4.784000000000000000e+03
7.998400000000000000e+04
6.072100000000000000e+04
1.438690000000000000e+05
8.645100000000000000e+04
1.049350000000000000e+05
9.111200000000000000e+04
1.190820000000000000e+05
2.353000000000000000e+03
1.187430000000000000e+05
2.705800000000000000e+04
7.245400000000000000e+04
1.001290000000000000e+05
9.526800000000000000e+04
1.323040000000000000e+05
1.130700000000000000e+04
1.222030000000000000e+05
1.159170000000000000e+05
1.180360000000000000e+05
1.150180000000000000e+05
7.251500000000000000e+04
1.023700000000000000e+04
1.375120000000000000e+05
3.047100000000000000e+04
1.310500000000000000e+05
4.328700000000000000e+04
5.063000000000000000e+04
1.619660000000000000e+05
1.554600000000000000e+04
4.744100000000000000e+04
8.181900000000000000e+04
1.597250000000000000e+05
1.373120000000000000e+05
1.432940000000000000e+05
8.362000000000000000e+03
1.132380000000000000e+05
1.086170000000000000e+05
1.124300000000000000e+04
6.921900000000000000e+04
1.408210000000000000e+05
1.622710000000000000e+05
1.095260000000000000e+05
1.002280000000000000e+05
5.094300000000000000e+04
2.864300000000000000e+04
8.375200000000000000e+04
1.435660000000000000e+05
1.112910000000000000e+05
9.889700000000000000e+04
7.986300000000000000e+04
2.660500000000000000e+04
8.264900000000000000e+04
2.733000000000000000e+04
1.670040000000000000e+05
7.405300000000000000e+04
3.953500000000000000e+04
1.151710000000000000e+05
4.154600000000000000e+04
5.934000000000000000e+04
1.748900000000000000e+04
7.726700000000000000e+04
4.339500000000000000e+04
1.428180000000000000e+05
1.013620000000000000e+05
2.877900000000000000e+04
9.118900000000000000e+04
1.439740000000000000e+05
1.405590000000000000e+05
1.358870000000000000e+05
5.682400000000000000e+04
5.981900000000000000e+04
1.000930000000000000e+05
1.546170000000000000e+05
1.266420000000000000e+05
2.216000000000000000e+03
2.746400000000000000e+04
5.897400000000000000e+04
1.137970000000000000e+05
1.072360000000000000e+05
7.442400000000000000e+04
1.523290000000000000e+05
1.704200000000000000e+04
9.616600000000000000e+04
9.644500000000000000e+04
4.614800000000000000e+04
1.269890000000000000e+05
6.065800000000000000e+04
8.623700000000000000e+04
2.269600000000000000e+04
3.807300000000000000e+04
1.138200000000000000e+04
1.383930000000000000e+05
1.113050000000000000e+05
9.850600000000000000e+04
1.021860000000000000e+05
7.400000000000000000e+01
1.824300000000000000e+04
1.824800000000000000e+04
2.090700000000000000e+04
1.281000000000000000e+05
1.499230000000000000e+05
7.873000000000000000e+03
1.235020000000000000e+05
4.546100000000000000e+04
8.417100000000000000e+04
3.133800000000000000e+04
1.187570000000000000e+05
1.379310000000000000e+05
1.332910000000000000e+05
6.806900000000000000e+04
1.240250000000000000e+05
2.596100000000000000e+04
2.536300000000000000e+04
1.219140000000000000e+05
6.187300000000000000e+04
1.504140000000000000e+05
2.480300000000000000e+04
4.419800000000000000e+04
1.555740000000000000e+05
3.981200000000000000e+04
5.591500000000000000e+04
9.758900000000000000e+04
1.106200000000000000e+05
1.403740000000000000e+05
2.137900000000000000e+04
8.188700000000000000e+04
1.060870000000000000e+05
1.008420000000000000e+05
6.041700000000000000e+04
1.570360000000000000e+05
1.411390000000000000e+05
5.982200000000000000e+04
8.962000000000000000e+04
4.591700000000000000e+04
5.939600000000000000e+04
3.563200000000000000e+04
1.689190000000000000e+05
1.683800000000000000e+04
1.648860000000000000e+05
5.196300000000000000e+04
4.568000000000000000e+04
1.237940000000000000e+05
1.202610000000000000e+05
1.307170000000000000e+05
3.778000000000000000e+04
7.529000000000000000e+03
1.275730000000000000e+05
1.081340000000000000e+05
4.688000000000000000e+04
8.108200000000000000e+04
1.501750000000000000e+05
1.078680000000000000e+05
1.659560000000000000e+05
6.021000000000000000e+04
1.346390000000000000e+05
2.212800000000000000e+04
7.599100000000000000e+04
8.956700000000000000e+04
1.497230000000000000e+05
1.264170000000000000e+05
1.381340000000000000e+05
1.366270000000000000e+05
2.561200000000000000e+04
4.821000000000000000e+04
1.557990000000000000e+05
1.039320000000000000e+05
4.991900000000000000e+04
7.892300000000000000e+04
1.405700000000000000e+04
1.323460000000000000e+05
1.038990000000000000e+05
6.673400000000000000e+04
1.187800000000000000e+05
1.534180000000000000e+05
5.397900000000000000e+04
9.858100000000000000e+04
1.545960000000000000e+05
4.072100000000000000e+04
4.170200000000000000e+04
4.124500000000000000e+04
1.161760000000000000e+05
1.262800000000000000e+04
6.071600000000000000e+04
1.116230000000000000e+05
3.553800000000000000e+04
1.651120000000000000e+05
8.014500000000000000e+04
2.388800000000000000e+04
1.376090000000000000e+05
5.188700000000000000e+04
1.013530000000000000e+05
5.594900000000000000e+04
5.866900000000000000e+04
1.575630000000000000e+05
1.299590000000000000e+05
3.764600000000000000e+04
4.844700000000000000e+04
3.133700000000000000e+04
8.981000000000000000e+04
7.949300000000000000e+04
1.313670000000000000e+05
1.597520000000000000e+05
1.175310000000000000e+05
8.919300000000000000e+04
8.987800000000000000e+04
9.802900000000000000e+04
6.860500000000000000e+04
9.920100000000000000e+04
1.538160000000000000e+05
1.362500000000000000e+05
3.147400000000000000e+04
1.654350000000000000e+05
1.614020000000000000e+05
1.543680000000000000e+05
5.403000000000000000e+04
4.340100000000000000e+04
1.477100000000000000e+04
1.222450000000000000e+05
4.178700000000000000e+04
1.681300000000000000e+04
5.620600000000000000e+04
9.767900000000000000e+04
1.320100000000000000e+05
1.537300000000000000e+05
2.700900000000000000e+04
2.609700000000000000e+04
5.192400000000000000e+04
5.148000000000000000e+04
1.306800000000000000e+04
1.193050000000000000e+05
9.721000000000000000e+03
1.167650000000000000e+05
4.086100000000000000e+04
1.663420000000000000e+05
8.832400000000000000e+04
2.624700000000000000e+04
6.454300000000000000e+04
1.261220000000000000e+05
8.729000000000000000e+03
1.020790000000000000e+05
8.154600000000000000e+04
1.340890000000000000e+05
1.421000000000000000e+04
3.209000000000000000e+04
8.183100000000000000e+04
1.316940000000000000e+05
1.448000000000000000e+04
3.138000000000000000e+03
1.419520000000000000e+05
1.452130000000000000e+05
4.390000000000000000e+03
1.442240000000000000e+05
7.360000000000000000e+03
1.685670000000000000e+05
9.584100000000000000e+04
7.745800000000000000e+04
3.549900000000000000e+04
8.749100000000000000e+04
1.000810000000000000e+05
1.431760000000000000e+05
8.577300000000000000e+04
1.650710000000000000e+05
8.563500000000000000e+04
2.998900000000000000e+04
1.417410000000000000e+05
1.032640000000000000e+05
7.296000000000000000e+03
6.082100000000000000e+04
6.526900000000000000e+04
1.672320000000000000e+05
7.393000000000000000e+03
8.958400000000000000e+04
1.451570000000000000e+05
3.448500000000000000e+04
6.486900000000000000e+04
1.179090000000000000e+05
1.245110000000000000e+05
7.446000000000000000e+04
8.698500000000000000e+04
4.213400000000000000e+04
3.001100000000000000e+04
1.087190000000000000e+05
1.243210000000000000e+05
1.357060000000000000e+05
6.184200000000000000e+04
1.514940000000000000e+05
1.950200000000000000e+04
4.397500000000000000e+04
1.146980000000000000e+05
1.593000000000000000e+04
4.476900000000000000e+04
1.600290000000000000e+05
8.317500000000000000e+04
5.767000000000000000e+04
1.342050000000000000e+05
1.053240000000000000e+05
1.455070000000000000e+05
2.098700000000000000e+04
6.668100000000000000e+04
1.274820000000000000e+05
1.378200000000000000e+05
4.745400000000000000e+04
9.845800000000000000e+04
1.264000000000000000e+04
3.571900000000000000e+04
5.156600000000000000e+04
1.362800000000000000e+04
1.564090000000000000e+05
3.938400000000000000e+04
1.108200000000000000e+05
8.349700000000000000e+04
4.103400000000000000e+04
7.076600000000000000e+04
5.541400000000000000e+04
4.325700000000000000e+04
3.004100000000000000e+04
3.148600000000000000e+04
1.173410000000000000e+05
9.610900000000000000e+04
1.350190000000000000e+05
1.047930000000000000e+05
7.819800000000000000e+04
1.081730000000000000e+05
9.022100000000000000e+04
1.633430000000000000e+05
6.212100000000000000e+04
3.004000000000000000e+04
1.293410000000000000e+05
6.566800000000000000e+04
7.373000000000000000e+03
1.181550000000000000e+05
2.660100000000000000e+04
1.306740000000000000e+05
1.404000000000000000e+04
3.917200000000000000e+04
1.198490000000000000e+05
1.315810000000000000e+05
5.727000000000000000e+03
1.199350000000000000e+05
1.082050000000000000e+05
1.514970000000000000e+05
6.194100000000000000e+04
3.205400000000000000e+04
9.506600000000000000e+04
1.252540000000000000e+05
7.523300000000000000e+04
1.447220000000000000e+05
1.144200000000000000e+04
1.304890000000000000e+05
4.409500000000000000e+04
3.333700000000000000e+04
8.100000000000000000e+01
1.367090000000000000e+05
1.080200000000000000e+04
6.116400000000000000e+04
1.643980000000000000e+05
4.333500000000000000e+04
1.224020000000000000e+05
1.450500000000000000e+04
7.151900000000000000e+04
6.264600000000000000e+04
1.172250000000000000e+05
1.424070000000000000e+05
2.959300000000000000e+04
1.557710000000000000e+05
1.637530000000000000e+05
1.058700000000000000e+05
3.726000000000000000e+04
1.335480000000000000e+05
5.669700000000000000e+04
1.257380000000000000e+05
6.688400000000000000e+04
1.251450000000000000e+05
1.192150000000000000e+05
2.317100000000000000e+04
1.559600000000000000e+04
9.660800000000000000e+04
9.457000000000000000e+03
8.243300000000000000e+04
1.387180000000000000e+05
1.305570000000000000e+05
4.759800000000000000e+04
1.221020000000000000e+05
6.981700000000000000e+04
4.877000000000000000e+04
1.333350000000000000e+05
1.454590000000000000e+05
1.362690000000000000e+05
1.364440000000000000e+05
5.757000000000000000e+04
3.416700000000000000e+04
1.555770000000000000e+05
1.649910000000000000e+05
1.167800000000000000e+05
1.596490000000000000e+05
1.160640000000000000e+05
9.420000000000000000e+03
1.111800000000000000e+05
1.262300000000000000e+04
7.382500000000000000e+04
2.607000000000000000e+04
1.814100000000000000e+04
4.334400000000000000e+04
1.937900000000000000e+04
2.338300000000000000e+04
1.001110000000000000e+05
1.093470000000000000e+05
1.357950000000000000e+05
2.195700000000000000e+04
8.232400000000000000e+04
6.166000000000000000e+03
3.272700000000000000e+04
2.505600000000000000e+04
4.623200000000000000e+04
1.435760000000000000e+05
8.970300000000000000e+04
9.858700000000000000e+04
7.913300000000000000e+04
1.508110000000000000e+05
1.115400000000000000e+04
5.995400000000000000e+04
8.211900000000000000e+04
7.438200000000000000e+04
6.419600000000000000e+04
1.117140000000000000e+05
5.205200000000000000e+04
1.088400000000000000e+05
7.784200000000000000e+04
6.060000000000000000e+03
5.548600000000000000e+04
4.970300000000000000e+04
9.207400000000000000e+04
1.637680000000000000e+05
1.563430000000000000e+05
1.546690000000000000e+05
9.673800000000000000e+04
3.725100000000000000e+04
5.382600000000000000e+04
9.906000000000000000e+04
1.222190000000000000e+05
5.468200000000000000e+04
5.868500000000000000e+04
1.064120000000000000e+05
1.148850000000000000e+05
1.050500000000000000e+05
2.187200000000000000e+04
1.148160000000000000e+05
1.397580000000000000e+05
1.239590000000000000e+05
9.884600000000000000e+04
1.433330000000000000e+05
1.080820000000000000e+05
6.663600000000000000e+04
2.547500000000000000e+04
4.371000000000000000e+04
2.282300000000000000e+04
8.454700000000000000e+04
1.408350000000000000e+05
9.233400000000000000e+04
7.654000000000000000e+04
1.277960000000000000e+05
1.981400000000000000e+04
8.704000000000000000e+04
5.187800000000000000e+04
1.418710000000000000e+05
1.391960000000000000e+05
1.381900000000000000e+04
1.456600000000000000e+05
1.051000000000000000e+03
6.323400000000000000e+04
7.387100000000000000e+04
1.571790000000000000e+05
1.238880000000000000e+05
1.284770000000000000e+05
9.552400000000000000e+04
9.505400000000000000e+04
1.537000000000000000e+03
8.878800000000000000e+04
3.702200000000000000e+04
2.075700000000000000e+04
1.154980000000000000e+05
1.414650000000000000e+05
1.404100000000000000e+05
4.571200000000000000e+04
1.582690000000000000e+05
8.887700000000000000e+04
9.926000000000000000e+03
6.106600000000000000e+04
1.093520000000000000e+05
1.493510000000000000e+05
1.196640000000000000e+05
5.177700000000000000e+04
1.046880000000000000e+05
1.570300000000000000e+05
2.408800000000000000e+04
1.507850000000000000e+05
1.408340000000000000e+05
1.051780000000000000e+05
5.062800000000000000e+04
1.655760000000000000e+05
8.299700000000000000e+04
9.386200000000000000e+04
5.726900000000000000e+04
4.274900000000000000e+04
5.007600000000000000e+04
1.350520000000000000e+05
1.161930000000000000e+05
4.413000000000000000e+04
1.317800000000000000e+05
1.497410000000000000e+05
1.617720000000000000e+05
1.437200000000000000e+04
3.090000000000000000e+04
1.094970000000000000e+05
8.751700000000000000e+04
1.934700000000000000e+04
7.903900000000000000e+04
1.209230000000000000e+05
4.293100000000000000e+04
1.157310000000000000e+05
1.487870000000000000e+05
1.438100000000000000e+05
6.993400000000000000e+04
6.169300000000000000e+04
1.543400000000000000e+05
1.504380000000000000e+05
1.671460000000000000e+05
5.700800000000000000e+04
2.545300000000000000e+04
5.787500000000000000e+04
9.669500000000000000e+04
3.906600000000000000e+04
1.548050000000000000e+05
4.631300000000000000e+04
2.003300000000000000e+04
1.250790000000000000e+05
6.950000000000000000e+04
1.669650000000000000e+05
1.172700000000000000e+05
1.441180000000000000e+05
1.338730000000000000e+05
1.107900000000000000e+04
8.266700000000000000e+04
5.280300000000000000e+04
2.858400000000000000e+04
1.385000000000000000e+05
1.506150000000000000e+05
1.168520000000000000e+05
6.797000000000000000e+03
1.250520000000000000e+05
1.637800000000000000e+05
4.884000000000000000e+04
1.226900000000000000e+05
6.842700000000000000e+04
1.635780000000000000e+05
1.339900000000000000e+04
1.072890000000000000e+05
2.600900000000000000e+04
1.738700000000000000e+04
6.936600000000000000e+04
1.478990000000000000e+05
7.484600000000000000e+04
1.800200000000000000e+04
1.065710000000000000e+05
3.063600000000000000e+04
1.107400000000000000e+05
1.404690000000000000e+05
4.864900000000000000e+04
4.646000000000000000e+03
8.571700000000000000e+04
1.604490000000000000e+05
4.957500000000000000e+04
9.544900000000000000e+04
1.367770000000000000e+05
1.621730000000000000e+05
2.484100000000000000e+04
1.173660000000000000e+05
3.270000000000000000e+03
8.045000000000000000e+03
5.410300000000000000e+04
2.771200000000000000e+04
6.181000000000000000e+03
9.016000000000000000e+03
4.922900000000000000e+04
1.566100000000000000e+04
1.179570000000000000e+05
8.076700000000000000e+04
1.987300000000000000e+04
1.162080000000000000e+05
4.751400000000000000e+04
1.644060000000000000e+05
1.657140000000000000e+05
8.296800000000000000e+04
2.364000000000000000e+03
1.669160000000000000e+05
5.017400000000000000e+04
1.040550000000000000e+05
6.011300000000000000e+04
1.552800000000000000e+04
2.885900000000000000e+04
2.395700000000000000e+04
3.009700000000000000e+04
3.850200000000000000e+04
1.266250000000000000e+05
1.564290000000000000e+05
3.195500000000000000e+04
4.383900000000000000e+04
1.506510000000000000e+05
1.305280000000000000e+05
1.458950000000000000e+05
1.544910000000000000e+05
5.271800000000000000e+04
7.700800000000000000e+04
8.372400000000000000e+04
3.198800000000000000e+04
6.306200000000000000e+04
1.440250000000000000e+05
1.327950000000000000e+05
1.213980000000000000e+05
1.642490000000000000e+05
6.460000000000000000e+04
5.940700000000000000e+04
4.514800000000000000e+04
2.078000000000000000e+03
7.122700000000000000e+04
4.238600000000000000e+04
8.244800000000000000e+04
4.210800000000000000e+04
1.386030000000000000e+05
7.334000000000000000e+03
1.544680000000000000e+05
8.023400000000000000e+04
1.270220000000000000e+05
3.325600000000000000e+04
1.665620000000000000e+05
3.072100000000000000e+04
2.073200000000000000e+04
9.432200000000000000e+04
4.594400000000000000e+04
2.350600000000000000e+04
1.249800000000000000e+04
6.217800000000000000e+04
8.211500000000000000e+04
3.144900000000000000e+04
7.511800000000000000e+04
2.195100000000000000e+04
1.081200000000000000e+04
1.195910000000000000e+05
1.551110000000000000e+05
1.278790000000000000e+05
6.863000000000000000e+04
1.587500000000000000e+04
7.657200000000000000e+04
1.271400000000000000e+05
1.530700000000000000e+05
1.593770000000000000e+05
1.142120000000000000e+05
1.692900000000000000e+04
1.693310000000000000e+05
1.097290000000000000e+05
8.105500000000000000e+04
8.390000000000000000e+02
4.744300000000000000e+04
1.484350000000000000e+05
1.537570000000000000e+05
1.402490000000000000e+05
1.098580000000000000e+05
1.262160000000000000e+05
1.480110000000000000e+05
8.091700000000000000e+04
1.136200000000000000e+05
7.169900000000000000e+04
9.504700000000000000e+04
8.420700000000000000e+04
4.356300000000000000e+04
1.993600000000000000e+04
1.611380000000000000e+05
9.239700000000000000e+04
1.611800000000000000e+05
1.380370000000000000e+05
4.252300000000000000e+04
1.283420000000000000e+05
3.465400000000000000e+04
1.391850000000000000e+05
1.490010000000000000e+05
7.312000000000000000e+03
7.195100000000000000e+04
1.456740000000000000e+05
1.496590000000000000e+05
3.922000000000000000e+03
3.214200000000000000e+04
7.182800000000000000e+04
6.240700000000000000e+04
1.585700000000000000e+05
5.143700000000000000e+04
1.175940000000000000e+05
3.122800000000000000e+04
1.412390000000000000e+05
1.437410000000000000e+05
1.830700000000000000e+04
1.006900000000000000e+05
4.793200000000000000e+04
7.269900000000000000e+04
5.673400000000000000e+04
4.651000000000000000e+04
4.069800000000000000e+04
1.383260000000000000e+05
1.239940000000000000e+05
2.621900000000000000e+04
7.692700000000000000e+04
4.376500000000000000e+04
1.018050000000000000e+05
1.675500000000000000e+04
2.079600000000000000e+04
6.186600000000000000e+04
8.079500000000000000e+04
1.081960000000000000e+05
2.735700000000000000e+04
1.323840000000000000e+05
2.617300000000000000e+04
1.818400000000000000e+04
1.770400000000000000e+04
2.802700000000000000e+04
1.273220000000000000e+05
1.926000000000000000e+04
3.896000000000000000e+04
7.326000000000000000e+04
6.585500000000000000e+04
3.868000000000000000e+03
2.730900000000000000e+04
6.144800000000000000e+04
1.217120000000000000e+05
6.059000000000000000e+03
1.032130000000000000e+05
4.895100000000000000e+04
1.449000000000000000e+03
4.703600000000000000e+04
1.290710000000000000e+05
2.742000000000000000e+03
7.653500000000000000e+04
9.667300000000000000e+04
5.212200000000000000e+04
9.511000000000000000e+03
5.199600000000000000e+04
8.059200000000000000e+04
1.543400000000000000e+04
3.342500000000000000e+04
9.859000000000000000e+03
9.078000000000000000e+04
1.353980000000000000e+05
9.691700000000000000e+04
3.158800000000000000e+04
7.769300000000000000e+04
1.211940000000000000e+05
1.045480000000000000e+05
1.036740000000000000e+05
1.286400000000000000e+05
1.132820000000000000e+05
3.623800000000000000e+04
1.682110000000000000e+05
5.997000000000000000e+03
1.265570000000000000e+05
1.074690000000000000e+05
8.137600000000000000e+04
5.121900000000000000e+04
7.207100000000000000e+04
1.470310000000000000e+05
1.494100000000000000e+05
9.130600000000000000e+04
5.449900000000000000e+04
1.147950000000000000e+05
1.160300000000000000e+04
1.174820000000000000e+05
1.005660000000000000e+05
1.314360000000000000e+05
7.188000000000000000e+04
1.804700000000000000e+04
1.733000000000000000e+04
6.294500000000000000e+04
1.844000000000000000e+03
4.448800000000000000e+04
5.808300000000000000e+04
1.557720000000000000e+05
1.388520000000000000e+05
2.861400000000000000e+04
6.660000000000000000e+04
3.542500000000000000e+04
1.605600000000000000e+04
1.313020000000000000e+05
1.408040000000000000e+05
1.690240000000000000e+05
1.128660000000000000e+05
4.927700000000000000e+04
1.530480000000000000e+05
5.284400000000000000e+04
1.494170000000000000e+05
1.318790000000000000e+05
8.533600000000000000e+04
4.343800000000000000e+04
1.611100000000000000e+05
2.815400000000000000e+04
1.095310000000000000e+05
1.586020000000000000e+05
5.392300000000000000e+04
1.001280000000000000e+05
1.103830000000000000e+05
3.736000000000000000e+03
1.133100000000000000e+04
1.354610000000000000e+05
1.471550000000000000e+05
8.488800000000000000e+04
9.290600000000000000e+04
1.411930000000000000e+05
1.668680000000000000e+05
7.818100000000000000e+04
3.395700000000000000e+04
6.713800000000000000e+04
1.184500000000000000e+05
1.204020000000000000e+05
1.137790000000000000e+05
4.198800000000000000e+04
4.618300000000000000e+04
6.366400000000000000e+04
2.252000000000000000e+03
1.315300000000000000e+04
2.114400000000000000e+04
1.081240000000000000e+05
3.261900000000000000e+04
5.237300000000000000e+04
2.997600000000000000e+04
1.212170000000000000e+05
1.655920000000000000e+05
2.468100000000000000e+04
6.965000000000000000e+03
1.597720000000000000e+05
1.023400000000000000e+04
4.898000000000000000e+03
1.179940000000000000e+05
3.531700000000000000e+04
5.336400000000000000e+04
3.893200000000000000e+04
1.309740000000000000e+05
4.472200000000000000e+04
3.527100000000000000e+04
1.415980000000000000e+05
5.933700000000000000e+04
3.786000000000000000e+03
9.711200000000000000e+04
8.185400000000000000e+04
7.868900000000000000e+04
1.817000000000000000e+04
7.188600000000000000e+04
8.238100000000000000e+04
3.007900000000000000e+04
8.799600000000000000e+04
1.156680000000000000e+05
8.735000000000000000e+04
1.496080000000000000e+05
2.156700000000000000e+04
2.633900000000000000e+04
7.113400000000000000e+04
8.318800000000000000e+04
1.547500000000000000e+04
3.545500000000000000e+04
6.652200000000000000e+04
6.607200000000000000e+04
8.297100000000000000e+04
4.924400000000000000e+04
3.146700000000000000e+04
3.328600000000000000e+04
1.000000000000000000e+01
3.005000000000000000e+03
1.364200000000000000e+05
1.497380000000000000e+05
1.662830000000000000e+05
1.048440000000000000e+05
1.310250000000000000e+05
1.248570000000000000e+05
9.386700000000000000e+04
9.923000000000000000e+03
1.113080000000000000e+05
1.640100000000000000e+05
2.300000000000000000e+03
1.574800000000000000e+04
1.028060000000000000e+05
1.571130000000000000e+05
1.669230000000000000e+05
1.345250000000000000e+05
9.243000000000000000e+03
2.593800000000000000e+04
1.840300000000000000e+04
3.661800000000000000e+04
1.580510000000000000e+05
1.654250000000000000e+05
5.002400000000000000e+04
1.470300000000000000e+05
2.218300000000000000e+04
6.171700000000000000e+04
8.550100000000000000e+04
2.875400000000000000e+04
8.032000000000000000e+04
4.950400000000000000e+04
4.086000000000000000e+04
3.667300000000000000e+04
1.098950000000000000e+05
5.657800000000000000e+04
6.025100000000000000e+04
1.425910000000000000e+05
1.502600000000000000e+04
5.656100000000000000e+04
1.108910000000000000e+05
1.691170000000000000e+05
1.257700000000000000e+05
4.721400000000000000e+04
9.798100000000000000e+04
1.081800000000000000e+05
8.644600000000000000e+04
1.278830000000000000e+05
6.739200000000000000e+04
1.226080000000000000e+05
4.842000000000000000e+03
1.130780000000000000e+05
1.080110000000000000e+05
4.684300000000000000e+04
9.497400000000000000e+04
1.471200000000000000e+05
3.315100000000000000e+04
1.273090000000000000e+05
9.358500000000000000e+04
4.571900000000000000e+04
1.286280000000000000e+05
1.197300000000000000e+05
4.710400000000000000e+04
1.002620000000000000e+05
1.644400000000000000e+04
1.371240000000000000e+05
6.537000000000000000e+03
1.522900000000000000e+05
1.425020000000000000e+05
8.043600000000000000e+04
1.031560000000000000e+05
8.045000000000000000e+04
1.532480000000000000e+05
6.323200000000000000e+04
1.315640000000000000e+05
2.154400000000000000e+04
2.750600000000000000e+04
1.616420000000000000e+05
4.175800000000000000e+04
8.818500000000000000e+04
8.036900000000000000e+04
1.523660000000000000e+05
6.502600000000000000e+04
1.315860000000000000e+05
1.261200000000000000e+05
1.213000000000000000e+03
7.363000000000000000e+03
7.914200000000000000e+04
2.082800000000000000e+04
7.137800000000000000e+04
8.558100000000000000e+04
8.425400000000000000e+04
7.457100000000000000e+04
6.319200000000000000e+04
5.943500000000000000e+04
1.505210000000000000e+05
6.511300000000000000e+04
1.611760000000000000e+05
1.488130000000000000e+05
1.312840000000000000e+05
9.434100000000000000e+04
1.354190000000000000e+05
1.647650000000000000e+05
7.965900000000000000e+04
3.504300000000000000e+04
1.617320000000000000e+05
1.312400000000000000e+05
9.483500000000000000e+04
6.589900000000000000e+04
1.417730000000000000e+05
8.275700000000000000e+04
1.886100000000000000e+04
3.944000000000000000e+04
2.599400000000000000e+04
8.035200000000000000e+04
2.731200000000000000e+04
1.637440000000000000e+05
1.676830000000000000e+05
9.837300000000000000e+04
1.517460000000000000e+05
1.279970000000000000e+05
6.407000000000000000e+04
8.305300000000000000e+04
1.606190000000000000e+05
1.263550000000000000e+05
4.931700000000000000e+04
3.811300000000000000e+04
1.300700000000000000e+05
7.976400000000000000e+04
8.734800000000000000e+04
1.249930000000000000e+05
1.372000000000000000e+04
9.324200000000000000e+04
1.439880000000000000e+05
2.200900000000000000e+04
1.661820000000000000e+05
1.158900000000000000e+04
1.534100000000000000e+04
1.484550000000000000e+05
1.114650000000000000e+05
1.093090000000000000e+05
1.247250000000000000e+05
1.530630000000000000e+05
6.471500000000000000e+04
1.424080000000000000e+05
2.775200000000000000e+04
2.867800000000000000e+04
3.301200000000000000e+04
1.678390000000000000e+05
1.068970000000000000e+05
1.026750000000000000e+05
1.624610000000000000e+05
1.023320000000000000e+05
9.039300000000000000e+04
1.294050000000000000e+05
5.796300000000000000e+04
1.213420000000000000e+05
2.737700000000000000e+04
4.806700000000000000e+04
5.212100000000000000e+04
8.842000000000000000e+04
1.058730000000000000e+05
2.766300000000000000e+04
8.614500000000000000e+04
3.274000000000000000e+04
6.865300000000000000e+04
8.049100000000000000e+04
1.526140000000000000e+05
6.117800000000000000e+04
1.809600000000000000e+04
1.092470000000000000e+05
1.154760000000000000e+05
9.090500000000000000e+04
9.978900000000000000e+04
1.629910000000000000e+05
1.492640000000000000e+05
6.514500000000000000e+04
1.274420000000000000e+05
1.464850000000000000e+05
1.033000000000000000e+05
1.154190000000000000e+05
1.218240000000000000e+05
1.294460000000000000e+05
6.856100000000000000e+04
5.705900000000000000e+04
6.482000000000000000e+03
9.586500000000000000e+04
1.333360000000000000e+05
7.693600000000000000e+04
1.008890000000000000e+05
1.100910000000000000e+05
1.221140000000000000e+05
9.894100000000000000e+04
4.871100000000000000e+04
5.143800000000000000e+04
1.560000000000000000e+03
3.380800000000000000e+04
2.414700000000000000e+04
8.102700000000000000e+04
1.398220000000000000e+05
1.258410000000000000e+05
1.513690000000000000e+05
3.177900000000000000e+04
7.124700000000000000e+04
1.115880000000000000e+05
9.328200000000000000e+04
5.932800000000000000e+04
1.386310000000000000e+05
1.278990000000000000e+05
6.194200000000000000e+04
1.401800000000000000e+04
1.596870000000000000e+05
4.832200000000000000e+04
7.175500000000000000e+04
1.210300000000000000e+04
9.749700000000000000e+04
1.115190000000000000e+05
1.445020000000000000e+05
2.765400000000000000e+04
1.173200000000000000e+04
1.453180000000000000e+05
1.013140000000000000e+05
1.269910000000000000e+05
9.890700000000000000e+04
4.801200000000000000e+04
5.222000000000000000e+04
1.433990000000000000e+05
1.323990000000000000e+05
9.884300000000000000e+04
7.311000000000000000e+03
7.117200000000000000e+04
2.343600000000000000e+04
1.218330000000000000e+05
1.444970000000000000e+05
6.811000000000000000e+04
1.137250000000000000e+05
9.952000000000000000e+03
1.166530000000000000e+05
9.350000000000000000e+04
8.041600000000000000e+04
1.332800000000000000e+05
7.796000000000000000e+04
4.206500000000000000e+04
1.139700000000000000e+04
1.986500000000000000e+04
1.535590000000000000e+05
1.535960000000000000e+05
2.080500000000000000e+04
6.244600000000000000e+04
1.232060000000000000e+05
1.027530000000000000e+05
1.234920000000000000e+05
2.653400000000000000e+04
1.558180000000000000e+05
1.637290000000000000e+05
1.245600000000000000e+04
8.572800000000000000e+04
6.183800000000000000e+04
1.086740000000000000e+05
1.047600000000000000e+05
5.076500000000000000e+04
5.181700000000000000e+04
1.346280000000000000e+05
1.121060000000000000e+05
1.290390000000000000e+05
6.723300000000000000e+04
7.533100000000000000e+04
1.121360000000000000e+05
2.190200000000000000e+04
8.286300000000000000e+04
1.250400000000000000e+04
1.225810000000000000e+05
2.654800000000000000e+04
1.489650000000000000e+05
5.072800000000000000e+04
6.638200000000000000e+04
3.541500000000000000e+04
1.349000000000000000e+05
2.326500000000000000e+04
1.250960000000000000e+05
6.115200000000000000e+04
7.168500000000000000e+04
5.714900000000000000e+04
5.145500000000000000e+04
3.403400000000000000e+04
1.475540000000000000e+05
2.651600000000000000e+04
1.389280000000000000e+05
1.558410000000000000e+05
1.394960000000000000e+05
1.134900000000000000e+04
1.010930000000000000e+05
5.983700000000000000e+04
1.518000000000000000e+05
2.826900000000000000e+04
9.215900000000000000e+04
1.637320000000000000e+05
1.059000000000000000e+04
1.603100000000000000e+05
9.892900000000000000e+04
1.594200000000000000e+04
1.416040000000000000e+05
1.611590000000000000e+05
1.050790000000000000e+05
7.601000000000000000e+04
2.549700000000000000e+04
1.749600000000000000e+04
8.697400000000000000e+04
1.530980000000000000e+05
7.135500000000000000e+04
2.089600000000000000e+04
6.397200000000000000e+04
4.821400000000000000e+04
1.534400000000000000e+04
8.549400000000000000e+04
1.649350000000000000e+05
1.509600000000000000e+05
1.401700000000000000e+04
4.750300000000000000e+04
4.942000000000000000e+03
7.195800000000000000e+04
1.458190000000000000e+05
4.137900000000000000e+04
1.071790000000000000e+05
4.736800000000000000e+04
3.405400000000000000e+04
1.190910000000000000e+05
7.389600000000000000e+04
3.457200000000000000e+04
6.770400000000000000e+04
3.075400000000000000e+04
5.662200000000000000e+04
6.319600000000000000e+04
5.002800000000000000e+04
1.770600000000000000e+04
5.403500000000000000e+04
1.339200000000000000e+05
1.396000000000000000e+04
3.943500000000000000e+04
1.198390000000000000e+05
3.131500000000000000e+04
1.009200000000000000e+04
1.196360000000000000e+05
1.203720000000000000e+05
4.076200000000000000e+04
9.085300000000000000e+04
1.278320000000000000e+05
3.524800000000000000e+04
1.499110000000000000e+05
3.042300000000000000e+04
3.677000000000000000e+03
6.707000000000000000e+03
1.298440000000000000e+05
9.038500000000000000e+04
5.194000000000000000e+04
4.600600000000000000e+04
1.503440000000000000e+05
1.450860000000000000e+05
4.697000000000000000e+03
1.636590000000000000e+05
