4.099500000000000000e+04
1.574000000000000000e+03
9.798600000000000000e+04
4.325800000000000000e+04
1.624660000000000000e+05
2.448100000000000000e+04
1.586480000000000000e+05
8.014900000000000000e+04
3.913400000000000000e+04
1.246800000000000000e+04
1.537940000000000000e+05
4.575800000000000000e+04
1.246150000000000000e+05
1.132140000000000000e+05
8.960000000000000000e+02
6.751200000000000000e+04
1.143600000000000000e+04
1.540330000000000000e+05
4.455600000000000000e+04
2.493500000000000000e+04
2.422000000000000000e+03
2.522200000000000000e+04
1.497280000000000000e+05
6.788700000000000000e+04
1.662650000000000000e+05
3.748000000000000000e+03
7.793700000000000000e+04
1.587640000000000000e+05
1.010270000000000000e+05
2.971600000000000000e+04
1.307410000000000000e+05
8.522000000000000000e+04
5.787900000000000000e+04
4.304700000000000000e+04
1.245390000000000000e+05
4.496700000000000000e+04
2.557800000000000000e+04
8.610000000000000000e+02
7.800900000000000000e+04
2.693000000000000000e+04
4.906900000000000000e+04
9.519500000000000000e+04
1.151500000000000000e+04
1.294450000000000000e+05
4.757300000000000000e+04
5.307800000000000000e+04
1.002740000000000000e+05
1.036080000000000000e+05
2.472700000000000000e+04
8.921500000000000000e+04
1.235590000000000000e+05
7.926700000000000000e+04
7.727600000000000000e+04
1.487890000000000000e+05
3.766500000000000000e+04
9.972100000000000000e+04
6.027000000000000000e+04
5.556200000000000000e+04
1.439600000000000000e+04
1.100900000000000000e+04
6.296800000000000000e+04
1.446900000000000000e+04
2.379600000000000000e+04
1.611310000000000000e+05
9.669200000000000000e+04
1.282100000000000000e+04
1.429740000000000000e+05
1.588770000000000000e+05
7.906500000000000000e+04
1.612630000000000000e+05
1.328110000000000000e+05
1.116790000000000000e+05
8.807300000000000000e+04
1.499870000000000000e+05
8.475900000000000000e+04
6.762400000000000000e+04
1.144000000000000000e+03
4.998000000000000000e+03
9.535500000000000000e+04
9.767800000000000000e+04
1.454420000000000000e+05
3.268500000000000000e+04
1.064400000000000000e+04
1.346630000000000000e+05
1.223100000000000000e+05
3.111700000000000000e+04
2.495400000000000000e+04
2.885000000000000000e+03
1.043110000000000000e+05
4.951000000000000000e+03
1.305900000000000000e+05
5.107600000000000000e+04
8.134500000000000000e+04
4.314300000000000000e+04
1.168200000000000000e+05
1.625680000000000000e+05
8.203000000000000000e+04
7.153400000000000000e+04
1.360130000000000000e+05
7.574500000000000000e+04
1.205950000000000000e+05
8.393500000000000000e+04
1.015680000000000000e+05
3.568100000000000000e+04
3.867700000000000000e+04
7.057800000000000000e+04
1.689410000000000000e+05
1.463050000000000000e+05
1.242930000000000000e+05
1.552670000000000000e+05
1.293930000000000000e+05
5.110000000000000000e+02
1.375720000000000000e+05
1.648130000000000000e+05
9.243600000000000000e+04
1.216500000000000000e+04
1.219870000000000000e+05
1.481600000000000000e+04
8.490600000000000000e+04
8.218500000000000000e+04
1.065100000000000000e+05
1.589630000000000000e+05
1.531540000000000000e+05
4.234000000000000000e+03
1.705400000000000000e+04
1.457790000000000000e+05
1.020100000000000000e+04
1.287600000000000000e+05
1.674980000000000000e+05
9.141000000000000000e+03
5.956200000000000000e+04
1.487610000000000000e+05
2.129900000000000000e+04
5.220700000000000000e+04
2.209500000000000000e+04
1.480960000000000000e+05
9.758600000000000000e+04
1.089960000000000000e+05
1.343250000000000000e+05
1.405520000000000000e+05
6.245000000000000000e+04
2.635000000000000000e+03
9.551700000000000000e+04
1.234360000000000000e+05
5.017500000000000000e+04
1.423140000000000000e+05
1.235420000000000000e+05
1.414000000000000000e+04
9.436000000000000000e+03
1.442800000000000000e+04
1.060640000000000000e+05
5.907000000000000000e+03
1.052240000000000000e+05
8.001100000000000000e+04
1.258090000000000000e+05
3.252300000000000000e+04
1.594760000000000000e+05
1.460730000000000000e+05
1.643810000000000000e+05
1.087170000000000000e+05
1.063510000000000000e+05
5.233400000000000000e+04
9.029000000000000000e+03
5.256000000000000000e+04
1.222130000000000000e+05
2.028300000000000000e+04
1.817900000000000000e+04
2.150500000000000000e+04
5.125700000000000000e+04
1.355240000000000000e+05
1.383000000000000000e+03
6.014700000000000000e+04
9.789700000000000000e+04
1.368800000000000000e+05
1.344560000000000000e+05
6.500000000000000000e+04
1.273140000000000000e+05
1.375980000000000000e+05
1.665750000000000000e+05
1.639900000000000000e+05
8.360400000000000000e+04
1.240050000000000000e+05
8.091500000000000000e+04
1.580100000000000000e+05
1.487800000000000000e+04
1.710000000000000000e+04
1.564780000000000000e+05
1.453560000000000000e+05
1.190410000000000000e+05
1.355730000000000000e+05
1.089160000000000000e+05
5.701500000000000000e+04
2.797800000000000000e+04
1.291810000000000000e+05
7.283000000000000000e+04
1.267490000000000000e+05
2.578500000000000000e+04
5.094700000000000000e+04
9.776400000000000000e+04
9.870100000000000000e+04
5.704700000000000000e+04
1.481370000000000000e+05
1.380360000000000000e+05
5.186400000000000000e+04
1.153650000000000000e+05
2.979000000000000000e+04
1.218590000000000000e+05
6.086600000000000000e+04
4.706800000000000000e+04
1.474610000000000000e+05
1.909000000000000000e+04
4.287300000000000000e+04
4.964200000000000000e+04
1.655500000000000000e+04
5.442300000000000000e+04
9.920900000000000000e+04
5.016300000000000000e+04
1.242650000000000000e+05
6.277700000000000000e+04
3.630300000000000000e+04
1.520050000000000000e+05
3.582300000000000000e+04
6.600000000000000000e+04
1.146090000000000000e+05
1.175640000000000000e+05
6.414900000000000000e+04
6.509600000000000000e+04
8.588000000000000000e+03
1.657410000000000000e+05
2.620000000000000000e+03
2.242900000000000000e+04
1.644700000000000000e+04
6.374500000000000000e+04
6.428200000000000000e+04
1.574410000000000000e+05
5.219200000000000000e+04
1.258740000000000000e+05
1.343750000000000000e+05
1.266000000000000000e+05
6.044000000000000000e+03
1.458790000000000000e+05
3.983600000000000000e+04
1.405320000000000000e+05
5.276400000000000000e+04
1.194650000000000000e+05
1.437130000000000000e+05
1.601690000000000000e+05
1.237380000000000000e+05
9.457300000000000000e+04
2.547600000000000000e+04
8.726500000000000000e+04
8.933800000000000000e+04
9.285200000000000000e+04
1.496500000000000000e+04
1.609700000000000000e+04
2.625500000000000000e+04
2.969900000000000000e+04
1.413500000000000000e+05
5.996600000000000000e+04
1.542930000000000000e+05
1.355380000000000000e+05
1.304920000000000000e+05
1.087410000000000000e+05
1.209600000000000000e+04
4.042300000000000000e+04
1.633300000000000000e+04
9.474300000000000000e+04
2.451900000000000000e+04
4.222000000000000000e+03
1.547980000000000000e+05
1.398730000000000000e+05
1.614580000000000000e+05
5.168500000000000000e+04
1.369130000000000000e+05
8.718000000000000000e+04
1.692500000000000000e+05
4.894700000000000000e+04
1.404440000000000000e+05
1.482380000000000000e+05
1.010540000000000000e+05
5.892500000000000000e+04
8.189400000000000000e+04
3.051700000000000000e+04
1.273100000000000000e+05
8.465000000000000000e+03
8.036000000000000000e+03
1.730900000000000000e+04
4.899000000000000000e+04
4.182800000000000000e+04
3.433000000000000000e+03
1.205870000000000000e+05
8.256300000000000000e+04
6.020600000000000000e+04
1.144850000000000000e+05
4.433600000000000000e+04
7.331200000000000000e+04
4.236800000000000000e+04
3.981500000000000000e+04
4.805200000000000000e+04
8.705200000000000000e+04
8.762000000000000000e+03
4.273700000000000000e+04
1.321050000000000000e+05
1.084870000000000000e+05
1.635410000000000000e+05
2.185400000000000000e+04
9.205800000000000000e+04
1.485110000000000000e+05
1.420530000000000000e+05
1.616340000000000000e+05
2.915800000000000000e+04
4.963500000000000000e+04
1.530140000000000000e+05
7.736600000000000000e+04
1.168950000000000000e+05
8.279700000000000000e+04
7.666100000000000000e+04
3.724600000000000000e+04
7.035200000000000000e+04
8.459600000000000000e+04
5.859600000000000000e+04
1.835400000000000000e+04
1.465800000000000000e+05
4.460000000000000000e+03
2.446000000000000000e+04
1.335010000000000000e+05
8.100300000000000000e+04
1.164230000000000000e+05
3.819600000000000000e+04
8.590200000000000000e+04
7.740500000000000000e+04
1.101250000000000000e+05
5.958800000000000000e+04
4.924800000000000000e+04
9.081400000000000000e+04
1.335670000000000000e+05
7.042400000000000000e+04
3.586500000000000000e+04
1.212860000000000000e+05
6.850100000000000000e+04
4.299600000000000000e+04
4.094000000000000000e+03
1.032910000000000000e+05
7.260300000000000000e+04
6.909000000000000000e+04
1.846800000000000000e+04
1.290920000000000000e+05
3.052600000000000000e+04
1.278300000000000000e+04
6.570400000000000000e+04
8.458000000000000000e+03
8.060500000000000000e+04
1.069350000000000000e+05
1.636150000000000000e+05
1.045030000000000000e+05
1.626320000000000000e+05
1.316230000000000000e+05
1.321550000000000000e+05
2.109100000000000000e+04
1.087270000000000000e+05
1.383660000000000000e+05
8.242200000000000000e+04
6.909800000000000000e+04
5.770300000000000000e+04
3.068500000000000000e+04
1.445980000000000000e+05
4.355100000000000000e+04
1.348900000000000000e+05
1.732200000000000000e+04
3.492000000000000000e+03
3.403300000000000000e+04
1.105680000000000000e+05
4.402600000000000000e+04
1.234500000000000000e+05
5.934500000000000000e+04
1.552550000000000000e+05
9.312900000000000000e+04
3.975000000000000000e+04
9.592200000000000000e+04
1.251120000000000000e+05
1.005630000000000000e+05
1.300980000000000000e+05
1.312350000000000000e+05
2.809500000000000000e+04
1.454930000000000000e+05
1.605520000000000000e+05
7.560300000000000000e+04
1.701200000000000000e+04
6.847900000000000000e+04
7.762900000000000000e+04
9.609800000000000000e+04
1.356540000000000000e+05
7.215100000000000000e+04
1.142330000000000000e+05
3.995000000000000000e+04
3.312200000000000000e+04
8.387700000000000000e+04
5.574100000000000000e+04
1.137440000000000000e+05
7.279000000000000000e+04
7.533200000000000000e+04
8.597500000000000000e+04
1.688680000000000000e+05
5.869400000000000000e+04
5.760600000000000000e+04
1.318560000000000000e+05
9.303800000000000000e+04
1.627860000000000000e+05
8.535900000000000000e+04
7.319000000000000000e+03
1.038760000000000000e+05
1.615590000000000000e+05
1.204130000000000000e+05
9.142900000000000000e+04
3.671100000000000000e+04
4.772200000000000000e+04
8.751000000000000000e+04
1.653200000000000000e+04
2.143900000000000000e+04
1.143820000000000000e+05
1.197200000000000000e+05
6.456800000000000000e+04
8.570100000000000000e+04
1.518310000000000000e+05
3.875300000000000000e+04
9.955500000000000000e+04
1.614500000000000000e+04
1.156710000000000000e+05
1.585370000000000000e+05
6.367000000000000000e+03
1.348230000000000000e+05
1.622200000000000000e+04
1.178060000000000000e+05
1.155870000000000000e+05
9.947700000000000000e+04
1.061570000000000000e+05
4.005800000000000000e+04
5.255300000000000000e+04
3.955200000000000000e+04
7.061000000000000000e+04
3.620500000000000000e+04
8.382600000000000000e+04
8.794300000000000000e+04
3.048900000000000000e+04
1.135000000000000000e+05
8.860900000000000000e+04
1.110780000000000000e+05
6.767100000000000000e+04
4.803700000000000000e+04
2.857400000000000000e+04
7.189600000000000000e+04
1.037380000000000000e+05
8.363700000000000000e+04
8.903400000000000000e+04
5.537500000000000000e+04
1.617590000000000000e+05
8.505800000000000000e+04
1.692690000000000000e+05
1.666570000000000000e+05
1.102570000000000000e+05
8.921600000000000000e+04
1.308520000000000000e+05
1.336360000000000000e+05
1.347270000000000000e+05
8.728000000000000000e+04
5.476200000000000000e+04
8.745900000000000000e+04
3.656500000000000000e+04
8.229100000000000000e+04
1.226100000000000000e+04
1.008080000000000000e+05
1.273480000000000000e+05
1.125080000000000000e+05
1.395790000000000000e+05
5.094000000000000000e+04
1.463260000000000000e+05
1.294190000000000000e+05
5.558200000000000000e+04
3.089100000000000000e+04
1.319700000000000000e+04
2.997300000000000000e+04
5.280800000000000000e+04
5.490000000000000000e+04
1.638700000000000000e+04
9.959300000000000000e+04
2.339500000000000000e+04
4.703900000000000000e+04
1.430400000000000000e+04
1.016260000000000000e+05
1.164100000000000000e+04
3.165300000000000000e+04
1.687800000000000000e+05
3.307900000000000000e+04
7.080300000000000000e+04
6.595800000000000000e+04
1.549880000000000000e+05
3.364200000000000000e+04
1.293430000000000000e+05
3.373900000000000000e+04
9.775000000000000000e+03
8.939700000000000000e+04
6.193300000000000000e+04
1.648910000000000000e+05
5.187000000000000000e+04
2.151000000000000000e+04
1.356760000000000000e+05
5.443700000000000000e+04
5.058000000000000000e+04
1.613920000000000000e+05
1.036700000000000000e+04
1.688700000000000000e+04
1.000550000000000000e+05
8.685200000000000000e+04
1.079380000000000000e+05
5.138400000000000000e+04
3.386600000000000000e+04
1.607840000000000000e+05
9.897700000000000000e+04
1.606940000000000000e+05
2.989200000000000000e+04
1.102370000000000000e+05
9.689000000000000000e+03
1.177210000000000000e+05
1.516690000000000000e+05
7.463400000000000000e+04
5.271000000000000000e+03
1.597030000000000000e+05
2.965100000000000000e+04
6.965300000000000000e+04
1.585350000000000000e+05
8.989000000000000000e+03
7.010700000000000000e+04
1.170380000000000000e+05
2.025000000000000000e+03
4.803000000000000000e+04
1.276080000000000000e+05
9.419300000000000000e+04
1.509940000000000000e+05
9.427700000000000000e+04
1.078710000000000000e+05
1.152120000000000000e+05
1.514410000000000000e+05
1.055810000000000000e+05
1.159600000000000000e+05
9.795700000000000000e+04
1.229310000000000000e+05
7.910100000000000000e+04
7.279200000000000000e+04
5.474200000000000000e+04
2.742900000000000000e+04
4.343700000000000000e+04
1.370000000000000000e+05
2.214000000000000000e+04
1.516700000000000000e+05
2.543000000000000000e+04
1.915400000000000000e+04
9.736100000000000000e+04
1.280500000000000000e+05
1.188620000000000000e+05
2.107000000000000000e+03
1.505470000000000000e+05
1.493940000000000000e+05
7.471800000000000000e+04
7.757700000000000000e+04
3.106400000000000000e+04
9.083100000000000000e+04
2.755800000000000000e+04
1.405780000000000000e+05
9.562200000000000000e+04
1.684700000000000000e+04
3.412000000000000000e+04
8.997200000000000000e+04
6.700000000000000000e+02
6.614500000000000000e+04
1.634220000000000000e+05
2.916000000000000000e+04
1.417280000000000000e+05
1.037500000000000000e+05
7.853600000000000000e+04
1.571600000000000000e+04
1.756200000000000000e+04
1.183590000000000000e+05
1.473920000000000000e+05
1.150940000000000000e+05
1.631240000000000000e+05
1.892000000000000000e+03
1.174740000000000000e+05
9.861500000000000000e+04
1.281520000000000000e+05
6.937100000000000000e+04
1.223220000000000000e+05
1.310440000000000000e+05
1.812000000000000000e+04
8.769900000000000000e+04
3.273800000000000000e+04
7.471300000000000000e+04
2.143000000000000000e+03
8.938400000000000000e+04
5.965300000000000000e+04
4.282600000000000000e+04
1.002310000000000000e+05
4.719500000000000000e+04
1.610360000000000000e+05
6.340000000000000000e+04
8.758600000000000000e+04
8.071200000000000000e+04
3.892600000000000000e+04
8.399000000000000000e+04
2.590000000000000000e+03
9.148100000000000000e+04
1.172170000000000000e+05
5.779700000000000000e+04
6.130200000000000000e+04
8.631400000000000000e+04
1.542490000000000000e+05
3.474400000000000000e+04
2.836800000000000000e+04
1.182270000000000000e+05
8.686600000000000000e+04
1.931800000000000000e+04
1.639020000000000000e+05
4.051700000000000000e+04
1.681280000000000000e+05
1.026990000000000000e+05
9.080900000000000000e+04
4.855700000000000000e+04
6.072700000000000000e+04
9.603500000000000000e+04
2.713400000000000000e+04
8.801600000000000000e+04
5.604600000000000000e+04
5.562800000000000000e+04
1.695700000000000000e+04
1.441130000000000000e+05
1.134720000000000000e+05
8.365800000000000000e+04
1.003980000000000000e+05
9.943500000000000000e+04
2.630000000000000000e+02
2.692000000000000000e+03
1.547770000000000000e+05
1.547420000000000000e+05
1.177120000000000000e+05
8.467700000000000000e+04
5.776000000000000000e+03
4.459500000000000000e+04
5.010300000000000000e+04
1.083640000000000000e+05
9.854200000000000000e+04
4.617900000000000000e+04
3.119000000000000000e+04
8.390000000000000000e+03
1.350290000000000000e+05
1.010630000000000000e+05
1.100630000000000000e+05
6.010500000000000000e+04
8.309000000000000000e+03
1.243560000000000000e+05
4.094100000000000000e+04
1.056680000000000000e+05
9.457100000000000000e+04
1.780800000000000000e+04
2.860000000000000000e+04
1.687600000000000000e+05
1.448640000000000000e+05
1.537050000000000000e+05
8.278400000000000000e+04
1.476750000000000000e+05
1.120410000000000000e+05
7.221300000000000000e+04
5.503600000000000000e+04
1.396920000000000000e+05
3.735100000000000000e+04
9.342300000000000000e+04
2.745500000000000000e+04
1.343620000000000000e+05
8.581300000000000000e+04
9.242100000000000000e+04
7.980000000000000000e+03
2.916600000000000000e+04
6.581000000000000000e+03
1.540420000000000000e+05
1.585600000000000000e+04
1.510980000000000000e+05
6.849800000000000000e+04
5.160700000000000000e+04
1.666630000000000000e+05
1.465750000000000000e+05
4.309000000000000000e+03
1.417250000000000000e+05
7.726400000000000000e+04
1.084200000000000000e+04
1.025900000000000000e+05
1.241480000000000000e+05
4.537800000000000000e+04
3.156800000000000000e+04
9.535800000000000000e+04
1.315270000000000000e+05
3.404800000000000000e+04
6.178000000000000000e+04
1.290620000000000000e+05
1.239180000000000000e+05
1.764000000000000000e+04
4.283400000000000000e+04
2.312300000000000000e+04
7.466100000000000000e+04
4.014100000000000000e+04
1.735900000000000000e+04
2.528100000000000000e+04
1.345800000000000000e+05
9.287600000000000000e+04
1.671890000000000000e+05
4.665700000000000000e+04
7.727000000000000000e+03
1.058900000000000000e+05
8.582300000000000000e+04
9.102400000000000000e+04
1.642350000000000000e+05
1.308220000000000000e+05
1.720400000000000000e+04
1.460500000000000000e+05
4.377200000000000000e+04
7.977600000000000000e+04
1.134860000000000000e+05
3.341700000000000000e+04
1.255260000000000000e+05
1.687580000000000000e+05
9.796900000000000000e+04
5.214500000000000000e+04
5.065900000000000000e+04
1.120450000000000000e+05
1.315310000000000000e+05
1.633220000000000000e+05
1.399060000000000000e+05
1.569420000000000000e+05
1.330770000000000000e+05
3.370000000000000000e+04
9.553300000000000000e+04
1.855600000000000000e+04
7.222000000000000000e+04
7.679500000000000000e+04
8.115500000000000000e+04
1.123940000000000000e+05
7.185400000000000000e+04
1.313420000000000000e+05
8.202500000000000000e+04
4.858400000000000000e+04
1.440070000000000000e+05
8.438800000000000000e+04
3.844100000000000000e+04
1.829300000000000000e+04
7.416000000000000000e+04
1.011640000000000000e+05
1.428000000000000000e+03
1.381670000000000000e+05
1.452640000000000000e+05
6.774600000000000000e+04
6.907000000000000000e+04
8.779800000000000000e+04
9.308300000000000000e+04
9.894600000000000000e+04
3.568600000000000000e+04
6.518000000000000000e+03
2.754800000000000000e+04
1.585080000000000000e+05
1.431780000000000000e+05
2.884000000000000000e+04
1.098140000000000000e+05
1.355960000000000000e+05
3.893900000000000000e+04
1.076100000000000000e+04
2.556000000000000000e+04
1.491630000000000000e+05
1.462270000000000000e+05
1.267010000000000000e+05
9.277000000000000000e+04
5.012900000000000000e+04
1.367970000000000000e+05
1.853600000000000000e+04
2.530600000000000000e+04
6.193200000000000000e+04
1.574660000000000000e+05
6.931400000000000000e+04
4.630000000000000000e+04
1.561110000000000000e+05
9.576900000000000000e+04
8.967900000000000000e+04
8.486000000000000000e+04
1.284140000000000000e+05
1.646140000000000000e+05
9.640900000000000000e+04
3.717000000000000000e+04
7.262900000000000000e+04
1.515160000000000000e+05
1.673500000000000000e+04
9.595000000000000000e+04
1.565610000000000000e+05
2.458600000000000000e+04
2.916100000000000000e+04
2.128500000000000000e+04
1.515820000000000000e+05
9.832600000000000000e+04
1.289130000000000000e+05
1.584730000000000000e+05
1.060800000000000000e+05
6.050500000000000000e+04
1.223070000000000000e+05
1.482300000000000000e+05
1.684140000000000000e+05
5.958700000000000000e+04
1.084600000000000000e+05
1.423330000000000000e+05
1.122820000000000000e+05
9.123100000000000000e+04
1.071590000000000000e+05
1.602100000000000000e+04
5.992300000000000000e+04
1.599200000000000000e+04
9.953100000000000000e+04
5.193100000000000000e+04
6.317600000000000000e+04
1.400000000000000000e+03
8.416800000000000000e+04
5.973200000000000000e+04
1.660210000000000000e+05
2.134100000000000000e+04
1.588620000000000000e+05
1.335910000000000000e+05
3.612700000000000000e+04
5.531300000000000000e+04
3.807700000000000000e+04
1.294060000000000000e+05
1.565490000000000000e+05
1.219170000000000000e+05
8.362100000000000000e+04
1.069890000000000000e+05
4.050100000000000000e+04
7.619800000000000000e+04
4.104700000000000000e+04
1.669060000000000000e+05
1.017640000000000000e+05
1.561130000000000000e+05
2.952100000000000000e+04
1.308410000000000000e+05
8.320900000000000000e+04
9.153000000000000000e+04
3.710700000000000000e+04
1.650270000000000000e+05
1.400580000000000000e+05
1.683960000000000000e+05
1.044410000000000000e+05
1.051810000000000000e+05
1.326320000000000000e+05
6.378000000000000000e+03
1.040800000000000000e+05
1.631800000000000000e+05
1.319750000000000000e+05
1.115180000000000000e+05
4.228200000000000000e+04
1.097420000000000000e+05
8.787500000000000000e+04
2.183000000000000000e+04
1.426360000000000000e+05
5.811600000000000000e+04
1.234300000000000000e+04
7.095000000000000000e+04
1.250230000000000000e+05
1.089310000000000000e+05
1.289500000000000000e+05
7.801600000000000000e+04
8.476300000000000000e+04
1.278360000000000000e+05
1.623370000000000000e+05
1.502410000000000000e+05
1.288760000000000000e+05
4.194800000000000000e+04
6.274200000000000000e+04
9.031700000000000000e+04
6.774500000000000000e+04
1.303240000000000000e+05
7.241100000000000000e+04
1.216130000000000000e+05
1.674190000000000000e+05
1.420970000000000000e+05
1.027940000000000000e+05
9.601000000000000000e+03
5.816900000000000000e+04
6.308000000000000000e+03
1.167500000000000000e+04
7.842900000000000000e+04
1.274130000000000000e+05
8.099200000000000000e+04
1.501950000000000000e+05
1.359690000000000000e+05
5.639000000000000000e+03
2.016100000000000000e+04
8.091100000000000000e+04
9.003700000000000000e+04
8.292800000000000000e+04
5.471500000000000000e+04
8.752500000000000000e+04
5.929000000000000000e+03
6.584300000000000000e+04
2.905100000000000000e+04
1.491950000000000000e+05
1.166090000000000000e+05
6.466000000000000000e+03
9.050900000000000000e+04
1.368410000000000000e+05
1.397620000000000000e+05
1.507750000000000000e+05
7.778600000000000000e+04
9.993600000000000000e+04
1.058860000000000000e+05
8.710900000000000000e+04
9.674900000000000000e+04
7.577700000000000000e+04
7.725300000000000000e+04
1.287400000000000000e+05
1.001380000000000000e+05
9.200500000000000000e+04
1.102260000000000000e+05
1.114660000000000000e+05
1.137610000000000000e+05
2.041700000000000000e+04
1.203200000000000000e+05
1.020740000000000000e+05
8.638500000000000000e+04
3.873400000000000000e+04
1.547280000000000000e+05
9.354400000000000000e+04
9.807000000000000000e+03
9.088500000000000000e+04
5.835900000000000000e+04
1.060670000000000000e+05
1.132610000000000000e+05
1.557020000000000000e+05
8.137200000000000000e+04
2.072700000000000000e+04
9.400900000000000000e+04
1.604950000000000000e+05
1.206530000000000000e+05
2.630300000000000000e+04
1.057010000000000000e+05
4.263600000000000000e+04
1.491320000000000000e+05
2.053400000000000000e+04
4.987100000000000000e+04
1.689230000000000000e+05
4.498900000000000000e+04
7.425900000000000000e+04
2.298000000000000000e+04
2.010000000000000000e+04
1.333440000000000000e+05
1.311650000000000000e+05
1.772000000000000000e+03
7.019900000000000000e+04
2.512800000000000000e+04
1.144010000000000000e+05
7.958300000000000000e+04
2.712900000000000000e+04
5.106800000000000000e+04
1.580360000000000000e+05
5.822500000000000000e+04
1.386780000000000000e+05
1.918000000000000000e+03
9.924200000000000000e+04
1.573600000000000000e+04
1.512810000000000000e+05
1.595280000000000000e+05
1.258020000000000000e+05
6.357900000000000000e+04
1.539580000000000000e+05
9.620000000000000000e+04
3.626400000000000000e+04
1.149320000000000000e+05
1.292440000000000000e+05
1.658300000000000000e+04
9.049400000000000000e+04
1.077710000000000000e+05
8.046400000000000000e+04
4.097000000000000000e+04
9.121400000000000000e+04
7.754200000000000000e+04
5.513000000000000000e+04
1.552900000000000000e+04
7.370700000000000000e+04
6.225500000000000000e+04
1.477740000000000000e+05
1.663260000000000000e+05
3.911200000000000000e+04
1.477050000000000000e+05
5.073100000000000000e+04
4.046700000000000000e+04
3.393500000000000000e+04
5.114600000000000000e+04
1.600840000000000000e+05
6.554000000000000000e+03
3.007300000000000000e+04
3.259300000000000000e+04
2.228800000000000000e+04
1.990000000000000000e+03
8.909000000000000000e+04
1.360750000000000000e+05
4.457500000000000000e+04
1.557350000000000000e+05
5.237000000000000000e+04
1.096710000000000000e+05
2.057400000000000000e+04
7.686300000000000000e+04
1.640870000000000000e+05
1.185450000000000000e+05
1.688170000000000000e+05
2.764200000000000000e+04
2.438000000000000000e+03
1.429200000000000000e+04
1.374580000000000000e+05
1.675270000000000000e+05
7.606300000000000000e+04
1.422510000000000000e+05
2.762300000000000000e+04
9.096000000000000000e+03
5.263100000000000000e+04
1.555880000000000000e+05
9.267400000000000000e+04
2.221000000000000000e+04
1.575140000000000000e+05
1.535560000000000000e+05
8.051000000000000000e+03
1.557770000000000000e+05
3.219000000000000000e+03
1.283060000000000000e+05
1.387570000000000000e+05
6.139000000000000000e+03
2.975900000000000000e+04
4.323200000000000000e+04
3.913700000000000000e+04
5.975400000000000000e+04
1.020580000000000000e+05
1.698300000000000000e+04
1.009820000000000000e+05
1.583380000000000000e+05
2.049300000000000000e+04
1.473040000000000000e+05
4.922500000000000000e+04
7.075200000000000000e+04
2.254000000000000000e+03
2.630600000000000000e+04
8.775100000000000000e+04
1.050800000000000000e+05
1.418190000000000000e+05
9.964100000000000000e+04
1.411580000000000000e+05
1.229080000000000000e+05
1.114110000000000000e+05
5.465700000000000000e+04
9.457000000000000000e+04
1.184220000000000000e+05
1.530220000000000000e+05
1.612290000000000000e+05
1.211300000000000000e+05
1.478290000000000000e+05
1.302480000000000000e+05
4.434800000000000000e+04
4.583800000000000000e+04
1.246170000000000000e+05
9.077200000000000000e+04
1.022900000000000000e+05
1.681930000000000000e+05
4.557800000000000000e+04
3.201000000000000000e+04
2.590300000000000000e+04
2.896700000000000000e+04
1.053720000000000000e+05
1.351490000000000000e+05
4.322000000000000000e+04
2.292000000000000000e+03
1.022840000000000000e+05
1.460740000000000000e+05
2.634000000000000000e+03
8.110800000000000000e+04
7.551300000000000000e+04
2.166400000000000000e+04
1.377820000000000000e+05
9.041800000000000000e+04
1.019600000000000000e+05
1.142230000000000000e+05
5.569100000000000000e+04
1.097360000000000000e+05
1.248710000000000000e+05
1.514150000000000000e+05
5.443200000000000000e+04
5.834400000000000000e+04
6.609000000000000000e+04
4.621800000000000000e+04
1.754200000000000000e+04
1.607150000000000000e+05
1.582110000000000000e+05
1.132480000000000000e+05
6.677400000000000000e+04
6.135400000000000000e+04
1.246240000000000000e+05
1.244400000000000000e+04
2.470000000000000000e+03
4.040800000000000000e+04
1.627850000000000000e+05
7.420600000000000000e+04
8.354000000000000000e+03
7.200100000000000000e+04
1.024160000000000000e+05
3.825000000000000000e+04
1.633610000000000000e+05
1.562060000000000000e+05
9.176800000000000000e+04
1.076160000000000000e+05
1.171920000000000000e+05
1.365410000000000000e+05
1.323090000000000000e+05
1.988600000000000000e+04
5.639000000000000000e+04
1.084110000000000000e+05
1.399980000000000000e+05
8.990000000000000000e+04
1.587300000000000000e+05
7.181000000000000000e+04
1.126400000000000000e+05
7.236900000000000000e+04
1.904400000000000000e+04
9.079200000000000000e+04
7.212400000000000000e+04
2.782300000000000000e+04
6.432500000000000000e+04
2.430100000000000000e+04
2.891500000000000000e+04
4.860000000000000000e+03
1.142800000000000000e+04
1.378680000000000000e+05
1.750300000000000000e+04
1.041620000000000000e+05
2.277400000000000000e+04
7.593600000000000000e+04
1.392820000000000000e+05
8.678000000000000000e+04
7.934600000000000000e+04
7.112000000000000000e+03
9.419400000000000000e+04
1.979500000000000000e+04
1.680710000000000000e+05
1.956000000000000000e+03
4.225600000000000000e+04
8.244300000000000000e+04
1.230010000000000000e+05
1.321930000000000000e+05
6.724000000000000000e+04
1.374500000000000000e+05
1.114930000000000000e+05
1.115350000000000000e+05
8.838400000000000000e+04
1.194160000000000000e+05
5.604000000000000000e+04
1.581080000000000000e+05
7.822900000000000000e+04
6.655500000000000000e+04
5.898000000000000000e+04
1.829600000000000000e+04
6.824400000000000000e+04
1.621430000000000000e+05
1.402050000000000000e+05
2.667700000000000000e+04
1.382390000000000000e+05
1.892700000000000000e+04
4.949200000000000000e+04
6.083700000000000000e+04
1.520760000000000000e+05
8.749500000000000000e+04
1.277750000000000000e+05
6.421900000000000000e+04
2.191000000000000000e+04
3.783400000000000000e+04
1.113200000000000000e+05
3.113600000000000000e+04
3.226100000000000000e+04
1.140940000000000000e+05
1.573160000000000000e+05
1.101620000000000000e+05
8.206700000000000000e+04
1.012990000000000000e+05
3.617600000000000000e+04
1.527740000000000000e+05
1.240750000000000000e+05
1.582410000000000000e+05
6.852200000000000000e+04
9.216300000000000000e+04
1.413660000000000000e+05
4.392000000000000000e+04
5.416400000000000000e+04
1.471840000000000000e+05
1.562600000000000000e+04
1.012710000000000000e+05
2.823900000000000000e+04
8.589600000000000000e+04
3.779800000000000000e+04
1.159680000000000000e+05
1.599000000000000000e+05
1.379630000000000000e+05
2.379700000000000000e+04
1.030690000000000000e+05
1.688750000000000000e+05
1.159060000000000000e+05
3.839600000000000000e+04
9.000000000000000000e+03
7.584200000000000000e+04
8.176900000000000000e+04
4.105300000000000000e+04
7.820800000000000000e+04
8.778900000000000000e+04
1.498670000000000000e+05
1.673010000000000000e+05
7.136700000000000000e+04
9.696900000000000000e+04
1.291200000000000000e+05
1.423830000000000000e+05
9.292900000000000000e+04
2.220700000000000000e+04
1.101710000000000000e+05
1.671120000000000000e+05
6.249200000000000000e+04
3.150900000000000000e+04
9.965400000000000000e+04
4.258500000000000000e+04
1.689860000000000000e+05
1.406590000000000000e+05
7.166500000000000000e+04
9.598900000000000000e+04
1.343790000000000000e+05
8.372700000000000000e+04
9.062000000000000000e+03
1.087060000000000000e+05
4.509600000000000000e+04
5.657300000000000000e+04
1.571390000000000000e+05
1.231260000000000000e+05
5.746700000000000000e+04
1.010650000000000000e+05
1.850500000000000000e+04
6.796400000000000000e+04
9.733800000000000000e+04
3.419700000000000000e+04
2.042500000000000000e+04
1.220520000000000000e+05
1.940200000000000000e+04
2.185600000000000000e+04
4.166700000000000000e+04
6.008900000000000000e+04
1.064130000000000000e+05
9.312400000000000000e+04
1.485900000000000000e+04
1.140030000000000000e+05
5.678600000000000000e+04
1.375670000000000000e+05
3.167000000000000000e+04
8.376600000000000000e+04
1.003400000000000000e+04
4.810700000000000000e+04
3.485400000000000000e+04
1.104470000000000000e+05
8.201500000000000000e+04
3.246000000000000000e+03
4.841600000000000000e+04
1.175400000000000000e+04
6.035500000000000000e+04
1.204370000000000000e+05
4.127300000000000000e+04
1.158830000000000000e+05
6.276700000000000000e+04
5.520000000000000000e+03
1.047650000000000000e+05
1.366390000000000000e+05
2.635100000000000000e+04
2.814100000000000000e+04
1.024020000000000000e+05
6.684500000000000000e+04
9.085500000000000000e+04
5.979100000000000000e+04
1.137700000000000000e+05
5.442500000000000000e+04
3.206600000000000000e+04
1.463910000000000000e+05
1.107750000000000000e+05
8.427000000000000000e+03
5.036500000000000000e+04
1.670410000000000000e+05
8.128700000000000000e+04
1.594190000000000000e+05
4.326200000000000000e+04
7.539500000000000000e+04
3.847000000000000000e+03
4.156500000000000000e+04
1.183850000000000000e+05
5.493700000000000000e+04
1.066490000000000000e+05
1.190330000000000000e+05
1.208880000000000000e+05
1.549460000000000000e+05
1.025700000000000000e+04
6.027900000000000000e+04
8.763300000000000000e+04
6.387400000000000000e+04
9.204200000000000000e+04
1.270290000000000000e+05
3.557700000000000000e+04
4.715000000000000000e+03
1.519880000000000000e+05
1.060250000000000000e+05
1.203000000000000000e+04
1.023390000000000000e+05
1.408530000000000000e+05
2.672700000000000000e+04
1.474900000000000000e+05
5.542300000000000000e+04
1.096430000000000000e+05
1.671200000000000000e+04
1.245160000000000000e+05
7.803700000000000000e+04
5.706300000000000000e+04
1.680810000000000000e+05
8.149500000000000000e+04
3.573500000000000000e+04
3.066000000000000000e+04
3.936500000000000000e+04
1.634730000000000000e+05
7.620700000000000000e+04
7.427700000000000000e+04
1.399440000000000000e+05
1.495040000000000000e+05
2.540200000000000000e+04
9.406400000000000000e+04
1.781400000000000000e+04
1.402660000000000000e+05
2.320700000000000000e+04
5.395000000000000000e+03
1.210270000000000000e+05
1.333930000000000000e+05
9.162200000000000000e+04
1.195820000000000000e+05
2.218900000000000000e+04
1.043960000000000000e+05
1.520820000000000000e+05
1.682950000000000000e+05
1.303260000000000000e+05
1.603130000000000000e+05
1.463700000000000000e+04
1.618190000000000000e+05
1.544670000000000000e+05
1.686100000000000000e+05
1.616750000000000000e+05
1.564350000000000000e+05
1.631530000000000000e+05
3.437600000000000000e+04
1.663190000000000000e+05
1.057110000000000000e+05
1.566970000000000000e+05
6.158800000000000000e+04
9.861600000000000000e+04
1.263500000000000000e+04
1.382540000000000000e+05
1.217230000000000000e+05
1.362590000000000000e+05
1.579520000000000000e+05
3.152500000000000000e+04
4.204800000000000000e+04
7.580000000000000000e+02
4.247300000000000000e+04
1.238700000000000000e+04
6.710600000000000000e+04
4.101400000000000000e+04
1.438960000000000000e+05
4.280800000000000000e+04
1.223500000000000000e+05
7.558400000000000000e+04
1.282240000000000000e+05
1.440500000000000000e+05
5.416500000000000000e+04
3.480700000000000000e+04
5.716500000000000000e+04
3.732800000000000000e+04
7.842400000000000000e+04
9.130400000000000000e+04
8.221400000000000000e+04
5.142700000000000000e+04
2.788600000000000000e+04
1.227920000000000000e+05
1.281510000000000000e+05
1.169000000000000000e+05
1.178960000000000000e+05
1.163370000000000000e+05
1.583140000000000000e+05
1.212220000000000000e+05
4.008100000000000000e+04
5.161000000000000000e+03
3.854400000000000000e+04
1.174400000000000000e+04
8.612600000000000000e+04
1.147930000000000000e+05
1.007690000000000000e+05
9.425100000000000000e+04
5.623900000000000000e+04
3.570000000000000000e+03
1.616350000000000000e+05
1.448570000000000000e+05
5.222100000000000000e+04
3.144300000000000000e+04
1.235150000000000000e+05
1.346530000000000000e+05
1.512800000000000000e+04
4.567300000000000000e+04
4.277700000000000000e+04
2.013500000000000000e+04
1.123950000000000000e+05
1.380540000000000000e+05
3.588200000000000000e+04
8.452900000000000000e+04
8.210700000000000000e+04
1.020390000000000000e+05
4.416100000000000000e+04
1.424880000000000000e+05
1.353650000000000000e+05
1.255050000000000000e+05
3.694000000000000000e+03
1.555760000000000000e+05
1.154850000000000000e+05
1.241100000000000000e+05
1.365030000000000000e+05
1.463480000000000000e+05
1.689760000000000000e+05
8.236500000000000000e+04
6.910600000000000000e+04
3.778600000000000000e+04
1.460530000000000000e+05
1.588590000000000000e+05
2.156800000000000000e+04
1.527220000000000000e+05
1.123540000000000000e+05
9.553000000000000000e+03
2.937400000000000000e+04
1.415760000000000000e+05
7.738200000000000000e+04
1.517500000000000000e+04
4.081800000000000000e+04
1.475000000000000000e+04
7.128800000000000000e+04
5.736900000000000000e+04
1.507060000000000000e+05
1.174080000000000000e+05
1.287950000000000000e+05
2.930400000000000000e+04
1.470680000000000000e+05
6.748300000000000000e+04
7.691000000000000000e+03
1.350310000000000000e+05
8.848000000000000000e+04
6.576000000000000000e+04
1.455350000000000000e+05
1.110590000000000000e+05
9.787400000000000000e+04
1.383830000000000000e+05
1.066080000000000000e+05
1.351140000000000000e+05
1.637880000000000000e+05
9.637000000000000000e+04
3.861700000000000000e+04
7.917700000000000000e+04
3.583200000000000000e+04
6.803900000000000000e+04
4.320200000000000000e+04
1.055200000000000000e+04
3.061300000000000000e+04
1.189840000000000000e+05
6.229900000000000000e+04
1.180310000000000000e+05
1.346550000000000000e+05
1.449800000000000000e+05
1.184210000000000000e+05
9.242300000000000000e+04
1.638580000000000000e+05
1.383210000000000000e+05
7.887700000000000000e+04
4.606000000000000000e+03
6.729400000000000000e+04
9.246200000000000000e+04
5.857400000000000000e+04
8.168900000000000000e+04
5.482400000000000000e+04
2.009600000000000000e+04
8.290000000000000000e+04
1.375300000000000000e+05
1.373420000000000000e+05
1.387730000000000000e+05
2.320500000000000000e+04
5.320900000000000000e+04
6.530000000000000000e+02
1.224070000000000000e+05
6.982100000000000000e+04
2.477700000000000000e+04
6.277900000000000000e+04
1.412800000000000000e+05
1.622450000000000000e+05
7.091000000000000000e+03
4.950000000000000000e+03
6.559900000000000000e+04
6.509300000000000000e+04
1.012430000000000000e+05
7.288500000000000000e+04
1.163910000000000000e+05
9.177000000000000000e+04
6.712200000000000000e+04
2.248300000000000000e+04
1.122270000000000000e+05
1.306130000000000000e+05
9.199600000000000000e+04
8.343400000000000000e+04
1.512870000000000000e+05
1.284200000000000000e+04
1.257430000000000000e+05
3.140100000000000000e+04
1.368980000000000000e+05
6.415800000000000000e+04
6.650900000000000000e+04
7.393700000000000000e+04
7.669300000000000000e+04
1.153170000000000000e+05
1.535450000000000000e+05
8.833300000000000000e+04
4.478900000000000000e+04
2.920000000000000000e+03
4.783300000000000000e+04
6.315200000000000000e+04
1.671900000000000000e+04
9.551400000000000000e+04
3.826500000000000000e+04
1.107240000000000000e+05
1.169100000000000000e+04
6.406400000000000000e+04
6.973900000000000000e+04
3.986300000000000000e+04
1.618120000000000000e+05
1.294290000000000000e+05
1.315280000000000000e+05
1.388310000000000000e+05
5.703200000000000000e+04
1.303880000000000000e+05
9.353700000000000000e+04
1.100130000000000000e+05
1.288820000000000000e+05
1.373260000000000000e+05
6.219300000000000000e+04
6.934000000000000000e+03
1.210180000000000000e+05
5.360000000000000000e+02
9.445100000000000000e+04
1.098050000000000000e+05
2.872000000000000000e+04
6.438300000000000000e+04
4.173500000000000000e+04
1.593370000000000000e+05
9.420400000000000000e+04
8.848800000000000000e+04
1.519140000000000000e+05
1.093220000000000000e+05
6.142300000000000000e+04
1.248820000000000000e+05
1.851900000000000000e+04
4.358000000000000000e+03
7.440000000000000000e+02
2.735600000000000000e+04
1.262600000000000000e+05
2.733100000000000000e+04
1.102840000000000000e+05
9.138300000000000000e+04
2.725200000000000000e+04
7.280900000000000000e+04
1.336410000000000000e+05
1.342460000000000000e+05
1.125770000000000000e+05
1.641730000000000000e+05
8.108700000000000000e+04
2.850800000000000000e+04
1.151990000000000000e+05
1.389240000000000000e+05
2.961100000000000000e+04
6.080500000000000000e+04
5.547100000000000000e+04
1.279020000000000000e+05
2.150000000000000000e+02
3.314700000000000000e+04
8.019300000000000000e+04
3.558900000000000000e+04
1.508630000000000000e+05
1.370980000000000000e+05
1.358530000000000000e+05
5.086100000000000000e+04
3.125100000000000000e+04
1.534980000000000000e+05
5.737000000000000000e+03
9.995000000000000000e+03
9.100000000000000000e+03
1.032920000000000000e+05
8.745600000000000000e+04
1.051570000000000000e+05
1.643030000000000000e+05
7.169700000000000000e+04
1.390840000000000000e+05
7.787100000000000000e+04
7.314700000000000000e+04
2.586700000000000000e+04
1.575420000000000000e+05
1.274580000000000000e+05
9.769000000000000000e+03
3.450600000000000000e+04
8.270300000000000000e+04
1.191800000000000000e+05
3.256300000000000000e+04
9.254000000000000000e+03
2.930000000000000000e+03
1.293710000000000000e+05
1.347510000000000000e+05
5.383400000000000000e+04
9.670800000000000000e+04
1.171630000000000000e+05
9.902400000000000000e+04
5.746400000000000000e+04
8.621300000000000000e+04
7.065900000000000000e+04
1.624420000000000000e+05
3.294700000000000000e+04
1.353720000000000000e+05
3.165100000000000000e+04
9.294000000000000000e+03
1.958800000000000000e+04
1.550900000000000000e+05
6.825000000000000000e+04
8.560400000000000000e+04
1.676800000000000000e+04
1.352900000000000000e+05
7.472200000000000000e+04
1.033470000000000000e+05
1.310830000000000000e+05
1.177800000000000000e+05
1.031200000000000000e+04
3.802400000000000000e+04
7.599900000000000000e+04
1.527990000000000000e+05
8.674600000000000000e+04
1.169590000000000000e+05
1.649000000000000000e+04
6.392800000000000000e+04
1.129570000000000000e+05
1.625530000000000000e+05
5.339300000000000000e+04
3.941500000000000000e+04
1.466260000000000000e+05
1.011410000000000000e+05
9.769100000000000000e+04
4.985900000000000000e+04
6.423000000000000000e+03
3.360700000000000000e+04
2.184200000000000000e+04
1.007140000000000000e+05
1.208080000000000000e+05
9.006800000000000000e+04
1.035400000000000000e+04
2.594100000000000000e+04
3.036900000000000000e+04
2.295600000000000000e+04
7.043100000000000000e+04
1.435200000000000000e+04
3.183000000000000000e+04
4.205100000000000000e+04
8.999600000000000000e+04
1.149400000000000000e+04
1.659430000000000000e+05
4.990700000000000000e+04
1.157760000000000000e+05
1.530100000000000000e+05
9.047200000000000000e+04
1.072850000000000000e+05
1.023130000000000000e+05
4.800000000000000000e+04
9.198000000000000000e+04
9.608000000000000000e+04
9.234900000000000000e+04
9.695300000000000000e+04
7.944400000000000000e+04
6.685200000000000000e+04
8.536200000000000000e+04
2.166000000000000000e+04
1.128040000000000000e+05
1.190130000000000000e+05
6.469800000000000000e+04
3.971400000000000000e+04
1.515270000000000000e+05
1.210320000000000000e+05
3.106100000000000000e+04
1.079760000000000000e+05
1.172400000000000000e+04
3.099400000000000000e+04
1.120510000000000000e+05
7.410200000000000000e+04
2.455900000000000000e+04
1.339900000000000000e+05
1.306780000000000000e+05
5.870300000000000000e+04
1.587120000000000000e+05
5.734900000000000000e+04
1.531980000000000000e+05
2.709400000000000000e+04
8.311800000000000000e+04
5.847000000000000000e+03
1.550680000000000000e+05
9.139300000000000000e+04
6.377100000000000000e+04
1.609540000000000000e+05
5.310000000000000000e+03
1.349560000000000000e+05
9.760600000000000000e+04
1.515220000000000000e+05
1.010820000000000000e+05
8.220900000000000000e+04
1.596960000000000000e+05
9.415000000000000000e+04
4.486000000000000000e+04
1.203020000000000000e+05
1.073100000000000000e+04
9.028600000000000000e+04
1.652800000000000000e+05
3.203400000000000000e+04
7.023700000000000000e+04
1.097380000000000000e+05
1.210620000000000000e+05
1.180800000000000000e+05
1.005890000000000000e+05
1.425670000000000000e+05
3.539200000000000000e+04
7.144800000000000000e+04
1.204810000000000000e+05
5.241100000000000000e+04
7.840400000000000000e+04
5.770600000000000000e+04
1.012600000000000000e+05
1.439720000000000000e+05
6.754600000000000000e+04
6.256600000000000000e+04
8.826100000000000000e+04
1.040700000000000000e+05
8.505400000000000000e+04
9.787700000000000000e+04
1.035230000000000000e+05
1.228960000000000000e+05
5.512100000000000000e+04
1.613500000000000000e+05
1.380990000000000000e+05
8.500600000000000000e+04
9.287000000000000000e+04
1.004650000000000000e+05
2.308400000000000000e+04
5.844500000000000000e+04
5.337900000000000000e+04
3.323900000000000000e+04
8.316200000000000000e+04
1.139390000000000000e+05
5.565500000000000000e+04
5.575900000000000000e+04
7.404100000000000000e+04
3.313200000000000000e+04
2.816300000000000000e+04
7.543900000000000000e+04
7.788800000000000000e+04
7.830300000000000000e+04
2.678900000000000000e+04
1.230390000000000000e+05
2.655100000000000000e+04
1.469320000000000000e+05
1.658790000000000000e+05
8.653600000000000000e+04
3.372000000000000000e+03
1.218020000000000000e+05
1.033390000000000000e+05
5.427500000000000000e+04
1.471300000000000000e+04
1.516750000000000000e+05
4.530300000000000000e+04
8.592400000000000000e+04
5.288200000000000000e+04
1.302500000000000000e+05
5.130000000000000000e+03
1.660180000000000000e+05
1.687150000000000000e+05
1.124350000000000000e+05
6.332900000000000000e+04
9.754900000000000000e+04
1.252670000000000000e+05
1.531700000000000000e+04
1.247740000000000000e+05
1.409330000000000000e+05
1.391490000000000000e+05
1.293240000000000000e+05
1.533700000000000000e+04
7.204000000000000000e+03
1.681590000000000000e+05
5.703700000000000000e+04
8.881600000000000000e+04
9.893800000000000000e+04
9.457500000000000000e+04
1.613800000000000000e+04
1.684490000000000000e+05
2.908400000000000000e+04
7.761800000000000000e+04
1.434280000000000000e+05
1.207030000000000000e+05
3.223500000000000000e+04
1.349730000000000000e+05
1.566920000000000000e+05
1.524290000000000000e+05
6.659800000000000000e+04
1.333720000000000000e+05
3.703600000000000000e+04
4.060200000000000000e+04
3.262500000000000000e+04
5.527800000000000000e+04
3.655000000000000000e+03
1.638030000000000000e+05
3.319900000000000000e+04
1.886700000000000000e+04
1.076620000000000000e+05
9.285500000000000000e+04
6.422300000000000000e+04
1.614260000000000000e+05
7.047200000000000000e+04
1.276720000000000000e+05
6.907900000000000000e+04
1.635580000000000000e+05
3.965400000000000000e+04
6.861400000000000000e+04
4.953300000000000000e+04
1.536720000000000000e+05
1.265420000000000000e+05
1.414550000000000000e+05
1.267560000000000000e+05
1.679490000000000000e+05
8.792400000000000000e+04
6.167800000000000000e+04
7.149700000000000000e+04
8.101700000000000000e+04
3.593000000000000000e+04
1.329200000000000000e+04
2.000700000000000000e+04
1.504470000000000000e+05
2.263700000000000000e+04
1.578300000000000000e+05
1.673140000000000000e+05
8.327000000000000000e+04
1.109930000000000000e+05
1.361930000000000000e+05
1.452470000000000000e+05
1.556620000000000000e+05
1.153030000000000000e+05
4.411800000000000000e+04
4.582300000000000000e+04
1.004380000000000000e+05
1.579200000000000000e+05
7.213000000000000000e+03
7.510700000000000000e+04
6.353400000000000000e+04
8.902000000000000000e+04
1.841100000000000000e+04
3.116400000000000000e+04
3.803500000000000000e+04
9.114800000000000000e+04
3.124900000000000000e+04
8.401800000000000000e+04
1.274230000000000000e+05
7.872400000000000000e+04
1.575680000000000000e+05
7.763200000000000000e+04
1.060610000000000000e+05
4.396700000000000000e+04
1.615770000000000000e+05
7.757600000000000000e+04
5.591700000000000000e+04
1.159220000000000000e+05
6.462100000000000000e+04
2.002700000000000000e+04
6.308800000000000000e+04
2.892000000000000000e+04
1.614680000000000000e+05
5.473900000000000000e+04
1.390780000000000000e+05
3.671600000000000000e+04
1.576050000000000000e+05
1.600730000000000000e+05
1.169530000000000000e+05
1.565270000000000000e+05
2.181100000000000000e+04
1.308790000000000000e+05
1.292520000000000000e+05
9.458500000000000000e+04
1.350550000000000000e+05
1.637200000000000000e+05
1.062960000000000000e+05
6.948500000000000000e+04
1.224960000000000000e+05
9.371700000000000000e+04
8.632000000000000000e+04
8.371500000000000000e+04
4.756900000000000000e+04
1.417860000000000000e+05
2.362200000000000000e+04
1.082810000000000000e+05
1.655800000000000000e+05
1.715900000000000000e+04
9.851800000000000000e+04
3.730200000000000000e+04
8.561100000000000000e+04
2.734100000000000000e+04
1.014660000000000000e+05
3.866700000000000000e+04
3.147300000000000000e+04
7.827700000000000000e+04
8.608600000000000000e+04
1.205190000000000000e+05
1.178800000000000000e+05
1.599080000000000000e+05
6.260600000000000000e+04
4.205500000000000000e+04
1.453780000000000000e+05
1.567130000000000000e+05
1.213220000000000000e+05
1.159690000000000000e+05
1.267850000000000000e+05
1.550370000000000000e+05
1.522250000000000000e+05
1.293000000000000000e+05
9.630700000000000000e+04
1.324450000000000000e+05
5.155900000000000000e+04
1.368680000000000000e+05
8.003800000000000000e+04
2.778000000000000000e+04
4.448000000000000000e+03
2.618600000000000000e+04
1.432140000000000000e+05
6.170700000000000000e+04
1.310200000000000000e+04
6.552000000000000000e+03
1.126730000000000000e+05
4.267800000000000000e+04
1.491360000000000000e+05
6.885000000000000000e+03
1.831400000000000000e+04
1.449070000000000000e+05
5.225300000000000000e+04
4.540700000000000000e+04
1.421350000000000000e+05
1.492910000000000000e+05
1.297400000000000000e+05
2.926900000000000000e+04
9.705000000000000000e+03
4.263700000000000000e+04
2.986200000000000000e+04
5.060700000000000000e+04
6.808900000000000000e+04
1.020600000000000000e+05
5.528000000000000000e+03
6.838000000000000000e+04
6.325600000000000000e+04
1.294790000000000000e+05
2.635300000000000000e+04
8.321800000000000000e+04
8.536800000000000000e+04
5.701400000000000000e+04
1.313450000000000000e+05
6.388100000000000000e+04
1.559990000000000000e+05
8.964600000000000000e+04
3.069700000000000000e+04
5.377700000000000000e+04
4.040000000000000000e+03
1.060500000000000000e+05
1.202170000000000000e+05
1.474450000000000000e+05
1.230210000000000000e+05
6.370300000000000000e+04
1.180730000000000000e+05
4.713900000000000000e+04
3.106200000000000000e+04
1.229500000000000000e+05
2.229200000000000000e+04
7.607600000000000000e+04
1.578250000000000000e+05
1.546130000000000000e+05
8.786600000000000000e+04
9.467200000000000000e+04
6.089300000000000000e+04
7.754100000000000000e+04
1.460040000000000000e+05
1.563210000000000000e+05
9.980800000000000000e+04
1.373050000000000000e+05
1.356040000000000000e+05
4.002100000000000000e+04
1.030660000000000000e+05
1.584930000000000000e+05
1.376000000000000000e+05
6.461800000000000000e+04
6.955000000000000000e+03
3.755400000000000000e+04
1.169500000000000000e+05
1.315080000000000000e+05
1.485780000000000000e+05
3.904000000000000000e+04
9.641300000000000000e+04
1.432800000000000000e+05
3.752200000000000000e+04
1.423000000000000000e+05
1.353100000000000000e+04
2.982600000000000000e+04
1.246700000000000000e+04
2.945000000000000000e+03
3.350600000000000000e+04
6.409300000000000000e+04
8.780800000000000000e+04
6.365300000000000000e+04
3.626600000000000000e+04
1.084950000000000000e+05
9.478700000000000000e+04
7.221100000000000000e+04
1.607570000000000000e+05
8.714400000000000000e+04
6.938400000000000000e+04
7.994100000000000000e+04
6.732600000000000000e+04
1.261710000000000000e+05
2.589200000000000000e+04
6.482500000000000000e+04
8.487200000000000000e+04
1.520600000000000000e+05
1.236700000000000000e+04
7.334100000000000000e+04
1.110940000000000000e+05
7.956500000000000000e+04
1.123410000000000000e+05
3.862300000000000000e+04
5.603700000000000000e+04
3.702900000000000000e+04
1.129080000000000000e+05
1.450740000000000000e+05
5.335400000000000000e+04
3.883100000000000000e+04
7.294600000000000000e+04
3.568300000000000000e+04
5.452200000000000000e+04
1.177250000000000000e+05
1.478910000000000000e+05
9.995100000000000000e+04
9.132700000000000000e+04
6.852500000000000000e+04
1.025390000000000000e+05
1.907300000000000000e+04
6.425300000000000000e+04
1.647030000000000000e+05
9.970400000000000000e+04
4.996000000000000000e+03
1.064500000000000000e+04
3.822100000000000000e+04
2.864600000000000000e+04
1.691760000000000000e+05
7.523000000000000000e+03
2.067400000000000000e+04
1.074530000000000000e+05
8.686100000000000000e+04
2.680400000000000000e+04
1.214450000000000000e+05
8.151700000000000000e+04
2.447900000000000000e+04
1.319250000000000000e+05
4.687200000000000000e+04
6.376400000000000000e+04
5.368600000000000000e+04
2.008300000000000000e+04
3.554000000000000000e+03
7.789600000000000000e+04
5.330000000000000000e+04
1.501530000000000000e+05
1.444510000000000000e+05
1.064630000000000000e+05
1.648920000000000000e+05
3.040500000000000000e+04
1.003700000000000000e+05
1.013550000000000000e+05
8.458000000000000000e+04
5.791000000000000000e+03
1.409550000000000000e+05
1.420360000000000000e+05
3.914500000000000000e+04
2.583100000000000000e+04
1.666060000000000000e+05
1.286710000000000000e+05
6.776000000000000000e+04
9.668100000000000000e+04
2.203300000000000000e+04
3.376200000000000000e+04
6.430000000000000000e+03
1.006470000000000000e+05
1.131800000000000000e+05
9.005700000000000000e+04
9.824000000000000000e+03
1.239670000000000000e+05
6.432400000000000000e+04
1.628030000000000000e+05
1.901800000000000000e+04
1.663100000000000000e+05
1.233870000000000000e+05
6.810300000000000000e+04
1.437030000000000000e+05
1.606460000000000000e+05
1.274530000000000000e+05
1.543100000000000000e+05
9.272800000000000000e+04
1.546300000000000000e+05
1.200940000000000000e+05
5.790900000000000000e+04
1.310900000000000000e+05
2.040400000000000000e+04
1.641450000000000000e+05
1.543640000000000000e+05
1.368230000000000000e+05
1.170210000000000000e+05
3.363600000000000000e+04
8.372200000000000000e+04
8.512600000000000000e+04
1.673390000000000000e+05
1.440350000000000000e+05
7.710300000000000000e+04
8.747000000000000000e+03
1.651910000000000000e+05
1.002200000000000000e+04
1.287480000000000000e+05
1.143800000000000000e+05
1.601160000000000000e+05
1.483910000000000000e+05
1.636900000000000000e+04
9.481800000000000000e+04
5.522100000000000000e+04
5.276300000000000000e+04
4.544000000000000000e+03
1.674840000000000000e+05
8.197000000000000000e+03
1.012670000000000000e+05
3.898100000000000000e+04
3.778700000000000000e+04
1.575400000000000000e+04
1.095590000000000000e+05
1.575950000000000000e+05
2.502100000000000000e+04
8.759800000000000000e+04
1.015110000000000000e+05
1.051460000000000000e+05
2.731000000000000000e+03
1.569840000000000000e+05
7.286900000000000000e+04
1.469040000000000000e+05
3.372400000000000000e+04
1.644980000000000000e+05
4.437000000000000000e+04
1.081820000000000000e+05
1.684050000000000000e+05
1.254850000000000000e+05
8.432700000000000000e+04
9.975400000000000000e+04
8.429500000000000000e+04
3.412800000000000000e+04
1.529070000000000000e+05
8.730200000000000000e+04
2.994100000000000000e+04
2.569300000000000000e+04
1.209530000000000000e+05
8.248800000000000000e+04
1.592440000000000000e+05
1.121500000000000000e+05
1.503390000000000000e+05
1.136050000000000000e+05
1.595520000000000000e+05
4.268000000000000000e+04
2.001900000000000000e+04
5.153100000000000000e+04
3.306700000000000000e+04
1.426910000000000000e+05
8.615700000000000000e+04
1.623890000000000000e+05
1.137860000000000000e+05
3.549300000000000000e+04
2.906900000000000000e+04
1.541000000000000000e+05
6.411700000000000000e+04
1.335830000000000000e+05
9.723000000000000000e+03
2.179800000000000000e+04
3.885000000000000000e+03
1.016440000000000000e+05
2.575900000000000000e+04
4.758800000000000000e+04
1.659110000000000000e+05
5.674300000000000000e+04
2.871900000000000000e+04
8.080400000000000000e+04
1.117310000000000000e+05
1.403590000000000000e+05
3.163600000000000000e+04
7.809800000000000000e+04
5.609600000000000000e+04
1.050460000000000000e+05
1.298740000000000000e+05
6.838200000000000000e+04
1.137630000000000000e+05
7.499200000000000000e+04
6.550000000000000000e+02
1.360670000000000000e+05
8.473200000000000000e+04
9.930000000000000000e+04
1.459790000000000000e+05
6.494400000000000000e+04
6.532600000000000000e+04
3.438700000000000000e+04
8.921900000000000000e+04
6.881300000000000000e+04
5.819100000000000000e+04
8.608300000000000000e+04
7.511200000000000000e+04
1.466200000000000000e+04
1.286450000000000000e+05
1.119260000000000000e+05
1.331310000000000000e+05
9.592000000000000000e+04
1.645960000000000000e+05
8.724100000000000000e+04
1.309640000000000000e+05
1.354810000000000000e+05
7.937400000000000000e+04
1.494750000000000000e+05
1.529050000000000000e+05
3.470300000000000000e+04
7.916000000000000000e+03
2.423600000000000000e+04
4.237000000000000000e+04
5.653300000000000000e+04
1.095470000000000000e+05
3.417200000000000000e+04
5.508500000000000000e+04
3.911000000000000000e+03
3.555300000000000000e+04
3.641100000000000000e+04
2.601300000000000000e+04
1.784600000000000000e+04
1.415230000000000000e+05
2.657700000000000000e+04
1.220980000000000000e+05
4.417200000000000000e+04
1.555200000000000000e+05
7.665000000000000000e+03
1.052160000000000000e+05
1.433520000000000000e+05
1.296570000000000000e+05
5.369000000000000000e+03
7.616400000000000000e+04
1.267640000000000000e+05
1.175680000000000000e+05
1.264500000000000000e+05
1.373860000000000000e+05
8.076400000000000000e+04
9.283700000000000000e+04
1.612700000000000000e+05
1.077040000000000000e+05
1.378410000000000000e+05
1.340970000000000000e+05
6.387300000000000000e+04
8.124100000000000000e+04
1.389410000000000000e+05
1.393210000000000000e+05
6.635100000000000000e+04
9.646900000000000000e+04
5.950300000000000000e+04
5.871900000000000000e+04
2.016000000000000000e+03
7.044000000000000000e+03
9.582300000000000000e+04
9.340600000000000000e+04
1.357820000000000000e+05
1.070240000000000000e+05
1.106180000000000000e+05
5.335600000000000000e+04
3.639000000000000000e+04
1.963000000000000000e+04
9.692600000000000000e+04
3.644900000000000000e+04
1.388460000000000000e+05
9.785300000000000000e+04
1.390520000000000000e+05
1.137890000000000000e+05
1.093530000000000000e+05
1.029510000000000000e+05
3.587800000000000000e+04
1.909100000000000000e+04
1.275140000000000000e+05
3.050400000000000000e+04
5.550000000000000000e+03
5.996000000000000000e+03
1.463320000000000000e+05
7.786500000000000000e+04
9.123300000000000000e+04
1.146550000000000000e+05
1.480820000000000000e+05
5.530400000000000000e+04
3.283800000000000000e+04
2.436000000000000000e+04
1.520490000000000000e+05
1.447200000000000000e+04
1.003410000000000000e+05
1.450760000000000000e+05
1.658990000000000000e+05
9.224400000000000000e+04
5.232900000000000000e+04
1.452070000000000000e+05
3.305800000000000000e+04
1.051220000000000000e+05
1.223590000000000000e+05
5.660000000000000000e+04
7.065700000000000000e+04
7.932600000000000000e+04
3.714000000000000000e+03
2.148000000000000000e+04
9.979700000000000000e+04
1.195810000000000000e+05
5.629400000000000000e+04
1.561500000000000000e+05
1.433240000000000000e+05
1.334230000000000000e+05
1.525800000000000000e+04
1.092360000000000000e+05
5.444000000000000000e+04
5.453000000000000000e+04
8.715400000000000000e+04
8.211000000000000000e+03
2.444800000000000000e+04
2.691800000000000000e+04
4.833200000000000000e+04
1.424710000000000000e+05
1.259260000000000000e+05
1.483950000000000000e+05
1.027450000000000000e+05
1.185340000000000000e+05
1.183060000000000000e+05
1.271520000000000000e+05
1.389000000000000000e+03
5.853000000000000000e+03
7.073200000000000000e+04
8.938000000000000000e+04
1.111910000000000000e+05
1.368030000000000000e+05
5.161000000000000000e+04
1.413550000000000000e+05
9.941900000000000000e+04
3.285200000000000000e+04
9.009900000000000000e+04
1.440020000000000000e+05
1.206380000000000000e+05
7.992400000000000000e+04
1.545490000000000000e+05
1.647510000000000000e+05
9.564900000000000000e+04
1.088100000000000000e+05
1.473370000000000000e+05
6.736500000000000000e+04
1.483770000000000000e+05
7.757500000000000000e+04
3.630500000000000000e+04
8.670100000000000000e+04
1.858700000000000000e+04
8.075700000000000000e+04
7.643000000000000000e+03
1.052000000000000000e+04
2.005600000000000000e+04
9.369000000000000000e+04
1.367930000000000000e+05
1.264340000000000000e+05
7.724500000000000000e+04
1.391700000000000000e+05
9.134200000000000000e+04
1.443060000000000000e+05
4.036000000000000000e+03
1.272060000000000000e+05
1.632530000000000000e+05
6.037900000000000000e+04
6.957200000000000000e+04
5.653600000000000000e+04
1.115540000000000000e+05
8.353900000000000000e+04
1.379890000000000000e+05
1.092540000000000000e+05
1.403840000000000000e+05
5.253000000000000000e+03
1.390900000000000000e+05
1.638530000000000000e+05
7.586200000000000000e+04
5.730000000000000000e+03
1.140830000000000000e+05
1.386180000000000000e+05
6.282800000000000000e+04
1.080460000000000000e+05
5.971000000000000000e+03
1.692530000000000000e+05
4.033400000000000000e+04
6.946300000000000000e+04
1.109400000000000000e+04
1.165040000000000000e+05
1.242670000000000000e+05
4.525000000000000000e+03
1.400400000000000000e+05
8.283200000000000000e+04
1.591250000000000000e+05
6.596700000000000000e+04
2.517100000000000000e+04
8.278900000000000000e+04
4.940000000000000000e+02
2.878100000000000000e+04
3.046700000000000000e+04
1.605560000000000000e+05
4.701800000000000000e+04
1.617790000000000000e+05
2.917500000000000000e+04
1.094870000000000000e+05
1.130650000000000000e+05
1.220740000000000000e+05
1.637010000000000000e+05
3.027600000000000000e+04
1.520250000000000000e+05
1.741800000000000000e+04
3.923400000000000000e+04
2.151400000000000000e+04
1.015570000000000000e+05
1.020990000000000000e+05
1.276200000000000000e+05
5.509200000000000000e+04
1.205210000000000000e+05
3.412300000000000000e+04
9.527700000000000000e+04
6.723100000000000000e+04
3.032100000000000000e+04
1.529990000000000000e+05
4.723900000000000000e+04
1.289570000000000000e+05
6.414800000000000000e+04
1.245080000000000000e+05
2.773800000000000000e+04
1.071020000000000000e+05
1.751900000000000000e+04
3.202400000000000000e+04
5.306300000000000000e+04
3.646500000000000000e+04
1.555950000000000000e+05
3.182000000000000000e+04
5.816500000000000000e+04
9.247200000000000000e+04
1.519290000000000000e+05
4.096000000000000000e+04
2.335800000000000000e+04
9.460400000000000000e+04
1.514600000000000000e+05
1.090400000000000000e+05
1.568250000000000000e+05
3.462300000000000000e+04
9.502000000000000000e+03
1.614610000000000000e+05
3.274800000000000000e+04
7.274400000000000000e+04
8.143100000000000000e+04
1.094130000000000000e+05
4.880100000000000000e+04
1.686630000000000000e+05
2.729800000000000000e+04
4.512900000000000000e+04
1.228320000000000000e+05
1.502380000000000000e+05
5.422400000000000000e+04
1.221730000000000000e+05
3.076000000000000000e+04
1.107160000000000000e+05
9.762000000000000000e+03
6.809000000000000000e+04
8.439100000000000000e+04
1.642000000000000000e+05
7.427000000000000000e+03
4.100700000000000000e+04
2.138900000000000000e+04
9.737300000000000000e+04
7.548900000000000000e+04
5.106600000000000000e+04
1.146060000000000000e+05
1.646400000000000000e+05
1.024550000000000000e+05
1.152300000000000000e+04
1.016330000000000000e+05
3.765400000000000000e+04
6.589200000000000000e+04
1.006110000000000000e+05
5.746000000000000000e+04
9.623300000000000000e+04
1.452000000000000000e+03
8.476900000000000000e+04
3.034400000000000000e+04
2.561800000000000000e+04
1.216840000000000000e+05
4.216500000000000000e+04
1.327730000000000000e+05
4.443000000000000000e+03
4.479600000000000000e+04
1.152940000000000000e+05
1.142030000000000000e+05
1.525710000000000000e+05
1.281430000000000000e+05
6.548400000000000000e+04
1.384010000000000000e+05
4.131000000000000000e+03
5.515200000000000000e+04
8.093900000000000000e+04
1.228230000000000000e+05
1.154340000000000000e+05
1.245700000000000000e+04
4.321000000000000000e+03
6.285300000000000000e+04
1.692170000000000000e+05
1.494350000000000000e+05
1.577330000000000000e+05
1.107070000000000000e+05
4.589000000000000000e+04
1.415070000000000000e+05
5.735000000000000000e+03
8.610800000000000000e+04
9.713500000000000000e+04
5.527500000000000000e+04
9.826700000000000000e+04
1.518890000000000000e+05
4.334200000000000000e+04
1.283170000000000000e+05
1.677410000000000000e+05
1.416500000000000000e+05
9.464400000000000000e+04
1.597860000000000000e+05
7.935300000000000000e+04
3.167500000000000000e+04
6.974700000000000000e+04
5.067900000000000000e+04
1.168780000000000000e+05
1.118790000000000000e+05
7.723000000000000000e+03
1.488760000000000000e+05
4.435100000000000000e+04
6.553900000000000000e+04
7.431400000000000000e+04
7.612700000000000000e+04
7.804900000000000000e+04
4.424000000000000000e+04
2.712000000000000000e+04
1.389470000000000000e+05
1.143640000000000000e+05
1.350470000000000000e+05
1.002100000000000000e+04
8.096900000000000000e+04
1.170300000000000000e+04
7.701500000000000000e+04
5.075100000000000000e+04
2.246800000000000000e+04
1.344490000000000000e+05
4.281700000000000000e+04
3.851000000000000000e+04
6.963000000000000000e+04
1.675380000000000000e+05
7.973400000000000000e+04
8.905000000000000000e+04
8.870100000000000000e+04
2.780100000000000000e+04
4.576200000000000000e+04
1.583250000000000000e+05
1.614100000000000000e+05
2.177600000000000000e+04
7.017700000000000000e+04
9.562100000000000000e+04
1.018090000000000000e+05
8.402700000000000000e+04
3.912400000000000000e+04
7.505000000000000000e+04
8.892200000000000000e+04
1.297280000000000000e+05
1.297010000000000000e+05
3.151000000000000000e+04
2.128800000000000000e+04
1.685230000000000000e+05
7.489100000000000000e+04
6.491700000000000000e+04
1.117390000000000000e+05
4.026300000000000000e+04
1.443770000000000000e+05
1.032070000000000000e+05
2.038400000000000000e+04
1.389700000000000000e+05
1.125170000000000000e+05
1.229570000000000000e+05
1.084490000000000000e+05
3.881100000000000000e+04
1.490720000000000000e+05
6.429800000000000000e+04
1.275400000000000000e+05
1.367140000000000000e+05
7.090800000000000000e+04
2.345600000000000000e+04
8.162700000000000000e+04
1.357590000000000000e+05
1.387100000000000000e+04
4.612200000000000000e+04
1.625770000000000000e+05
1.614810000000000000e+05
1.518420000000000000e+05
1.286370000000000000e+05
7.185200000000000000e+04
4.752200000000000000e+04
7.222000000000000000e+03
9.844600000000000000e+04
1.886300000000000000e+04
1.300840000000000000e+05
6.881400000000000000e+04
6.404300000000000000e+04
2.027500000000000000e+04
2.604000000000000000e+04
1.666360000000000000e+05
7.853800000000000000e+04
6.479800000000000000e+04
6.996000000000000000e+04
6.164000000000000000e+04
1.112320000000000000e+05
2.403900000000000000e+04
1.343330000000000000e+05
5.683100000000000000e+04
4.201800000000000000e+04
1.426090000000000000e+05
2.051900000000000000e+04
1.592790000000000000e+05
5.271200000000000000e+04
4.843100000000000000e+04
1.432850000000000000e+05
4.127000000000000000e+03
5.547800000000000000e+04
5.013200000000000000e+04
6.248700000000000000e+04
3.379500000000000000e+04
1.487200000000000000e+04
9.466400000000000000e+04
8.458600000000000000e+04
1.570800000000000000e+04
1.585660000000000000e+05
1.458020000000000000e+05
1.216500000000000000e+05
1.481570000000000000e+05
1.526740000000000000e+05
1.501410000000000000e+05
1.047540000000000000e+05
9.868200000000000000e+04
7.773400000000000000e+04
1.254740000000000000e+05
8.981300000000000000e+04
3.084000000000000000e+04
2.842200000000000000e+04
1.197340000000000000e+05
8.588400000000000000e+04
6.885100000000000000e+04
1.236310000000000000e+05
4.704400000000000000e+04
1.816700000000000000e+04
1.177660000000000000e+05
1.046740000000000000e+05
1.587190000000000000e+05
6.412000000000000000e+04
6.934200000000000000e+04
1.853900000000000000e+04
1.159970000000000000e+05
1.514930000000000000e+05
1.585700000000000000e+04
1.426300000000000000e+05
7.585000000000000000e+03
8.462700000000000000e+04
1.639270000000000000e+05
1.008930000000000000e+05
3.015100000000000000e+04
2.677400000000000000e+04
8.001000000000000000e+03
1.071110000000000000e+05
1.020700000000000000e+04
2.827200000000000000e+04
1.644410000000000000e+05
9.703600000000000000e+04
1.493980000000000000e+05
5.449300000000000000e+04
4.555100000000000000e+04
1.932700000000000000e+04
1.069780000000000000e+05
1.182340000000000000e+05
1.666150000000000000e+05
1.034830000000000000e+05
1.118320000000000000e+05
1.133710000000000000e+05
7.959900000000000000e+04
1.238850000000000000e+05
1.662100000000000000e+05
1.500900000000000000e+04
1.053100000000000000e+04
7.183100000000000000e+04
1.274570000000000000e+05
1.394000000000000000e+03
8.116600000000000000e+04
1.196120000000000000e+05
6.571400000000000000e+04
4.029400000000000000e+04
1.042740000000000000e+05
1.101820000000000000e+05
2.390000000000000000e+04
1.291280000000000000e+05
3.743900000000000000e+04
1.220290000000000000e+05
7.145000000000000000e+04
1.172230000000000000e+05
2.887300000000000000e+04
3.069900000000000000e+04
1.573260000000000000e+05
1.225800000000000000e+04
1.373950000000000000e+05
7.943300000000000000e+04
1.619850000000000000e+05
1.884000000000000000e+04
4.345000000000000000e+04
3.558600000000000000e+04
7.325800000000000000e+04
6.614900000000000000e+04
3.928300000000000000e+04
4.363300000000000000e+04
1.622390000000000000e+05
1.337580000000000000e+05
1.395040000000000000e+05
9.907200000000000000e+04
1.069670000000000000e+05
9.662000000000000000e+04
1.350380000000000000e+05
1.210500000000000000e+05
1.001560000000000000e+05
3.970500000000000000e+04
3.101100000000000000e+04
1.293670000000000000e+05
1.500080000000000000e+05
4.615000000000000000e+03
9.405900000000000000e+04
1.309900000000000000e+05
3.282700000000000000e+04
6.383300000000000000e+04
8.207700000000000000e+04
1.350340000000000000e+05
1.234170000000000000e+05
9.334700000000000000e+04
1.129520000000000000e+05
1.544050000000000000e+05
1.185480000000000000e+05
9.416900000000000000e+04
1.557090000000000000e+05
8.831300000000000000e+04
1.323490000000000000e+05
7.008100000000000000e+04
1.571910000000000000e+05
1.613150000000000000e+05
1.525610000000000000e+05
1.589100000000000000e+04
5.560500000000000000e+04
1.436200000000000000e+05
1.659780000000000000e+05
1.212060000000000000e+05
2.677200000000000000e+04
2.385100000000000000e+04
1.246010000000000000e+05
4.423000000000000000e+03
1.214800000000000000e+04
1.094430000000000000e+05
3.579000000000000000e+04
3.269900000000000000e+04
5.935000000000000000e+03
2.655200000000000000e+04
1.620830000000000000e+05
1.380480000000000000e+05
1.312800000000000000e+05
5.367500000000000000e+04
1.210240000000000000e+05
1.004540000000000000e+05
1.433710000000000000e+05
5.224800000000000000e+04
4.924500000000000000e+04
5.081100000000000000e+04
9.874800000000000000e+04
6.834600000000000000e+04
6.310000000000000000e+02
9.551600000000000000e+04
3.557400000000000000e+04
1.143230000000000000e+05
4.957600000000000000e+04
1.376440000000000000e+05
1.638140000000000000e+05
1.067660000000000000e+05
1.050600000000000000e+04
1.001340000000000000e+05
1.378330000000000000e+05
7.947200000000000000e+04
2.549800000000000000e+04
1.355460000000000000e+05
8.428200000000000000e+04
1.508040000000000000e+05
7.005500000000000000e+04
1.753600000000000000e+04
3.180800000000000000e+04
1.483380000000000000e+05
4.608000000000000000e+04
1.525150000000000000e+05
5.297000000000000000e+03
1.486680000000000000e+05
7.012200000000000000e+04
1.422240000000000000e+05
6.239500000000000000e+04
1.040940000000000000e+05
3.716800000000000000e+04
1.571670000000000000e+05
7.568600000000000000e+04
7.271500000000000000e+04
1.091590000000000000e+05
1.275880000000000000e+05
1.883100000000000000e+04
3.448800000000000000e+04
1.067940000000000000e+05
6.955700000000000000e+04
1.350160000000000000e+05
9.150900000000000000e+04
3.243600000000000000e+04
2.520100000000000000e+04
7.836200000000000000e+04
6.465900000000000000e+04
1.662320000000000000e+05
5.393200000000000000e+04
8.813800000000000000e+04
9.749300000000000000e+04
1.291020000000000000e+05
1.033570000000000000e+05
1.592850000000000000e+05
5.545800000000000000e+04
6.443400000000000000e+04
1.318900000000000000e+05
1.514200000000000000e+05
5.899300000000000000e+04
1.092140000000000000e+05
1.997100000000000000e+04
1.114580000000000000e+05
1.506240000000000000e+05
1.063760000000000000e+05
5.030000000000000000e+02
1.809200000000000000e+04
6.220300000000000000e+04
2.012000000000000000e+04
1.404400000000000000e+05
9.741500000000000000e+04
2.258500000000000000e+04
2.030400000000000000e+04
5.748600000000000000e+04
4.549000000000000000e+04
6.167400000000000000e+04
8.239400000000000000e+04
3.286500000000000000e+04
6.570000000000000000e+02
7.873100000000000000e+04
1.333630000000000000e+05
3.051000000000000000e+03
1.766900000000000000e+04
1.229790000000000000e+05
1.251850000000000000e+05
8.447000000000000000e+04
1.036710000000000000e+05
1.256840000000000000e+05
8.837700000000000000e+04
1.495310000000000000e+05
4.580300000000000000e+04
5.447800000000000000e+04
6.993900000000000000e+04
6.521600000000000000e+04
2.674700000000000000e+04
2.607800000000000000e+04
2.557100000000000000e+04
1.305880000000000000e+05
6.206100000000000000e+04
1.397150000000000000e+05
3.073000000000000000e+03
2.983200000000000000e+04
1.009220000000000000e+05
1.693080000000000000e+05
1.270550000000000000e+05
2.359000000000000000e+03
2.828000000000000000e+04
1.463430000000000000e+05
5.131700000000000000e+04
4.161200000000000000e+04
5.085100000000000000e+04
8.425600000000000000e+04
5.111500000000000000e+04
7.089400000000000000e+04
5.075200000000000000e+04
5.383800000000000000e+04
8.062400000000000000e+04
1.071160000000000000e+05
1.070370000000000000e+05
1.615350000000000000e+05
1.514160000000000000e+05
5.832100000000000000e+04
1.602990000000000000e+05
1.629590000000000000e+05
4.379000000000000000e+04
1.060290000000000000e+05
1.827500000000000000e+04
1.143760000000000000e+05
9.750400000000000000e+04
6.153300000000000000e+04
1.310210000000000000e+05
3.916600000000000000e+04
1.134600000000000000e+05
1.456880000000000000e+05
2.818700000000000000e+04
6.197800000000000000e+04
2.398800000000000000e+04
7.075000000000000000e+04
1.262100000000000000e+04
1.119090000000000000e+05
8.606800000000000000e+04
1.423650000000000000e+05
1.880100000000000000e+04
1.043230000000000000e+05
3.690800000000000000e+04
1.594300000000000000e+04
1.081410000000000000e+05
6.493600000000000000e+04
1.122380000000000000e+05
1.606490000000000000e+05
1.305400000000000000e+05
7.423100000000000000e+04
6.709200000000000000e+04
7.021100000000000000e+04
3.806400000000000000e+04
1.304760000000000000e+05
4.896800000000000000e+04
9.013200000000000000e+04
3.117100000000000000e+04
1.109180000000000000e+05
4.998700000000000000e+04
3.192100000000000000e+04
5.423800000000000000e+04
1.667990000000000000e+05
6.172900000000000000e+04
8.482100000000000000e+04
7.212000000000000000e+03
9.219800000000000000e+04
1.681840000000000000e+05
9.460800000000000000e+04
3.588500000000000000e+04
1.064070000000000000e+05
5.867900000000000000e+04
5.699400000000000000e+04
1.395050000000000000e+05
1.357430000000000000e+05
1.460020000000000000e+05
8.257400000000000000e+04
5.196400000000000000e+04
1.234610000000000000e+05
1.287000000000000000e+03
3.264900000000000000e+04
9.786000000000000000e+04
1.142560000000000000e+05
1.576930000000000000e+05
1.421590000000000000e+05
1.405250000000000000e+05
1.587350000000000000e+05
1.526800000000000000e+05
8.880000000000000000e+03
1.167900000000000000e+04
1.085100000000000000e+05
9.589700000000000000e+04
1.687200000000000000e+05
9.860600000000000000e+04
7.551400000000000000e+04
2.490800000000000000e+04
1.098510000000000000e+05
3.501500000000000000e+04
4.126600000000000000e+04
5.135000000000000000e+03
2.459000000000000000e+03
1.047070000000000000e+05
2.237700000000000000e+04
1.058720000000000000e+05
1.025050000000000000e+05
6.800800000000000000e+04
1.856900000000000000e+04
9.715400000000000000e+04
9.460100000000000000e+04
2.386400000000000000e+04
1.632520000000000000e+05
1.320670000000000000e+05
9.710600000000000000e+04
1.306420000000000000e+05
2.309500000000000000e+04
4.058600000000000000e+04
4.221000000000000000e+03
1.466100000000000000e+04
1.483670000000000000e+05
1.218600000000000000e+04
1.203790000000000000e+05
7.551000000000000000e+03
4.171500000000000000e+04
5.462800000000000000e+04
1.539750000000000000e+05
1.178350000000000000e+05
8.995400000000000000e+04
1.406200000000000000e+05
1.668100000000000000e+05
1.236500000000000000e+04
1.533880000000000000e+05
8.915300000000000000e+04
4.594700000000000000e+04
4.791000000000000000e+04
1.427930000000000000e+05
3.430400000000000000e+04
4.104500000000000000e+04
9.646000000000000000e+03
1.076450000000000000e+05
1.405010000000000000e+05
3.772400000000000000e+04
5.589700000000000000e+04
1.897300000000000000e+04
9.938700000000000000e+04
1.171880000000000000e+05
9.581200000000000000e+04
4.662000000000000000e+04
3.086700000000000000e+04
1.025220000000000000e+05
1.176300000000000000e+05
8.519300000000000000e+04
1.079700000000000000e+04
1.546350000000000000e+05
3.884400000000000000e+04
2.305500000000000000e+04
3.515000000000000000e+04
9.555600000000000000e+04
5.029100000000000000e+04
1.166400000000000000e+04
5.273800000000000000e+04
1.309760000000000000e+05
4.700000000000000000e+04
1.222100000000000000e+05
6.418900000000000000e+04
7.157700000000000000e+04
4.100400000000000000e+04
1.502920000000000000e+05
3.609900000000000000e+04
1.097050000000000000e+05
9.800900000000000000e+04
1.546970000000000000e+05
8.357100000000000000e+04
4.326700000000000000e+04
2.924700000000000000e+04
4.657500000000000000e+04
9.865100000000000000e+04
2.702000000000000000e+03
1.017500000000000000e+04
8.022000000000000000e+03
1.682700000000000000e+04
9.855600000000000000e+04
1.051210000000000000e+05
1.655270000000000000e+05
7.551700000000000000e+04
1.473310000000000000e+05
1.164890000000000000e+05
7.429500000000000000e+04
2.843600000000000000e+04
1.496000000000000000e+05
1.425870000000000000e+05
6.299000000000000000e+03
1.367210000000000000e+05
5.190000000000000000e+03
9.681700000000000000e+04
1.271000000000000000e+05
7.324800000000000000e+04
1.131510000000000000e+05
6.523000000000000000e+03
6.484700000000000000e+04
1.486460000000000000e+05
9.495200000000000000e+04
9.284600000000000000e+04
1.949300000000000000e+04
1.203060000000000000e+05
8.129600000000000000e+04
3.605500000000000000e+04
8.448000000000000000e+04
1.013600000000000000e+04
1.302470000000000000e+05
9.610000000000000000e+04
4.110000000000000000e+02
4.653100000000000000e+04
7.846600000000000000e+04
2.144400000000000000e+04
1.581090000000000000e+05
1.183600000000000000e+04
1.132350000000000000e+05
7.463700000000000000e+04
1.071480000000000000e+05
1.972900000000000000e+04
1.257810000000000000e+05
9.586100000000000000e+04
1.671000000000000000e+04
1.590680000000000000e+05
1.066480000000000000e+05
5.929300000000000000e+04
9.140300000000000000e+04
7.473100000000000000e+04
6.084900000000000000e+04
1.614140000000000000e+05
1.071740000000000000e+05
1.308610000000000000e+05
1.047910000000000000e+05
1.161200000000000000e+04
5.646300000000000000e+04
1.662700000000000000e+04
1.130410000000000000e+05
4.680900000000000000e+04
2.769800000000000000e+04
6.377400000000000000e+04
3.351900000000000000e+04
4.194500000000000000e+04
9.913200000000000000e+04
2.070500000000000000e+04
1.621720000000000000e+05
4.152500000000000000e+04
1.269950000000000000e+05
9.465200000000000000e+04
4.621100000000000000e+04
3.270000000000000000e+02
9.761000000000000000e+03
1.909200000000000000e+04
1.624590000000000000e+05
1.014570000000000000e+05
8.783400000000000000e+04
9.439500000000000000e+04
1.284440000000000000e+05
5.769200000000000000e+04
6.269400000000000000e+04
1.371370000000000000e+05
8.528000000000000000e+04
5.319800000000000000e+04
3.755300000000000000e+04
1.159780000000000000e+05
7.672500000000000000e+04
1.586740000000000000e+05
1.342570000000000000e+05
6.031600000000000000e+04
1.014270000000000000e+05
1.422220000000000000e+05
2.236600000000000000e+04
1.104220000000000000e+05
5.535600000000000000e+04
1.489370000000000000e+05
1.428360000000000000e+05
4.310300000000000000e+04
1.211500000000000000e+05
1.481700000000000000e+05
1.494460000000000000e+05
4.732400000000000000e+04
7.006800000000000000e+04
1.922100000000000000e+04
9.609700000000000000e+04
9.835800000000000000e+04
9.019200000000000000e+04
1.555870000000000000e+05
1.531640000000000000e+05
7.746800000000000000e+04
7.591200000000000000e+04
8.532000000000000000e+03
1.192600000000000000e+04
1.401010000000000000e+05
1.098860000000000000e+05
1.577000000000000000e+03
8.617600000000000000e+04
2.664400000000000000e+04
1.672750000000000000e+05
2.439200000000000000e+04
8.986600000000000000e+04
1.325000000000000000e+04
8.810400000000000000e+04
1.362280000000000000e+05
1.437140000000000000e+05
1.208800000000000000e+05
1.285460000000000000e+05
1.459550000000000000e+05
3.082300000000000000e+04
3.570100000000000000e+04
1.628380000000000000e+05
1.087940000000000000e+05
7.866600000000000000e+04
1.641940000000000000e+05
7.332100000000000000e+04
8.175000000000000000e+03
1.522560000000000000e+05
1.093630000000000000e+05
2.060300000000000000e+04
4.155100000000000000e+04
1.565160000000000000e+05
1.569510000000000000e+05
5.372300000000000000e+04
4.261900000000000000e+04
1.282220000000000000e+05
5.897200000000000000e+04
1.282600000000000000e+04
1.607770000000000000e+05
1.344740000000000000e+05
1.088550000000000000e+05
9.188000000000000000e+03
3.493000000000000000e+04
1.435470000000000000e+05
2.857500000000000000e+04
1.520120000000000000e+05
8.282200000000000000e+04
9.258700000000000000e+04
1.309700000000000000e+04
1.290140000000000000e+05
1.230050000000000000e+05
7.352900000000000000e+04
1.260500000000000000e+05
1.509750000000000000e+05
3.675600000000000000e+04
2.089000000000000000e+04
1.057530000000000000e+05
4.243600000000000000e+04
7.434800000000000000e+04
7.885000000000000000e+03
7.500900000000000000e+04
1.440590000000000000e+05
1.374970000000000000e+05
1.507460000000000000e+05
1.555270000000000000e+05
7.437000000000000000e+03
7.736200000000000000e+04
1.350280000000000000e+05
5.302800000000000000e+04
8.082100000000000000e+04
1.154000000000000000e+04
3.670800000000000000e+04
6.827100000000000000e+04
1.328470000000000000e+05
1.465280000000000000e+05
1.225200000000000000e+04
1.333800000000000000e+04
1.088140000000000000e+05
2.934300000000000000e+04
1.365610000000000000e+05
1.144550000000000000e+05
1.470100000000000000e+05
3.961000000000000000e+03
1.584150000000000000e+05
1.284960000000000000e+05
9.560000000000000000e+03
4.195900000000000000e+04
9.811300000000000000e+04
7.825300000000000000e+04
3.180900000000000000e+04
5.870500000000000000e+04
6.812500000000000000e+04
1.667760000000000000e+05
8.215900000000000000e+04
3.394000000000000000e+04
1.080210000000000000e+05
1.663670000000000000e+05
1.116420000000000000e+05
2.712600000000000000e+04
1.281930000000000000e+05
7.699800000000000000e+04
1.323200000000000000e+04
2.434000000000000000e+04
1.356990000000000000e+05
8.907300000000000000e+04
9.035100000000000000e+04
1.402520000000000000e+05
6.245500000000000000e+04
7.710100000000000000e+04
1.453990000000000000e+05
6.389100000000000000e+04
6.427000000000000000e+04
8.238300000000000000e+04
8.072800000000000000e+04
1.895900000000000000e+04
1.440950000000000000e+05
1.401800000000000000e+05
8.312800000000000000e+04
9.634800000000000000e+04
1.583730000000000000e+05
8.054100000000000000e+04
1.673410000000000000e+05
2.033700000000000000e+04
6.786500000000000000e+04
5.461000000000000000e+04
5.090600000000000000e+04
5.719800000000000000e+04
1.431610000000000000e+05
3.747400000000000000e+04
7.273000000000000000e+03
2.270700000000000000e+04
6.598400000000000000e+04
9.272300000000000000e+04
1.096720000000000000e+05
2.721700000000000000e+04
1.296770000000000000e+05
1.148350000000000000e+05
1.699000000000000000e+04
1.390940000000000000e+05
3.504700000000000000e+04
1.017290000000000000e+05
9.461000000000000000e+03
8.517800000000000000e+04
1.717100000000000000e+04
8.353600000000000000e+04
1.581850000000000000e+05
2.008900000000000000e+04
1.528740000000000000e+05
1.799300000000000000e+04
9.662500000000000000e+04
1.137550000000000000e+05
5.614100000000000000e+04
5.618100000000000000e+04
7.299500000000000000e+04
1.150550000000000000e+05
4.331000000000000000e+04
6.057900000000000000e+04
8.244900000000000000e+04
1.607330000000000000e+05
1.899400000000000000e+04
9.022300000000000000e+04
6.778900000000000000e+04
5.371000000000000000e+04
2.508600000000000000e+04
7.514400000000000000e+04
1.160960000000000000e+05
1.742800000000000000e+04
3.797400000000000000e+04
3.456100000000000000e+04
8.919100000000000000e+04
9.827000000000000000e+03
2.635000000000000000e+04
9.080500000000000000e+04
5.708100000000000000e+04
7.027200000000000000e+04
1.521820000000000000e+05
1.533150000000000000e+05
6.583600000000000000e+04
1.288610000000000000e+05
7.065800000000000000e+04
1.411620000000000000e+05
4.729800000000000000e+04
5.251800000000000000e+04
1.594250000000000000e+05
1.516630000000000000e+05
1.407280000000000000e+05
6.078000000000000000e+03
8.882400000000000000e+04
1.206430000000000000e+05
1.389230000000000000e+05
1.599000000000000000e+04
1.049670000000000000e+05
7.498900000000000000e+04
1.347560000000000000e+05
1.521760000000000000e+05
6.431800000000000000e+04
1.431200000000000000e+05
1.286760000000000000e+05
1.103100000000000000e+04
1.549780000000000000e+05
2.047400000000000000e+04
4.197100000000000000e+04
5.334400000000000000e+04
1.316140000000000000e+05
1.429100000000000000e+04
1.591550000000000000e+05
1.490290000000000000e+05
1.114350000000000000e+05
3.077600000000000000e+04
3.760800000000000000e+04
8.298400000000000000e+04
8.253000000000000000e+03
5.816700000000000000e+04
7.990200000000000000e+04
1.248510000000000000e+05
2.068500000000000000e+04
4.305000000000000000e+03
6.825400000000000000e+04
2.500300000000000000e+04
9.413700000000000000e+04
6.462600000000000000e+04
1.747400000000000000e+04
1.078150000000000000e+05
5.450200000000000000e+04
1.191520000000000000e+05
1.386740000000000000e+05
1.450580000000000000e+05
9.958800000000000000e+04
5.386600000000000000e+04
7.861200000000000000e+04
1.459460000000000000e+05
6.241300000000000000e+04
8.470200000000000000e+04
9.719500000000000000e+04
5.902100000000000000e+04
2.112700000000000000e+04
1.407590000000000000e+05
2.059000000000000000e+04
9.892700000000000000e+04
2.652600000000000000e+04
2.701200000000000000e+04
7.750900000000000000e+04
1.179900000000000000e+05
1.364640000000000000e+05
1.172540000000000000e+05
1.455090000000000000e+05
9.860000000000000000e+03
7.449000000000000000e+04
9.359600000000000000e+04
1.634580000000000000e+05
7.001000000000000000e+04
2.018800000000000000e+04
7.118100000000000000e+04
1.671050000000000000e+05
1.186440000000000000e+05
1.460980000000000000e+05
6.895700000000000000e+04
1.157590000000000000e+05
1.174150000000000000e+05
1.253770000000000000e+05
1.530490000000000000e+05
2.180000000000000000e+03
2.388400000000000000e+04
6.855300000000000000e+04
1.474480000000000000e+05
8.170000000000000000e+02
1.068680000000000000e+05
9.815700000000000000e+04
7.911600000000000000e+04
1.133870000000000000e+05
1.214100000000000000e+04
1.233890000000000000e+05
6.250400000000000000e+04
2.942200000000000000e+04
7.131000000000000000e+04
3.566000000000000000e+03
1.444960000000000000e+05
4.901000000000000000e+03
1.121140000000000000e+05
1.689100000000000000e+04
1.593530000000000000e+05
5.588800000000000000e+04
1.592690000000000000e+05
1.118420000000000000e+05
1.551400000000000000e+04
2.781300000000000000e+04
5.885100000000000000e+04
1.505680000000000000e+05
6.541600000000000000e+04
1.582040000000000000e+05
9.024900000000000000e+04
4.087000000000000000e+04
8.381200000000000000e+04
3.087000000000000000e+04
4.181700000000000000e+04
9.490200000000000000e+04
1.545620000000000000e+05
3.276300000000000000e+04
1.570000000000000000e+04
5.103600000000000000e+04
1.374100000000000000e+04
9.606800000000000000e+04
1.088290000000000000e+05
1.372660000000000000e+05
4.965000000000000000e+03
6.614000000000000000e+04
6.757300000000000000e+04
9.682200000000000000e+04
3.038800000000000000e+04
4.618700000000000000e+04
7.782500000000000000e+04
1.675990000000000000e+05
1.240390000000000000e+05
8.484300000000000000e+04
4.826500000000000000e+04
1.250000000000000000e+02
1.048890000000000000e+05
5.632200000000000000e+04
1.602000000000000000e+03
3.098400000000000000e+04
1.009160000000000000e+05
1.340130000000000000e+05
1.083900000000000000e+04
9.684900000000000000e+04
1.120000000000000000e+02
1.420630000000000000e+05
8.765200000000000000e+04
6.154000000000000000e+04
1.039360000000000000e+05
