7.590700000000000000e+04
8.894100000000000000e+04
3.182600000000000000e+04
8.308700000000000000e+04
1.165670000000000000e+05
1.667210000000000000e+05
1.471970000000000000e+05
3.181800000000000000e+04
8.441900000000000000e+04
1.664630000000000000e+05
8.868700000000000000e+04
9.120000000000000000e+03
8.030900000000000000e+04
5.925600000000000000e+04
6.149100000000000000e+04
1.193830000000000000e+05
3.944600000000000000e+04
5.108800000000000000e+04
1.041320000000000000e+05
7.828100000000000000e+04
1.363000000000000000e+03
1.392540000000000000e+05
1.283350000000000000e+05
1.576800000000000000e+05
1.588990000000000000e+05
5.528300000000000000e+04
1.228920000000000000e+05
2.885700000000000000e+04
1.429360000000000000e+05
9.489900000000000000e+04
2.934000000000000000e+04
1.322760000000000000e+05
9.894300000000000000e+04
1.496200000000000000e+05
1.173300000000000000e+04
4.460000000000000000e+02
4.619900000000000000e+04
7.492000000000000000e+03
1.379080000000000000e+05
2.041900000000000000e+04
3.426800000000000000e+04
4.854600000000000000e+04
1.398750000000000000e+05
1.057960000000000000e+05
6.911000000000000000e+04
1.289450000000000000e+05
1.447810000000000000e+05
1.672840000000000000e+05
1.209000000000000000e+03
1.627590000000000000e+05
1.470160000000000000e+05
8.690200000000000000e+04
1.483430000000000000e+05
1.562780000000000000e+05
1.132800000000000000e+04
4.674400000000000000e+04
1.248380000000000000e+05
9.098400000000000000e+04
7.817800000000000000e+04
1.167810000000000000e+05
3.712000000000000000e+04
1.378190000000000000e+05
1.358930000000000000e+05
8.842800000000000000e+04
1.691620000000000000e+05
7.104000000000000000e+04
8.757700000000000000e+04
1.006560000000000000e+05
1.676440000000000000e+05
1.670500000000000000e+04
1.398800000000000000e+05
1.416050000000000000e+05
1.630320000000000000e+05
1.034740000000000000e+05
7.158400000000000000e+04
9.977700000000000000e+04
1.983800000000000000e+04
6.376200000000000000e+04
7.944700000000000000e+04
2.165000000000000000e+03
1.399740000000000000e+05
1.686480000000000000e+05
4.861500000000000000e+04
1.094400000000000000e+05
2.853700000000000000e+04
1.110450000000000000e+05
1.705300000000000000e+04
1.459740000000000000e+05
6.257000000000000000e+04
6.010200000000000000e+04
1.509060000000000000e+05
6.612500000000000000e+04
7.194500000000000000e+04
9.061200000000000000e+04
1.491800000000000000e+05
1.528560000000000000e+05
4.113600000000000000e+04
4.842300000000000000e+04
1.366740000000000000e+05
4.133000000000000000e+03
1.389320000000000000e+05
1.452890000000000000e+05
1.676370000000000000e+05
9.123900000000000000e+04
1.997900000000000000e+04
7.666200000000000000e+04
1.013280000000000000e+05
1.121500000000000000e+04
3.957700000000000000e+04
1.046000000000000000e+03
4.078500000000000000e+04
1.543180000000000000e+05
8.315500000000000000e+04
1.053290000000000000e+05
1.167010000000000000e+05
1.457050000000000000e+05
1.640930000000000000e+05
8.048800000000000000e+04
7.602700000000000000e+04
1.271230000000000000e+05
1.054510000000000000e+05
1.410880000000000000e+05
1.384460000000000000e+05
9.925700000000000000e+04
6.196200000000000000e+04
1.952600000000000000e+04
5.008700000000000000e+04
1.095330000000000000e+05
1.026570000000000000e+05
7.838500000000000000e+04
5.048100000000000000e+04
6.431000000000000000e+04
1.352750000000000000e+05
1.329780000000000000e+05
1.266940000000000000e+05
2.676900000000000000e+04
4.175000000000000000e+03
3.947500000000000000e+04
1.070840000000000000e+05
8.097300000000000000e+04
4.758400000000000000e+04
1.610750000000000000e+05
7.176700000000000000e+04
5.824000000000000000e+03
1.243480000000000000e+05
3.206100000000000000e+04
1.508890000000000000e+05
4.808300000000000000e+04
2.006900000000000000e+04
4.240000000000000000e+04
1.363300000000000000e+05
1.390000000000000000e+04
6.258000000000000000e+03
1.269870000000000000e+05
9.030400000000000000e+04
1.160260000000000000e+05
1.529950000000000000e+05
4.250600000000000000e+04
5.460000000000000000e+04
4.390300000000000000e+04
4.390000000000000000e+02
8.078800000000000000e+04
8.977000000000000000e+04
3.761600000000000000e+04
1.431580000000000000e+05
1.151670000000000000e+05
2.919700000000000000e+04
5.916800000000000000e+04
1.197670000000000000e+05
1.636800000000000000e+05
1.100220000000000000e+05
3.813300000000000000e+04
7.135800000000000000e+04
3.412200000000000000e+04
1.190770000000000000e+05
5.727500000000000000e+04
1.238860000000000000e+05
1.074920000000000000e+05
4.249800000000000000e+04
2.904000000000000000e+03
1.013650000000000000e+05
3.297300000000000000e+04
1.451260000000000000e+05
1.590000000000000000e+03
2.778100000000000000e+04
4.889600000000000000e+04
1.033280000000000000e+05
1.086480000000000000e+05
3.679000000000000000e+03
9.903000000000000000e+03
7.783900000000000000e+04
1.411980000000000000e+05
7.417100000000000000e+04
6.851800000000000000e+04
1.606420000000000000e+05
8.989300000000000000e+04
1.560920000000000000e+05
1.007380000000000000e+05
6.632300000000000000e+04
1.318800000000000000e+05
1.544430000000000000e+05
1.604230000000000000e+05
1.186790000000000000e+05
5.033300000000000000e+04
5.773200000000000000e+04
3.859100000000000000e+04
1.456870000000000000e+05
1.655870000000000000e+05
1.346800000000000000e+04
4.326300000000000000e+04
6.683800000000000000e+04
1.159330000000000000e+05
6.324700000000000000e+04
1.279420000000000000e+05
7.735000000000000000e+04
1.482150000000000000e+05
6.663100000000000000e+04
7.413000000000000000e+04
1.522180000000000000e+05
1.711000000000000000e+03
7.163900000000000000e+04
6.095200000000000000e+04
2.865000000000000000e+04
1.108000000000000000e+04
7.797300000000000000e+04
3.288200000000000000e+04
8.397100000000000000e+04
1.142940000000000000e+05
3.992000000000000000e+03
3.406000000000000000e+03
1.015980000000000000e+05
3.587300000000000000e+04
5.887300000000000000e+04
6.563000000000000000e+04
1.419870000000000000e+05
6.731300000000000000e+04
1.013730000000000000e+05
1.343300000000000000e+04
4.397300000000000000e+04
1.425890000000000000e+05
1.603300000000000000e+04
5.865100000000000000e+04
1.622580000000000000e+05
9.529800000000000000e+04
1.123700000000000000e+05
1.572460000000000000e+05
8.419800000000000000e+04
4.883700000000000000e+04
4.058900000000000000e+04
5.396100000000000000e+04
4.160300000000000000e+04
6.192600000000000000e+04
4.556300000000000000e+04
3.930300000000000000e+04
2.913100000000000000e+04
3.663000000000000000e+04
5.883000000000000000e+04
1.411080000000000000e+05
4.344800000000000000e+04
1.493120000000000000e+05
1.325210000000000000e+05
1.165020000000000000e+05
3.846600000000000000e+04
6.541000000000000000e+03
1.185470000000000000e+05
1.033520000000000000e+05
2.878900000000000000e+04
1.253760000000000000e+05
8.154900000000000000e+04
1.009140000000000000e+05
1.230190000000000000e+05
9.240600000000000000e+04
1.033150000000000000e+05
9.383200000000000000e+04
4.031400000000000000e+04
1.434710000000000000e+05
1.128710000000000000e+05
1.517970000000000000e+05
8.843700000000000000e+04
1.430190000000000000e+05
1.536830000000000000e+05
7.116700000000000000e+04
6.204000000000000000e+04
1.568200000000000000e+04
8.777000000000000000e+03
7.437400000000000000e+04
1.386200000000000000e+05
1.043900000000000000e+04
1.181750000000000000e+05
3.397200000000000000e+04
1.615320000000000000e+05
4.934400000000000000e+04
8.835200000000000000e+04
5.287400000000000000e+04
1.306010000000000000e+05
1.257600000000000000e+05
3.664400000000000000e+04
9.313400000000000000e+04
1.540220000000000000e+05
9.239100000000000000e+04
1.296510000000000000e+05
1.037180000000000000e+05
8.671800000000000000e+04
1.225010000000000000e+05
2.731800000000000000e+04
1.319140000000000000e+05
7.187900000000000000e+04
2.364300000000000000e+04
9.822800000000000000e+04
1.629210000000000000e+05
2.471800000000000000e+04
1.266090000000000000e+05
1.680330000000000000e+05
9.623600000000000000e+04
9.014200000000000000e+04
1.546500000000000000e+05
1.048990000000000000e+05
1.461320000000000000e+05
1.296860000000000000e+05
1.629520000000000000e+05
1.689970000000000000e+05
1.355150000000000000e+05
5.015500000000000000e+04
9.971000000000000000e+03
3.636000000000000000e+03
1.163560000000000000e+05
1.417470000000000000e+05
1.332100000000000000e+04
2.738500000000000000e+04
8.212600000000000000e+04
1.282750000000000000e+05
1.005210000000000000e+05
1.472810000000000000e+05
7.834500000000000000e+04
2.782500000000000000e+04
6.048000000000000000e+03
1.382690000000000000e+05
5.413100000000000000e+04
1.318530000000000000e+05
1.808800000000000000e+04
4.881200000000000000e+04
3.907600000000000000e+04
3.378800000000000000e+04
1.207600000000000000e+04
1.384330000000000000e+05
6.173000000000000000e+04
4.338000000000000000e+04
9.743400000000000000e+04
3.315300000000000000e+04
1.498000000000000000e+04
1.199250000000000000e+05
7.819300000000000000e+04
2.014300000000000000e+04
1.331850000000000000e+05
1.262500000000000000e+05
7.004400000000000000e+04
1.098330000000000000e+05
6.775300000000000000e+04
1.253860000000000000e+05
2.255800000000000000e+04
1.583550000000000000e+05
1.623790000000000000e+05
6.845900000000000000e+04
6.232800000000000000e+04
1.420080000000000000e+05
1.571470000000000000e+05
6.371300000000000000e+04
6.600000000000000000e+01
1.069640000000000000e+05
5.329400000000000000e+04
9.989100000000000000e+04
9.894800000000000000e+04
1.101750000000000000e+05
1.293860000000000000e+05
1.123000000000000000e+04
1.397900000000000000e+04
1.283710000000000000e+05
2.489800000000000000e+04
5.782200000000000000e+04
1.697700000000000000e+04
6.950300000000000000e+04
1.112970000000000000e+05
9.739300000000000000e+04
1.406320000000000000e+05
1.154040000000000000e+05
1.241400000000000000e+05
1.226780000000000000e+05
4.582100000000000000e+04
8.569300000000000000e+04
6.207000000000000000e+04
2.733500000000000000e+04
7.389300000000000000e+04
2.891300000000000000e+04
1.308030000000000000e+05
1.455310000000000000e+05
1.294150000000000000e+05
3.063800000000000000e+04
1.615900000000000000e+05
1.116820000000000000e+05
1.261700000000000000e+05
1.326770000000000000e+05
2.891000000000000000e+04
2.332200000000000000e+04
4.681900000000000000e+04
5.850400000000000000e+04
1.509870000000000000e+05
9.963000000000000000e+03
1.410600000000000000e+04
9.089800000000000000e+04
1.690660000000000000e+05
8.554400000000000000e+04
7.972500000000000000e+04
1.194630000000000000e+05
6.984200000000000000e+04
1.654270000000000000e+05
1.519730000000000000e+05
1.014730000000000000e+05
1.216400000000000000e+04
1.467230000000000000e+05
7.318000000000000000e+03
5.946900000000000000e+04
4.734200000000000000e+04
9.213700000000000000e+04
1.123110000000000000e+05
1.276690000000000000e+05
5.315800000000000000e+04
3.274900000000000000e+04
9.347600000000000000e+04
4.749600000000000000e+04
7.393600000000000000e+04
1.212400000000000000e+04
1.550230000000000000e+05
1.060900000000000000e+04
5.854600000000000000e+04
4.933400000000000000e+04
1.379590000000000000e+05
8.706500000000000000e+04
1.480520000000000000e+05
2.704000000000000000e+04
1.307710000000000000e+05
9.142200000000000000e+04
1.467260000000000000e+05
7.025000000000000000e+03
4.880000000000000000e+02
6.898900000000000000e+04
7.791000000000000000e+04
6.377000000000000000e+04
1.510600000000000000e+05
2.886500000000000000e+04
7.194100000000000000e+04
6.467700000000000000e+04
6.555800000000000000e+04
1.079240000000000000e+05
1.480350000000000000e+05
1.228020000000000000e+05
3.793100000000000000e+04
1.679800000000000000e+04
8.297700000000000000e+04
1.094150000000000000e+05
6.332800000000000000e+04
4.884600000000000000e+04
8.166500000000000000e+04
5.067400000000000000e+04
6.467000000000000000e+04
1.598800000000000000e+04
1.156390000000000000e+05
5.137400000000000000e+04
1.141800000000000000e+05
3.171600000000000000e+04
9.799200000000000000e+04
7.423000000000000000e+03
7.518700000000000000e+04
3.526900000000000000e+04
1.484140000000000000e+05
1.199200000000000000e+05
1.060090000000000000e+05
5.652100000000000000e+04
9.767300000000000000e+04
4.334300000000000000e+04
5.674200000000000000e+04
1.460720000000000000e+05
7.673100000000000000e+04
5.538100000000000000e+04
1.043420000000000000e+05
1.284400000000000000e+05
9.847000000000000000e+04
1.030630000000000000e+05
5.426100000000000000e+04
7.707100000000000000e+04
9.281000000000000000e+04
4.661900000000000000e+04
1.630560000000000000e+05
4.734900000000000000e+04
4.664400000000000000e+04
7.510100000000000000e+04
1.296420000000000000e+05
5.848400000000000000e+04
2.654400000000000000e+04
9.275800000000000000e+04
1.124530000000000000e+05
8.084500000000000000e+04
1.509400000000000000e+05
1.318220000000000000e+05
1.347060000000000000e+05
7.009400000000000000e+04
1.940800000000000000e+04
3.579100000000000000e+04
1.372790000000000000e+05
6.480000000000000000e+04
5.327000000000000000e+04
9.854000000000000000e+03
6.714000000000000000e+04
5.777800000000000000e+04
1.771100000000000000e+04
1.125360000000000000e+05
1.133990000000000000e+05
1.200680000000000000e+05
3.531900000000000000e+04
9.565000000000000000e+04
5.406900000000000000e+04
1.260990000000000000e+05
9.084000000000000000e+04
7.532600000000000000e+04
1.012410000000000000e+05
1.571870000000000000e+05
1.147090000000000000e+05
7.648900000000000000e+04
1.115230000000000000e+05
1.337650000000000000e+05
1.511040000000000000e+05
1.182390000000000000e+05
2.273600000000000000e+04
1.637260000000000000e+05
1.653100000000000000e+05
9.191000000000000000e+03
6.127400000000000000e+04
1.570930000000000000e+05
4.200500000000000000e+04
2.020700000000000000e+04
4.917100000000000000e+04
9.776200000000000000e+04
9.615000000000000000e+04
8.705800000000000000e+04
8.850600000000000000e+04
1.167360000000000000e+05
7.115300000000000000e+04
1.284600000000000000e+05
1.504730000000000000e+05
8.430500000000000000e+04
1.100310000000000000e+05
8.829900000000000000e+04
8.580600000000000000e+04
2.023600000000000000e+04
4.716100000000000000e+04
3.715400000000000000e+04
3.263400000000000000e+04
1.578360000000000000e+05
1.442660000000000000e+05
3.057200000000000000e+04
1.807400000000000000e+04
1.611320000000000000e+05
3.539000000000000000e+04
1.732900000000000000e+04
1.268700000000000000e+04
2.213800000000000000e+04
7.397400000000000000e+04
4.543100000000000000e+04
7.775400000000000000e+04
1.454180000000000000e+05
3.037200000000000000e+04
2.916200000000000000e+04
3.740200000000000000e+04
1.674530000000000000e+05
9.025200000000000000e+04
7.647700000000000000e+04
1.693210000000000000e+05
4.612800000000000000e+04
7.786400000000000000e+04
3.871400000000000000e+04
1.439580000000000000e+05
1.638240000000000000e+05
1.277970000000000000e+05
3.087200000000000000e+04
1.265830000000000000e+05
1.095720000000000000e+05
6.598100000000000000e+04
1.683930000000000000e+05
1.040470000000000000e+05
1.133220000000000000e+05
9.195700000000000000e+04
1.629350000000000000e+05
7.194300000000000000e+04
1.393900000000000000e+04
8.217800000000000000e+04
4.286500000000000000e+04
1.111060000000000000e+05
1.574580000000000000e+05
1.179880000000000000e+05
2.597100000000000000e+04
7.052000000000000000e+04
1.133490000000000000e+05
1.649610000000000000e+05
1.027130000000000000e+05
1.168340000000000000e+05
3.477400000000000000e+04
1.750400000000000000e+04
6.846000000000000000e+04
1.803100000000000000e+04
1.241000000000000000e+04
1.262870000000000000e+05
5.652500000000000000e+04
1.495870000000000000e+05
1.548920000000000000e+05
5.889800000000000000e+04
5.451800000000000000e+04
1.099580000000000000e+05
4.226200000000000000e+04
1.527300000000000000e+05
4.285700000000000000e+04
2.295500000000000000e+04
1.792600000000000000e+04
1.465580000000000000e+05
1.015840000000000000e+05
4.214500000000000000e+04
1.095900000000000000e+05
1.078330000000000000e+05
7.003700000000000000e+04
5.522000000000000000e+04
6.470100000000000000e+04
6.185800000000000000e+04
6.259900000000000000e+04
2.394200000000000000e+04
9.858500000000000000e+04
1.022540000000000000e+05
2.571400000000000000e+04
1.433600000000000000e+04
6.358600000000000000e+04
9.408000000000000000e+04
2.745300000000000000e+04
3.174200000000000000e+04
1.316430000000000000e+05
2.463600000000000000e+04
1.154070000000000000e+05
8.978400000000000000e+04
5.068500000000000000e+04
2.229300000000000000e+04
6.797000000000000000e+04
1.275740000000000000e+05
1.157440000000000000e+05
2.935600000000000000e+04
1.331400000000000000e+05
1.399510000000000000e+05
8.190000000000000000e+02
1.200960000000000000e+05
6.615000000000000000e+04
1.157000000000000000e+03
1.041060000000000000e+05
1.723900000000000000e+04
6.054600000000000000e+04
4.416300000000000000e+04
1.340540000000000000e+05
1.068850000000000000e+05
5.755100000000000000e+04
4.193600000000000000e+04
1.418970000000000000e+05
2.344600000000000000e+04
5.559000000000000000e+04
1.074250000000000000e+05
1.025130000000000000e+05
1.359530000000000000e+05
8.079000000000000000e+04
8.339700000000000000e+04
9.458000000000000000e+03
1.677690000000000000e+05
1.121870000000000000e+05
6.821900000000000000e+04
1.266070000000000000e+05
1.677250000000000000e+05
9.909400000000000000e+04
1.053200000000000000e+04
4.005500000000000000e+04
6.305300000000000000e+04
1.194470000000000000e+05
4.937000000000000000e+03
4.062800000000000000e+04
1.049630000000000000e+05
7.346300000000000000e+04
1.153290000000000000e+05
1.108660000000000000e+05
1.779000000000000000e+03
1.653530000000000000e+05
1.278660000000000000e+05
1.773200000000000000e+04
1.047490000000000000e+05
5.247800000000000000e+04
1.053810000000000000e+05
8.560000000000000000e+04
9.600000000000000000e+02
1.526720000000000000e+05
1.597570000000000000e+05
1.397500000000000000e+05
3.332100000000000000e+04
1.595360000000000000e+05
4.423500000000000000e+04
1.030370000000000000e+05
3.385600000000000000e+04
3.213800000000000000e+04
9.649000000000000000e+03
1.066360000000000000e+05
5.144300000000000000e+04
1.059560000000000000e+05
5.761000000000000000e+04
9.288500000000000000e+04
5.620400000000000000e+04
1.624990000000000000e+05
2.750400000000000000e+04
1.585910000000000000e+05
1.422150000000000000e+05
2.337700000000000000e+04
1.107280000000000000e+05
1.551020000000000000e+05
2.602600000000000000e+04
2.709000000000000000e+03
1.269630000000000000e+05
4.014000000000000000e+03
1.452450000000000000e+05
4.080700000000000000e+04
2.037100000000000000e+04
1.418840000000000000e+05
3.768300000000000000e+04
1.120490000000000000e+05
3.814100000000000000e+04
7.119400000000000000e+04
8.835100000000000000e+04
4.087200000000000000e+04
4.945100000000000000e+04
5.070900000000000000e+04
4.212300000000000000e+04
6.845700000000000000e+04
3.033900000000000000e+04
3.933400000000000000e+04
5.918700000000000000e+04
8.892900000000000000e+04
1.628660000000000000e+05
6.079400000000000000e+04
1.138710000000000000e+05
1.511120000000000000e+05
1.318570000000000000e+05
5.777000000000000000e+04
2.358700000000000000e+04
1.333520000000000000e+05
1.049650000000000000e+05
1.664800000000000000e+04
1.410350000000000000e+05
1.042520000000000000e+05
8.978200000000000000e+04
1.201150000000000000e+05
5.791100000000000000e+04
7.896400000000000000e+04
7.709200000000000000e+04
4.565000000000000000e+03
1.618420000000000000e+05
6.772000000000000000e+04
1.686470000000000000e+05
7.651600000000000000e+04
3.454200000000000000e+04
9.212400000000000000e+04
4.198700000000000000e+04
1.598330000000000000e+05
4.018000000000000000e+03
1.349340000000000000e+05
1.424590000000000000e+05
1.371520000000000000e+05
1.180060000000000000e+05
7.904900000000000000e+04
2.195600000000000000e+04
