1.260500000000000000e+04
3.352000000000000000e+03
8.790900000000000000e+04
5.033500000000000000e+04
1.000480000000000000e+05
1.306910000000000000e+05
5.505000000000000000e+03
1.063830000000000000e+05
3.856000000000000000e+04
1.035150000000000000e+05
1.519810000000000000e+05
7.598700000000000000e+04
1.264710000000000000e+05
1.518210000000000000e+05
3.409300000000000000e+04
1.451800000000000000e+05
1.147750000000000000e+05
1.627570000000000000e+05
1.783900000000000000e+04
6.384900000000000000e+04
3.068100000000000000e+04
5.203600000000000000e+04
2.291200000000000000e+04
1.406150000000000000e+05
3.448000000000000000e+04
1.046500000000000000e+05
1.152160000000000000e+05
1.655000000000000000e+05
6.983400000000000000e+04
2.679000000000000000e+04
1.455010000000000000e+05
3.914600000000000000e+04
4.351400000000000000e+04
2.287200000000000000e+04
6.599800000000000000e+04
7.579400000000000000e+04
2.962800000000000000e+04
6.888000000000000000e+04
1.603910000000000000e+05
8.505000000000000000e+04
3.827900000000000000e+04
1.147980000000000000e+05
2.910000000000000000e+04
1.206070000000000000e+05
1.570060000000000000e+05
1.344610000000000000e+05
1.254360000000000000e+05
3.143500000000000000e+04
7.703400000000000000e+04
1.462800000000000000e+04
1.108350000000000000e+05
7.209300000000000000e+04
6.729500000000000000e+04
7.067800000000000000e+04
7.594300000000000000e+04
9.717500000000000000e+04
1.258070000000000000e+05
8.881500000000000000e+04
6.512300000000000000e+04
4.313000000000000000e+04
1.411320000000000000e+05
3.011300000000000000e+04
1.358450000000000000e+05
1.394460000000000000e+05
1.111920000000000000e+05
9.985000000000000000e+04
4.998100000000000000e+04
1.174140000000000000e+05
1.123320000000000000e+05
1.147040000000000000e+05
7.214100000000000000e+04
1.224680000000000000e+05
1.403130000000000000e+05
1.590250000000000000e+05
3.130700000000000000e+04
1.192000000000000000e+05
1.746000000000000000e+03
7.478300000000000000e+04
1.580290000000000000e+05
1.001140000000000000e+05
8.104000000000000000e+03
2.720000000000000000e+03
1.510230000000000000e+05
8.874600000000000000e+04
2.618400000000000000e+04
1.458430000000000000e+05
6.465300000000000000e+04
1.446640000000000000e+05
1.406700000000000000e+04
3.526500000000000000e+04
7.588200000000000000e+04
1.027980000000000000e+05
3.065300000000000000e+04
1.480040000000000000e+05
4.220200000000000000e+04
1.270960000000000000e+05
9.288000000000000000e+03
3.016100000000000000e+04
5.071500000000000000e+04
3.929800000000000000e+04
1.346640000000000000e+05
1.384970000000000000e+05
1.583620000000000000e+05
8.200000000000000000e+01
6.594000000000000000e+03
7.225400000000000000e+04
8.743000000000000000e+03
4.187500000000000000e+04
1.377280000000000000e+05
