1.215490000000000000e+05
2.433200000000000000e+04
5.189200000000000000e+04
7.853000000000000000e+03
1.269510000000000000e+05
1.453550000000000000e+05
5.009700000000000000e+04
1.282470000000000000e+05
1.387490000000000000e+05
5.603900000000000000e+04
9.394800000000000000e+04
3.530800000000000000e+04
3.249800000000000000e+04
4.221800000000000000e+04
1.426820000000000000e+05
1.548490000000000000e+05
1.031290000000000000e+05
4.896900000000000000e+04
8.498100000000000000e+04
1.510870000000000000e+05
1.367360000000000000e+05
6.303100000000000000e+04
9.841100000000000000e+04
5.717300000000000000e+04
6.584000000000000000e+03
1.749100000000000000e+04
8.728400000000000000e+04
6.179200000000000000e+04
1.461270000000000000e+05
6.412600000000000000e+04
7.863500000000000000e+04
1.591520000000000000e+05
1.528140000000000000e+05
1.036920000000000000e+05
7.760000000000000000e+02
8.646800000000000000e+04
5.034000000000000000e+03
1.103350000000000000e+05
6.732200000000000000e+04
4.033000000000000000e+04
1.449680000000000000e+05
1.004310000000000000e+05
1.177550000000000000e+05
2.244700000000000000e+04
1.316930000000000000e+05
1.639220000000000000e+05
1.507050000000000000e+05
7.598500000000000000e+04
3.668400000000000000e+04
4.161800000000000000e+04
1.284480000000000000e+05
4.696900000000000000e+04
1.342910000000000000e+05
7.761900000000000000e+04
1.664190000000000000e+05
1.678420000000000000e+05
8.822700000000000000e+04
4.747500000000000000e+04
1.086150000000000000e+05
6.788200000000000000e+04
9.374900000000000000e+04
1.244550000000000000e+05
1.156300000000000000e+04
6.819500000000000000e+04
1.175780000000000000e+05
5.010600000000000000e+04
1.343740000000000000e+05
1.616700000000000000e+05
1.097100000000000000e+05
1.777500000000000000e+04
3.502600000000000000e+04
1.518200000000000000e+05
2.311700000000000000e+04
1.654000000000000000e+05
2.184900000000000000e+04
6.348700000000000000e+04
1.656770000000000000e+05
1.560870000000000000e+05
5.476000000000000000e+03
8.405800000000000000e+04
1.144500000000000000e+04
3.653800000000000000e+04
1.604960000000000000e+05
5.209700000000000000e+04
2.149300000000000000e+04
3.967000000000000000e+04
1.677420000000000000e+05
9.676000000000000000e+04
5.883300000000000000e+04
5.890900000000000000e+04
1.670370000000000000e+05
3.105000000000000000e+04
7.987300000000000000e+04
1.363600000000000000e+04
9.641700000000000000e+04
1.074780000000000000e+05
7.183700000000000000e+04
3.886600000000000000e+04
4.565700000000000000e+04
4.329500000000000000e+04
1.140580000000000000e+05
4.659000000000000000e+04
1.610980000000000000e+05
1.209630000000000000e+05
1.185810000000000000e+05
1.120110000000000000e+05
3.899400000000000000e+04
1.448600000000000000e+05
7.044200000000000000e+04
9.187600000000000000e+04
1.205690000000000000e+05
1.058790000000000000e+05
6.774400000000000000e+04
9.129300000000000000e+04
1.440400000000000000e+04
3.444300000000000000e+04
2.771100000000000000e+04
4.641900000000000000e+04
1.007110000000000000e+05
1.480790000000000000e+05
1.889700000000000000e+04
4.545700000000000000e+04
7.100000000000000000e+03
9.214700000000000000e+04
5.121200000000000000e+04
9.836700000000000000e+04
6.692500000000000000e+04
2.358300000000000000e+04
2.774900000000000000e+04
8.514700000000000000e+04
3.710100000000000000e+04
1.037710000000000000e+05
1.605000000000000000e+05
4.328300000000000000e+04
1.285940000000000000e+05
4.857600000000000000e+04
9.394900000000000000e+04
9.471800000000000000e+04
8.069600000000000000e+04
6.292500000000000000e+04
4.870900000000000000e+04
7.412200000000000000e+04
1.283210000000000000e+05
2.476300000000000000e+04
1.048140000000000000e+05
6.606200000000000000e+04
1.435690000000000000e+05
2.469700000000000000e+04
7.493700000000000000e+04
3.596300000000000000e+04
9.747100000000000000e+04
1.315230000000000000e+05
1.081990000000000000e+05
1.219410000000000000e+05
1.658000000000000000e+03
6.192800000000000000e+04
7.997900000000000000e+04
1.220160000000000000e+05
1.188790000000000000e+05
1.280850000000000000e+05
1.172700000000000000e+04
6.508800000000000000e+04
1.352880000000000000e+05
4.089800000000000000e+04
5.628800000000000000e+04
1.341210000000000000e+05
1.194970000000000000e+05
5.784700000000000000e+04
9.883200000000000000e+04
1.351600000000000000e+04
2.396400000000000000e+04
1.481180000000000000e+05
1.294700000000000000e+05
2.981900000000000000e+04
1.619770000000000000e+05
1.555310000000000000e+05
1.031480000000000000e+05
1.657540000000000000e+05
1.492000000000000000e+05
1.180820000000000000e+05
8.928500000000000000e+04
6.279900000000000000e+04
7.540100000000000000e+04
9.662300000000000000e+04
7.484800000000000000e+04
1.492240000000000000e+05
1.460870000000000000e+05
4.322400000000000000e+04
1.691280000000000000e+05
1.016510000000000000e+05
1.534800000000000000e+05
1.644660000000000000e+05
1.077790000000000000e+05
5.485100000000000000e+04
1.195740000000000000e+05
1.573620000000000000e+05
5.262600000000000000e+04
1.376970000000000000e+05
1.603950000000000000e+05
9.396600000000000000e+04
1.632330000000000000e+05
1.605330000000000000e+05
6.266500000000000000e+04
8.978000000000000000e+04
2.341700000000000000e+04
1.052490000000000000e+05
1.252170000000000000e+05
1.409610000000000000e+05
1.104210000000000000e+05
5.133500000000000000e+04
7.536600000000000000e+04
1.310600000000000000e+05
1.672710000000000000e+05
9.908600000000000000e+04
1.567100000000000000e+04
8.575300000000000000e+04
1.655640000000000000e+05
1.614320000000000000e+05
6.744000000000000000e+03
1.389000000000000000e+05
6.156700000000000000e+04
1.079890000000000000e+05
6.566200000000000000e+04
1.050980000000000000e+05
2.406000000000000000e+03
8.325500000000000000e+04
7.385800000000000000e+04
2.419900000000000000e+04
5.181000000000000000e+03
3.142000000000000000e+04
1.107650000000000000e+05
2.223800000000000000e+04
6.439600000000000000e+04
3.744100000000000000e+04
4.975700000000000000e+04
1.134070000000000000e+05
1.040440000000000000e+05
3.810200000000000000e+04
1.691990000000000000e+05
2.053100000000000000e+04
1.048200000000000000e+05
1.492080000000000000e+05
6.411000000000000000e+04
4.927300000000000000e+04
9.069100000000000000e+04
9.720000000000000000e+02
1.539720000000000000e+05
6.413600000000000000e+04
