8.099000000000000000e+03
4.371100000000000000e+04
1.820400000000000000e+04
6.865100000000000000e+04
7.179100000000000000e+04
5.981000000000000000e+04
1.605930000000000000e+05
8.723900000000000000e+04
7.159500000000000000e+04
2.728700000000000000e+04
9.152500000000000000e+04
9.295400000000000000e+04
8.954000000000000000e+03
1.213550000000000000e+05
7.871200000000000000e+04
1.810400000000000000e+04
9.945600000000000000e+04
6.554900000000000000e+04
1.544120000000000000e+05
1.235660000000000000e+05
2.848700000000000000e+04
1.470640000000000000e+05
7.934400000000000000e+04
1.590930000000000000e+05
9.863700000000000000e+04
3.004400000000000000e+04
1.283240000000000000e+05
6.545600000000000000e+04
1.329620000000000000e+05
6.204300000000000000e+04
1.309200000000000000e+05
6.707500000000000000e+04
6.398400000000000000e+04
5.861700000000000000e+04
2.425200000000000000e+04
2.823000000000000000e+03
1.063940000000000000e+05
9.870700000000000000e+04
1.397400000000000000e+04
2.212400000000000000e+04
1.529840000000000000e+05
5.216000000000000000e+04
7.127200000000000000e+04
3.461400000000000000e+04
8.515600000000000000e+04
1.060150000000000000e+05
1.594520000000000000e+05
1.666390000000000000e+05
5.892600000000000000e+04
1.185890000000000000e+05
6.383200000000000000e+04
7.864100000000000000e+04
5.672000000000000000e+04
8.300000000000000000e+04
1.505040000000000000e+05
9.942900000000000000e+04
3.801000000000000000e+03
1.201120000000000000e+05
1.388350000000000000e+05
5.926800000000000000e+04
1.568940000000000000e+05
1.114900000000000000e+05
1.215370000000000000e+05
1.345620000000000000e+05
1.260800000000000000e+04
9.023300000000000000e+04
1.186810000000000000e+05
1.323510000000000000e+05
7.816000000000000000e+03
3.729000000000000000e+04
6.473000000000000000e+04
1.372060000000000000e+05
3.886500000000000000e+04
1.410990000000000000e+05
1.457080000000000000e+05
5.009400000000000000e+04
1.431320000000000000e+05
1.893000000000000000e+03
9.807700000000000000e+04
8.560000000000000000e+03
1.653080000000000000e+05
4.057600000000000000e+04
4.461300000000000000e+04
4.159200000000000000e+04
7.398200000000000000e+04
5.761900000000000000e+04
1.221470000000000000e+05
5.585700000000000000e+04
2.125000000000000000e+04
2.803000000000000000e+03
1.662280000000000000e+05
1.629500000000000000e+04
8.559500000000000000e+04
1.337900000000000000e+04
1.124520000000000000e+05
1.580310000000000000e+05
1.113710000000000000e+05
5.811300000000000000e+04
1.039290000000000000e+05
1.313310000000000000e+05
4.097900000000000000e+04
1.213060000000000000e+05
1.451700000000000000e+04
6.586200000000000000e+04
1.253550000000000000e+05
7.736300000000000000e+04
5.324200000000000000e+04
2.045900000000000000e+04
6.854700000000000000e+04
1.619160000000000000e+05
3.672300000000000000e+04
1.536510000000000000e+05
2.525900000000000000e+04
1.628320000000000000e+05
1.113610000000000000e+05
7.444500000000000000e+04
1.677480000000000000e+05
1.258810000000000000e+05
1.263610000000000000e+05
4.894500000000000000e+04
1.619760000000000000e+05
7.602900000000000000e+04
1.483750000000000000e+05
9.370000000000000000e+04
1.068400000000000000e+04
9.929700000000000000e+04
9.400700000000000000e+04
7.905000000000000000e+04
1.512830000000000000e+05
1.044440000000000000e+05
8.361900000000000000e+04
1.342990000000000000e+05
3.929000000000000000e+03
6.941600000000000000e+04
4.317400000000000000e+04
8.698700000000000000e+04
4.452500000000000000e+04
4.982300000000000000e+04
1.000060000000000000e+05
3.328000000000000000e+04
1.015810000000000000e+05
1.088720000000000000e+05
7.888700000000000000e+04
7.772000000000000000e+03
5.593900000000000000e+04
1.585880000000000000e+05
5.336700000000000000e+04
9.037900000000000000e+04
7.494900000000000000e+04
5.349000000000000000e+04
8.885200000000000000e+04
4.790200000000000000e+04
1.762800000000000000e+04
1.402870000000000000e+05
4.946800000000000000e+04
6.853400000000000000e+04
7.171400000000000000e+04
6.990700000000000000e+04
8.232500000000000000e+04
8.957700000000000000e+04
3.008000000000000000e+04
9.033000000000000000e+03
6.144400000000000000e+04
1.318620000000000000e+05
9.311800000000000000e+04
9.015200000000000000e+04
1.215920000000000000e+05
3.086100000000000000e+04
1.808100000000000000e+04
1.333690000000000000e+05
1.665980000000000000e+05
9.421000000000000000e+04
1.523650000000000000e+05
1.434570000000000000e+05
3.466200000000000000e+04
5.841800000000000000e+04
8.375900000000000000e+04
1.577920000000000000e+05
7.851100000000000000e+04
9.566800000000000000e+04
1.284710000000000000e+05
7.182900000000000000e+04
1.237200000000000000e+05
7.810000000000000000e+03
1.378580000000000000e+05
1.244110000000000000e+05
5.326500000000000000e+04
3.793000000000000000e+04
1.583890000000000000e+05
1.417670000000000000e+05
2.827100000000000000e+04
7.953800000000000000e+04
9.930300000000000000e+04
1.139850000000000000e+05
1.058020000000000000e+05
7.958900000000000000e+04
4.841700000000000000e+04
2.670000000000000000e+03
9.386000000000000000e+04
1.472180000000000000e+05
1.168460000000000000e+05
2.672000000000000000e+03
1.471950000000000000e+05
2.685100000000000000e+04
1.043370000000000000e+05
5.998000000000000000e+04
1.492460000000000000e+05
1.577460000000000000e+05
1.072710000000000000e+05
1.049070000000000000e+05
1.334130000000000000e+05
6.100000000000000000e+01
1.593140000000000000e+05
1.688710000000000000e+05
1.216750000000000000e+05
1.471980000000000000e+05
2.649000000000000000e+04
1.324300000000000000e+05
8.741200000000000000e+04
3.265800000000000000e+04
1.757300000000000000e+04
5.640900000000000000e+04
5.879000000000000000e+04
9.586900000000000000e+04
1.290960000000000000e+05
4.140000000000000000e+04
1.236320000000000000e+05
1.133790000000000000e+05
5.808700000000000000e+04
1.812000000000000000e+03
1.788600000000000000e+04
7.645700000000000000e+04
1.123560000000000000e+05
1.561560000000000000e+05
4.744000000000000000e+03
5.783000000000000000e+04
1.552540000000000000e+05
2.428900000000000000e+04
1.104060000000000000e+05
6.228800000000000000e+04
4.043300000000000000e+04
2.562800000000000000e+04
5.888900000000000000e+04
1.289500000000000000e+04
1.235170000000000000e+05
1.512370000000000000e+05
1.669090000000000000e+05
4.877400000000000000e+04
7.040000000000000000e+04
2.726100000000000000e+04
1.135410000000000000e+05
8.545000000000000000e+04
1.456460000000000000e+05
9.507100000000000000e+04
4.999900000000000000e+04
7.866700000000000000e+04
3.581000000000000000e+04
7.171900000000000000e+04
7.739200000000000000e+04
1.934100000000000000e+04
1.006350000000000000e+05
1.158130000000000000e+05
1.032110000000000000e+05
1.165100000000000000e+04
5.309900000000000000e+04
1.315130000000000000e+05
9.829700000000000000e+04
1.026770000000000000e+05
9.543000000000000000e+03
1.068130000000000000e+05
1.085210000000000000e+05
7.390800000000000000e+04
1.396700000000000000e+05
6.960000000000000000e+02
3.596000000000000000e+04
1.824000000000000000e+03
1.451280000000000000e+05
1.106170000000000000e+05
4.203800000000000000e+04
5.822400000000000000e+04
2.989600000000000000e+04
1.444360000000000000e+05
1.230550000000000000e+05
1.596290000000000000e+05
1.213180000000000000e+05
1.009770000000000000e+05
7.057300000000000000e+04
1.676490000000000000e+05
2.808400000000000000e+04
1.005000000000000000e+04
1.265300000000000000e+04
1.668970000000000000e+05
5.178600000000000000e+04
4.250500000000000000e+04
1.470150000000000000e+05
1.283790000000000000e+05
1.185950000000000000e+05
1.031840000000000000e+05
1.186390000000000000e+05
1.186800000000000000e+05
2.727000000000000000e+04
7.825100000000000000e+04
7.786000000000000000e+04
6.910100000000000000e+04
1.558540000000000000e+05
6.125400000000000000e+04
7.966000000000000000e+03
6.605800000000000000e+04
1.199010000000000000e+05
1.053990000000000000e+05
1.691730000000000000e+05
9.341200000000000000e+04
6.821000000000000000e+03
2.145000000000000000e+03
1.082090000000000000e+05
1.488210000000000000e+05
1.213540000000000000e+05
1.346980000000000000e+05
1.404310000000000000e+05
6.117600000000000000e+04
1.263600000000000000e+05
7.658700000000000000e+04
8.714100000000000000e+04
1.392400000000000000e+04
2.122900000000000000e+04
6.226300000000000000e+04
9.744200000000000000e+04
4.400500000000000000e+04
9.839200000000000000e+04
5.021200000000000000e+04
8.209700000000000000e+04
1.572170000000000000e+05
1.675440000000000000e+05
1.585860000000000000e+05
6.370900000000000000e+04
1.556970000000000000e+05
1.398380000000000000e+05
2.151900000000000000e+04
3.728600000000000000e+04
9.102200000000000000e+04
7.713100000000000000e+04
1.416490000000000000e+05
8.705700000000000000e+04
1.336590000000000000e+05
9.688000000000000000e+04
5.717100000000000000e+04
2.533400000000000000e+04
8.713200000000000000e+04
3.754700000000000000e+04
6.727300000000000000e+04
1.553500000000000000e+05
3.665800000000000000e+04
1.059130000000000000e+05
1.268000000000000000e+03
1.192160000000000000e+05
5.193200000000000000e+04
1.279530000000000000e+05
9.664700000000000000e+04
1.600870000000000000e+05
5.253400000000000000e+04
8.076000000000000000e+04
1.199050000000000000e+05
2.266300000000000000e+04
1.421100000000000000e+04
2.207400000000000000e+04
5.397000000000000000e+04
4.349000000000000000e+04
4.251800000000000000e+04
1.570810000000000000e+05
9.374700000000000000e+04
1.483510000000000000e+05
2.143000000000000000e+04
8.888600000000000000e+04
1.230000000000000000e+04
9.212700000000000000e+04
1.000820000000000000e+05
1.087930000000000000e+05
1.663110000000000000e+05
1.457510000000000000e+05
7.474600000000000000e+04
1.225290000000000000e+05
9.872000000000000000e+03
1.533900000000000000e+04
5.580600000000000000e+04
1.648400000000000000e+05
1.269810000000000000e+05
1.228880000000000000e+05
5.717800000000000000e+04
5.594400000000000000e+04
1.680900000000000000e+05
9.772700000000000000e+04
4.191300000000000000e+04
1.500060000000000000e+05
1.728100000000000000e+04
7.736000000000000000e+03
1.416810000000000000e+05
3.575800000000000000e+04
1.494600000000000000e+04
1.662500000000000000e+05
2.026800000000000000e+04
1.523450000000000000e+05
1.152240000000000000e+05
9.872100000000000000e+04
2.392900000000000000e+04
9.458600000000000000e+04
9.135800000000000000e+04
4.823300000000000000e+04
1.390800000000000000e+04
2.783900000000000000e+04
5.552700000000000000e+04
1.146720000000000000e+05
9.289600000000000000e+04
9.107500000000000000e+04
1.330020000000000000e+05
1.051140000000000000e+05
7.973900000000000000e+04
1.121070000000000000e+05
8.570700000000000000e+04
1.472150000000000000e+05
1.593430000000000000e+05
1.140500000000000000e+04
1.507380000000000000e+05
5.974700000000000000e+04
1.068390000000000000e+05
1.127960000000000000e+05
9.104800000000000000e+04
1.047790000000000000e+05
1.540810000000000000e+05
2.655800000000000000e+04
1.478660000000000000e+05
8.890000000000000000e+02
1.164960000000000000e+05
2.664300000000000000e+04
2.670200000000000000e+04
1.238470000000000000e+05
1.045980000000000000e+05
2.750100000000000000e+04
5.742800000000000000e+04
8.060800000000000000e+04
6.830000000000000000e+03
5.005400000000000000e+04
1.068670000000000000e+05
8.427800000000000000e+04
8.709600000000000000e+04
1.273690000000000000e+05
6.403000000000000000e+03
5.062900000000000000e+04
9.369200000000000000e+04
1.047220000000000000e+05
1.441000000000000000e+03
1.052510000000000000e+05
1.379300000000000000e+05
4.743400000000000000e+04
1.199020000000000000e+05
1.332540000000000000e+05
8.402600000000000000e+04
1.487760000000000000e+05
8.449300000000000000e+04
1.068770000000000000e+05
1.415460000000000000e+05
1.102740000000000000e+05
7.784300000000000000e+04
1.323720000000000000e+05
9.169000000000000000e+03
4.452700000000000000e+04
9.335700000000000000e+04
7.269600000000000000e+04
4.527300000000000000e+04
5.309400000000000000e+04
1.345540000000000000e+05
2.675200000000000000e+04
1.253050000000000000e+05
1.046690000000000000e+05
3.052200000000000000e+04
2.425700000000000000e+04
1.480190000000000000e+05
1.416170000000000000e+05
1.261500000000000000e+04
4.611000000000000000e+04
1.740100000000000000e+04
3.795900000000000000e+04
2.552600000000000000e+04
1.200120000000000000e+05
1.452000000000000000e+05
7.530800000000000000e+04
7.978800000000000000e+04
8.093000000000000000e+04
1.544060000000000000e+05
2.459100000000000000e+04
5.491400000000000000e+04
1.635630000000000000e+05
1.184240000000000000e+05
1.499460000000000000e+05
4.877600000000000000e+04
1.121900000000000000e+05
9.269700000000000000e+04
2.130900000000000000e+04
1.832500000000000000e+04
9.522500000000000000e+04
1.558750000000000000e+05
3.950800000000000000e+04
6.223000000000000000e+04
1.539420000000000000e+05
1.108040000000000000e+05
1.112140000000000000e+05
1.126630000000000000e+05
1.690720000000000000e+05
1.268820000000000000e+05
6.874500000000000000e+04
1.432110000000000000e+05
7.575900000000000000e+04
3.445600000000000000e+04
5.088400000000000000e+04
9.751000000000000000e+03
1.123070000000000000e+05
1.658460000000000000e+05
9.399300000000000000e+04
7.954900000000000000e+04
1.761300000000000000e+04
6.564900000000000000e+04
1.161770000000000000e+05
9.225000000000000000e+04
2.357700000000000000e+04
9.678700000000000000e+04
1.983400000000000000e+04
6.275200000000000000e+04
1.541380000000000000e+05
1.291740000000000000e+05
1.689510000000000000e+05
1.238020000000000000e+05
4.806000000000000000e+04
4.891000000000000000e+03
9.398900000000000000e+04
1.390270000000000000e+05
1.617900000000000000e+05
6.863000000000000000e+03
5.845300000000000000e+04
8.048000000000000000e+04
1.204620000000000000e+05
7.000500000000000000e+04
3.934700000000000000e+04
3.233200000000000000e+04
1.148450000000000000e+05
9.038000000000000000e+04
5.582600000000000000e+04
1.203660000000000000e+05
7.297000000000000000e+04
2.275600000000000000e+04
5.665000000000000000e+03
1.548850000000000000e+05
9.748600000000000000e+04
3.734100000000000000e+04
3.868300000000000000e+04
9.630000000000000000e+04
1.050230000000000000e+05
1.007870000000000000e+05
9.417000000000000000e+03
1.157660000000000000e+05
8.979000000000000000e+04
5.566700000000000000e+04
8.020700000000000000e+04
1.196350000000000000e+05
6.234900000000000000e+04
9.136100000000000000e+04
1.376220000000000000e+05
8.039300000000000000e+04
1.338840000000000000e+05
1.443100000000000000e+05
5.456500000000000000e+04
9.655700000000000000e+04
3.067200000000000000e+04
8.015100000000000000e+04
9.871000000000000000e+03
4.777900000000000000e+04
3.717200000000000000e+04
5.150400000000000000e+04
1.648590000000000000e+05
8.540000000000000000e+03
8.423300000000000000e+04
5.846300000000000000e+04
7.564300000000000000e+04
3.579800000000000000e+04
1.330590000000000000e+05
1.940000000000000000e+02
3.563000000000000000e+04
1.282930000000000000e+05
1.079900000000000000e+05
2.007400000000000000e+04
7.083000000000000000e+04
5.130400000000000000e+04
1.820700000000000000e+04
1.364160000000000000e+05
1.483480000000000000e+05
1.081330000000000000e+05
3.411700000000000000e+04
5.071700000000000000e+04
9.374100000000000000e+04
1.337550000000000000e+05
2.860600000000000000e+04
1.181530000000000000e+05
2.269400000000000000e+04
1.069310000000000000e+05
1.250880000000000000e+05
4.682900000000000000e+04
9.677300000000000000e+04
1.301560000000000000e+05
7.033200000000000000e+04
4.668100000000000000e+04
9.151000000000000000e+03
1.496720000000000000e+05
1.072130000000000000e+05
1.047700000000000000e+04
3.954400000000000000e+04
1.230580000000000000e+05
1.540760000000000000e+05
2.551000000000000000e+03
1.497450000000000000e+05
2.993900000000000000e+04
2.528300000000000000e+04
3.720900000000000000e+04
1.669830000000000000e+05
1.489620000000000000e+05
9.572300000000000000e+04
2.998100000000000000e+04
7.973000000000000000e+04
1.005510000000000000e+05
1.858800000000000000e+04
2.995200000000000000e+04
6.514000000000000000e+03
1.372480000000000000e+05
6.627000000000000000e+03
1.089770000000000000e+05
3.463900000000000000e+04
9.531300000000000000e+04
1.685200000000000000e+04
1.138550000000000000e+05
1.420900000000000000e+05
1.416060000000000000e+05
1.659930000000000000e+05
6.007800000000000000e+04
7.488000000000000000e+04
6.719000000000000000e+04
6.626000000000000000e+03
5.436000000000000000e+03
1.467150000000000000e+05
3.714900000000000000e+04
1.056180000000000000e+05
1.043380000000000000e+05
1.464250000000000000e+05
6.937900000000000000e+04
1.089750000000000000e+05
2.402100000000000000e+04
3.177600000000000000e+04
5.927400000000000000e+04
4.076500000000000000e+04
6.090600000000000000e+04
1.454560000000000000e+05
1.006010000000000000e+05
1.530330000000000000e+05
1.299900000000000000e+04
4.533800000000000000e+04
2.411000000000000000e+04
1.237610000000000000e+05
8.430000000000000000e+04
1.328520000000000000e+05
2.086400000000000000e+04
6.123200000000000000e+04
1.336300000000000000e+04
1.165840000000000000e+05
1.407750000000000000e+05
9.233000000000000000e+03
1.616360000000000000e+05
4.281200000000000000e+04
1.331680000000000000e+05
1.199850000000000000e+05
1.191050000000000000e+05
1.314050000000000000e+05
1.676380000000000000e+05
8.712800000000000000e+04
8.800000000000000000e+03
1.649480000000000000e+05
1.636310000000000000e+05
1.328330000000000000e+05
1.542670000000000000e+05
1.957200000000000000e+04
1.099090000000000000e+05
1.433030000000000000e+05
1.327490000000000000e+05
7.771400000000000000e+04
1.189960000000000000e+05
1.122200000000000000e+05
1.361390000000000000e+05
1.000870000000000000e+05
9.640000000000000000e+02
2.992900000000000000e+04
1.624950000000000000e+05
1.002370000000000000e+05
1.664530000000000000e+05
1.422660000000000000e+05
7.514600000000000000e+04
8.810700000000000000e+04
8.614000000000000000e+03
1.403180000000000000e+05
1.394160000000000000e+05
9.023800000000000000e+04
1.028330000000000000e+05
1.598210000000000000e+05
1.007000000000000000e+05
3.142300000000000000e+04
8.456500000000000000e+04
1.044570000000000000e+05
4.444600000000000000e+04
2.391300000000000000e+04
9.500500000000000000e+04
1.331620000000000000e+05
4.199600000000000000e+04
1.028950000000000000e+05
3.965600000000000000e+04
7.040600000000000000e+04
5.792500000000000000e+04
4.387800000000000000e+04
1.478500000000000000e+04
5.357300000000000000e+04
5.588300000000000000e+04
9.436100000000000000e+04
1.233130000000000000e+05
1.943400000000000000e+04
1.425000000000000000e+03
1.044420000000000000e+05
1.311480000000000000e+05
1.823100000000000000e+04
1.337630000000000000e+05
5.545000000000000000e+04
1.026530000000000000e+05
3.157000000000000000e+04
5.319400000000000000e+04
6.513500000000000000e+04
4.790000000000000000e+04
1.166100000000000000e+04
1.333370000000000000e+05
1.126290000000000000e+05
5.752000000000000000e+04
7.726000000000000000e+04
1.046410000000000000e+05
2.072900000000000000e+04
8.064000000000000000e+04
9.134500000000000000e+04
1.037670000000000000e+05
6.175000000000000000e+03
6.938700000000000000e+04
1.168420000000000000e+05
4.116000000000000000e+04
3.249500000000000000e+04
1.031000000000000000e+03
9.417500000000000000e+04
1.152260000000000000e+05
3.979900000000000000e+04
1.450030000000000000e+05
1.258200000000000000e+05
1.095270000000000000e+05
1.052890000000000000e+05
3.197100000000000000e+04
1.085190000000000000e+05
9.268000000000000000e+04
3.481300000000000000e+04
1.403800000000000000e+05
1.252330000000000000e+05
1.528480000000000000e+05
5.481200000000000000e+04
1.304750000000000000e+05
7.820000000000000000e+03
1.635770000000000000e+05
6.585600000000000000e+04
5.012100000000000000e+04
1.523400000000000000e+04
7.240900000000000000e+04
3.928800000000000000e+04
7.931800000000000000e+04
4.968500000000000000e+04
9.145900000000000000e+04
5.418900000000000000e+04
2.884500000000000000e+04
1.305540000000000000e+05
1.470430000000000000e+05
1.276530000000000000e+05
8.982600000000000000e+04
3.200000000000000000e+02
6.049700000000000000e+04
1.177870000000000000e+05
6.900800000000000000e+04
1.544750000000000000e+05
1.272310000000000000e+05
1.616220000000000000e+05
1.202930000000000000e+05
2.265500000000000000e+04
1.445600000000000000e+04
1.610920000000000000e+05
3.051800000000000000e+04
5.187100000000000000e+04
1.405130000000000000e+05
2.979500000000000000e+04
1.377790000000000000e+05
4.682700000000000000e+04
1.159810000000000000e+05
1.998100000000000000e+04
5.152300000000000000e+04
1.547300000000000000e+04
1.253270000000000000e+05
1.226520000000000000e+05
5.741700000000000000e+04
1.509800000000000000e+05
9.917100000000000000e+04
1.331640000000000000e+05
1.609440000000000000e+05
1.361400000000000000e+04
1.019460000000000000e+05
6.653500000000000000e+04
1.060190000000000000e+05
8.633200000000000000e+04
1.238590000000000000e+05
2.221700000000000000e+04
3.143100000000000000e+04
3.224000000000000000e+04
7.713700000000000000e+04
6.377300000000000000e+04
1.304200000000000000e+04
5.932300000000000000e+04
1.139400000000000000e+04
6.400300000000000000e+04
5.681700000000000000e+04
1.285320000000000000e+05
9.610300000000000000e+04
3.812600000000000000e+04
1.582120000000000000e+05
1.270570000000000000e+05
1.056900000000000000e+04
4.674100000000000000e+04
1.589580000000000000e+05
3.770000000000000000e+02
1.198580000000000000e+05
1.531740000000000000e+05
1.432020000000000000e+05
1.152630000000000000e+05
1.562200000000000000e+04
4.470200000000000000e+04
3.526600000000000000e+04
3.247300000000000000e+04
3.013500000000000000e+04
3.552000000000000000e+03
7.513400000000000000e+04
5.580900000000000000e+04
1.512820000000000000e+05
9.487300000000000000e+04
1.730000000000000000e+04
1.343530000000000000e+05
1.575180000000000000e+05
8.757900000000000000e+04
5.613200000000000000e+04
2.260400000000000000e+04
9.034400000000000000e+04
1.681920000000000000e+05
2.783200000000000000e+04
1.001920000000000000e+05
1.173710000000000000e+05
9.948000000000000000e+04
1.349500000000000000e+04
1.545840000000000000e+05
1.604350000000000000e+05
1.339450000000000000e+05
1.351180000000000000e+05
1.993500000000000000e+04
9.141000000000000000e+04
2.657000000000000000e+04
1.758500000000000000e+04
9.083700000000000000e+04
1.458530000000000000e+05
1.431230000000000000e+05
3.877200000000000000e+04
5.233000000000000000e+03
1.586030000000000000e+05
4.328100000000000000e+04
9.653200000000000000e+04
8.384000000000000000e+04
1.239910000000000000e+05
6.527600000000000000e+04
5.631800000000000000e+04
5.864000000000000000e+04
1.006400000000000000e+05
1.174250000000000000e+05
7.651000000000000000e+04
1.592100000000000000e+04
1.430800000000000000e+04
1.506190000000000000e+05
7.457200000000000000e+04
1.353960000000000000e+05
1.147400000000000000e+04
1.054270000000000000e+05
2.572400000000000000e+04
2.656200000000000000e+04
9.929100000000000000e+04
1.154790000000000000e+05
1.305760000000000000e+05
5.005200000000000000e+04
1.948300000000000000e+04
4.231300000000000000e+04
1.355500000000000000e+04
6.786800000000000000e+04
1.248590000000000000e+05
1.146880000000000000e+05
1.628970000000000000e+05
8.233200000000000000e+04
7.320200000000000000e+04
8.888500000000000000e+04
1.438520000000000000e+05
1.064600000000000000e+04
1.615920000000000000e+05
3.859400000000000000e+04
9.614200000000000000e+04
5.763600000000000000e+04
2.528700000000000000e+04
4.210700000000000000e+04
3.928700000000000000e+04
3.277500000000000000e+04
1.523220000000000000e+05
6.827200000000000000e+04
1.084960000000000000e+05
5.006500000000000000e+04
9.022700000000000000e+04
1.693280000000000000e+05
4.789400000000000000e+04
3.350900000000000000e+04
4.865100000000000000e+04
8.214900000000000000e+04
3.451500000000000000e+04
1.161100000000000000e+05
1.072000000000000000e+03
1.224460000000000000e+05
1.522090000000000000e+05
4.462900000000000000e+04
1.657400000000000000e+04
3.673700000000000000e+04
1.662340000000000000e+05
1.257040000000000000e+05
9.713200000000000000e+04
1.094440000000000000e+05
1.384060000000000000e+05
1.429490000000000000e+05
7.649600000000000000e+04
1.351410000000000000e+05
1.290700000000000000e+05
3.317800000000000000e+04
9.974100000000000000e+04
1.603790000000000000e+05
2.790700000000000000e+04
6.367900000000000000e+04
1.535700000000000000e+05
1.204180000000000000e+05
3.484000000000000000e+03
1.174640000000000000e+05
1.186450000000000000e+05
6.473900000000000000e+04
1.537100000000000000e+04
9.772200000000000000e+04
1.557220000000000000e+05
4.078000000000000000e+03
7.249600000000000000e+04
1.464100000000000000e+04
1.386090000000000000e+05
5.932700000000000000e+04
8.165200000000000000e+04
8.163900000000000000e+04
1.688890000000000000e+05
2.118400000000000000e+04
5.545500000000000000e+04
3.133600000000000000e+04
3.341500000000000000e+04
1.580550000000000000e+05
7.002500000000000000e+04
5.843300000000000000e+04
1.218650000000000000e+05
6.456400000000000000e+04
9.495400000000000000e+04
1.148040000000000000e+05
5.437000000000000000e+04
1.478790000000000000e+05
1.609770000000000000e+05
5.146600000000000000e+04
1.540490000000000000e+05
1.397100000000000000e+04
7.363800000000000000e+04
3.737300000000000000e+04
8.336700000000000000e+04
9.215100000000000000e+04
1.651160000000000000e+05
8.880400000000000000e+04
1.664650000000000000e+05
1.286400000000000000e+04
9.309500000000000000e+04
3.128500000000000000e+04
3.747200000000000000e+04
1.637340000000000000e+05
7.126300000000000000e+04
3.966100000000000000e+04
8.168100000000000000e+04
1.178100000000000000e+04
1.162140000000000000e+05
1.058920000000000000e+05
1.340000000000000000e+02
3.392400000000000000e+04
1.660250000000000000e+05
5.965900000000000000e+04
1.341020000000000000e+05
8.310300000000000000e+04
1.079310000000000000e+05
1.617580000000000000e+05
1.174620000000000000e+05
7.784800000000000000e+04
1.359240000000000000e+05
7.624000000000000000e+04
1.522590000000000000e+05
6.254000000000000000e+04
1.758800000000000000e+04
5.339000000000000000e+03
1.281400000000000000e+05
9.635100000000000000e+04
2.873700000000000000e+04
1.174000000000000000e+04
6.137000000000000000e+03
1.039890000000000000e+05
4.253000000000000000e+04
2.463400000000000000e+04
1.040510000000000000e+05
1.093590000000000000e+05
3.719300000000000000e+04
9.926400000000000000e+04
1.277370000000000000e+05
1.344890000000000000e+05
1.551500000000000000e+04
6.118300000000000000e+04
1.119920000000000000e+05
1.124950000000000000e+05
1.864900000000000000e+04
7.372000000000000000e+03
2.406500000000000000e+04
1.108020000000000000e+05
5.419800000000000000e+04
3.866900000000000000e+04
1.126340000000000000e+05
1.681950000000000000e+05
5.283900000000000000e+04
1.096550000000000000e+05
9.142700000000000000e+04
3.321700000000000000e+04
2.831200000000000000e+04
9.750600000000000000e+04
1.634700000000000000e+04
2.394000000000000000e+03
8.223500000000000000e+04
3.999000000000000000e+04
4.472900000000000000e+04
5.635000000000000000e+03
1.283780000000000000e+05
1.150400000000000000e+04
1.349400000000000000e+05
1.439060000000000000e+05
6.404000000000000000e+03
2.132400000000000000e+04
1.372220000000000000e+05
1.153090000000000000e+05
1.667900000000000000e+04
1.511600000000000000e+04
7.510000000000000000e+03
1.310690000000000000e+05
1.354850000000000000e+05
6.943000000000000000e+03
6.372400000000000000e+04
1.844400000000000000e+04
3.179500000000000000e+04
7.046600000000000000e+04
1.505780000000000000e+05
1.098720000000000000e+05
1.543440000000000000e+05
8.571600000000000000e+04
1.049050000000000000e+05
1.068150000000000000e+05
2.991900000000000000e+04
1.346220000000000000e+05
8.555800000000000000e+04
1.589470000000000000e+05
7.963700000000000000e+04
6.250300000000000000e+04
5.522900000000000000e+04
7.840000000000000000e+03
1.552240000000000000e+05
3.742000000000000000e+03
4.141600000000000000e+04
1.082260000000000000e+05
8.288100000000000000e+04
1.636540000000000000e+05
5.217400000000000000e+04
1.174550000000000000e+05
1.107390000000000000e+05
8.223400000000000000e+04
9.934300000000000000e+04
1.112610000000000000e+05
1.095030000000000000e+05
1.018340000000000000e+05
1.008540000000000000e+05
4.974900000000000000e+04
1.051700000000000000e+05
1.211800000000000000e+05
6.382400000000000000e+04
3.875600000000000000e+04
8.703200000000000000e+04
1.589600000000000000e+05
1.487070000000000000e+05
1.032860000000000000e+05
1.296980000000000000e+05
1.584260000000000000e+05
1.493340000000000000e+05
9.450600000000000000e+04
3.244300000000000000e+04
1.185610000000000000e+05
7.755300000000000000e+04
1.688570000000000000e+05
1.375370000000000000e+05
4.456700000000000000e+04
6.522300000000000000e+04
7.166000000000000000e+04
1.564500000000000000e+04
2.478000000000000000e+03
3.046900000000000000e+04
2.661300000000000000e+04
1.012820000000000000e+05
8.236300000000000000e+04
2.776600000000000000e+04
1.331370000000000000e+05
9.231600000000000000e+04
7.723600000000000000e+04
6.639600000000000000e+04
4.421300000000000000e+04
1.282010000000000000e+05
1.004200000000000000e+04
7.947000000000000000e+03
7.911700000000000000e+04
1.065300000000000000e+05
9.944800000000000000e+04
1.244520000000000000e+05
9.820100000000000000e+04
6.333100000000000000e+04
6.534000000000000000e+04
1.592340000000000000e+05
1.425840000000000000e+05
6.783900000000000000e+04
1.349940000000000000e+05
1.314330000000000000e+05
1.471630000000000000e+05
7.840700000000000000e+04
1.319630000000000000e+05
1.125930000000000000e+05
1.008590000000000000e+05
5.534100000000000000e+04
1.125190000000000000e+05
1.420730000000000000e+05
8.348900000000000000e+04
5.816200000000000000e+04
3.599000000000000000e+03
1.497240000000000000e+05
7.453000000000000000e+04
8.356600000000000000e+04
7.170200000000000000e+04
5.201900000000000000e+04
1.482090000000000000e+05
7.482400000000000000e+04
3.699900000000000000e+04
4.115500000000000000e+04
7.117900000000000000e+04
3.571400000000000000e+04
4.116100000000000000e+04
1.264930000000000000e+05
8.096400000000000000e+04
1.856100000000000000e+04
1.114140000000000000e+05
4.384600000000000000e+04
3.060700000000000000e+04
1.274300000000000000e+05
1.311150000000000000e+05
4.298000000000000000e+04
1.313090000000000000e+05
7.820000000000000000e+04
1.124700000000000000e+05
1.409600000000000000e+04
1.064350000000000000e+05
1.175290000000000000e+05
1.000800000000000000e+04
1.650410000000000000e+05
1.122020000000000000e+05
1.219230000000000000e+05
4.727800000000000000e+04
1.266230000000000000e+05
2.255500000000000000e+04
8.715000000000000000e+03
1.688670000000000000e+05
9.231400000000000000e+04
1.634940000000000000e+05
6.738000000000000000e+03
1.646790000000000000e+05
2.090200000000000000e+04
1.048080000000000000e+05
8.158800000000000000e+04
6.909200000000000000e+04
6.780400000000000000e+04
1.153460000000000000e+05
2.261100000000000000e+04
6.337700000000000000e+04
6.608300000000000000e+04
3.911600000000000000e+04
1.601460000000000000e+05
9.087700000000000000e+04
5.073900000000000000e+04
5.555700000000000000e+04
1.022300000000000000e+04
1.122320000000000000e+05
7.923300000000000000e+04
1.226150000000000000e+05
6.214600000000000000e+04
5.181400000000000000e+04
1.165480000000000000e+05
7.358600000000000000e+04
3.188100000000000000e+04
5.031700000000000000e+04
1.015100000000000000e+05
1.298330000000000000e+05
8.577700000000000000e+04
1.327190000000000000e+05
1.086530000000000000e+05
1.292450000000000000e+05
9.237200000000000000e+04
1.688940000000000000e+05
1.326400000000000000e+05
1.050200000000000000e+04
4.346200000000000000e+04
1.336670000000000000e+05
5.918100000000000000e+04
8.403000000000000000e+04
1.137670000000000000e+05
7.078200000000000000e+04
8.058000000000000000e+04
7.805800000000000000e+04
1.687300000000000000e+05
9.315600000000000000e+04
5.793800000000000000e+04
1.735600000000000000e+04
1.140920000000000000e+05
1.235000000000000000e+05
1.357840000000000000e+05
5.264000000000000000e+03
1.935700000000000000e+04
9.073000000000000000e+03
1.510670000000000000e+05
5.177500000000000000e+04
1.314600000000000000e+04
9.193000000000000000e+03
1.282500000000000000e+04
1.139600000000000000e+04
1.429260000000000000e+05
1.285090000000000000e+05
1.535140000000000000e+05
1.062760000000000000e+05
8.632200000000000000e+04
1.121440000000000000e+05
8.164700000000000000e+04
5.166600000000000000e+04
6.366900000000000000e+04
9.211800000000000000e+04
4.077200000000000000e+04
8.117600000000000000e+04
1.621700000000000000e+04
6.602600000000000000e+04
1.203510000000000000e+05
1.523250000000000000e+05
1.471500000000000000e+05
6.195000000000000000e+03
1.050740000000000000e+05
6.365900000000000000e+04
1.137170000000000000e+05
1.152620000000000000e+05
9.330000000000000000e+02
2.357100000000000000e+04
6.135100000000000000e+04
1.172300000000000000e+04
4.651800000000000000e+04
1.134470000000000000e+05
8.929600000000000000e+04
9.072000000000000000e+03
1.586100000000000000e+04
1.325890000000000000e+05
5.491700000000000000e+04
1.112130000000000000e+05
1.139010000000000000e+05
1.464890000000000000e+05
5.016700000000000000e+04
1.397890000000000000e+05
1.956400000000000000e+04
6.472200000000000000e+04
1.399990000000000000e+05
1.084930000000000000e+05
6.120100000000000000e+04
6.332500000000000000e+04
1.684640000000000000e+05
1.522970000000000000e+05
1.563660000000000000e+05
1.553210000000000000e+05
4.119100000000000000e+04
1.173050000000000000e+05
6.241100000000000000e+04
7.971800000000000000e+04
9.766000000000000000e+04
1.492890000000000000e+05
5.399700000000000000e+04
5.127100000000000000e+04
1.310110000000000000e+05
1.341050000000000000e+05
2.959200000000000000e+04
8.681700000000000000e+04
4.243800000000000000e+04
6.328600000000000000e+04
6.189900000000000000e+04
8.691600000000000000e+04
7.915600000000000000e+04
2.953100000000000000e+04
1.413650000000000000e+05
9.454000000000000000e+03
1.418620000000000000e+05
1.473000000000000000e+04
3.516900000000000000e+04
6.926300000000000000e+04
1.681850000000000000e+05
1.060700000000000000e+04
1.425900000000000000e+05
1.163670000000000000e+05
8.711100000000000000e+04
1.530870000000000000e+05
1.425400000000000000e+05
8.741300000000000000e+04
1.351640000000000000e+05
1.135800000000000000e+04
1.578680000000000000e+05
4.211900000000000000e+04
5.290300000000000000e+04
5.205000000000000000e+04
9.081700000000000000e+04
1.840000000000000000e+02
8.606500000000000000e+04
1.113410000000000000e+05
7.381200000000000000e+04
1.349700000000000000e+04
9.829400000000000000e+04
1.134400000000000000e+04
3.849100000000000000e+04
1.112280000000000000e+05
1.264050000000000000e+05
1.107340000000000000e+05
1.861800000000000000e+04
9.416500000000000000e+04
4.930800000000000000e+04
2.358200000000000000e+04
1.630630000000000000e+05
2.785000000000000000e+04
1.652620000000000000e+05
1.557150000000000000e+05
1.426370000000000000e+05
1.402750000000000000e+05
3.070800000000000000e+04
1.160000000000000000e+04
3.065900000000000000e+04
3.388200000000000000e+04
8.937200000000000000e+04
1.392360000000000000e+05
8.717200000000000000e+04
2.871200000000000000e+04
6.138100000000000000e+04
9.941700000000000000e+04
9.951000000000000000e+03
8.055400000000000000e+04
9.881700000000000000e+04
1.175320000000000000e+05
7.714000000000000000e+03
1.980800000000000000e+04
1.404940000000000000e+05
6.468600000000000000e+04
9.830400000000000000e+04
7.130300000000000000e+04
1.174630000000000000e+05
1.417890000000000000e+05
7.044800000000000000e+04
1.115050000000000000e+05
8.888100000000000000e+04
1.441250000000000000e+05
9.797400000000000000e+04
1.320790000000000000e+05
1.028000000000000000e+03
1.248660000000000000e+05
1.074820000000000000e+05
1.456840000000000000e+05
3.226000000000000000e+03
1.297830000000000000e+05
1.364080000000000000e+05
7.718900000000000000e+04
3.587100000000000000e+04
1.067280000000000000e+05
1.189630000000000000e+05
4.212800000000000000e+04
1.270400000000000000e+05
1.095120000000000000e+05
1.103240000000000000e+05
8.603700000000000000e+04
1.182200000000000000e+04
1.628220000000000000e+05
1.778900000000000000e+04
1.571110000000000000e+05
1.561300000000000000e+04
2.481700000000000000e+04
5.461600000000000000e+04
3.008500000000000000e+04
1.191110000000000000e+05
1.100750000000000000e+05
4.563000000000000000e+04
6.044300000000000000e+04
1.277300000000000000e+04
1.125260000000000000e+05
7.302900000000000000e+04
4.249700000000000000e+04
4.607000000000000000e+03
9.298100000000000000e+04
1.515300000000000000e+04
6.110900000000000000e+04
6.056500000000000000e+04
1.602600000000000000e+05
4.606700000000000000e+04
9.358800000000000000e+04
1.532500000000000000e+05
1.028040000000000000e+05
5.275100000000000000e+04
1.466310000000000000e+05
9.615900000000000000e+04
8.562400000000000000e+04
8.227600000000000000e+04
4.874800000000000000e+04
5.276700000000000000e+04
1.363890000000000000e+05
7.304800000000000000e+04
