1.521450000000000000e+05
7.458400000000000000e+04
8.801100000000000000e+04
1.458580000000000000e+05
1.591230000000000000e+05
1.203520000000000000e+05
1.596310000000000000e+05
5.951000000000000000e+03
2.839500000000000000e+04
1.550000000000000000e+03
2.256800000000000000e+04
4.242900000000000000e+04
1.457360000000000000e+05
9.634500000000000000e+04
8.874500000000000000e+04
4.034300000000000000e+04
4.035500000000000000e+04
1.110880000000000000e+05
6.759700000000000000e+04
1.463900000000000000e+05
1.639200000000000000e+05
7.991000000000000000e+03
2.114700000000000000e+04
1.127030000000000000e+05
8.429100000000000000e+04
8.377900000000000000e+04
1.058000000000000000e+05
3.600700000000000000e+04
1.596610000000000000e+05
1.899000000000000000e+03
1.243650000000000000e+05
4.019000000000000000e+03
7.199300000000000000e+04
7.438400000000000000e+04
1.613660000000000000e+05
5.292500000000000000e+04
8.968400000000000000e+04
3.444200000000000000e+04
1.032580000000000000e+05
9.215600000000000000e+04
1.537900000000000000e+04
4.539100000000000000e+04
7.972600000000000000e+04
9.557000000000000000e+04
1.196990000000000000e+05
3.877900000000000000e+04
1.449550000000000000e+05
1.639930000000000000e+05
1.189420000000000000e+05
7.708600000000000000e+04
1.384620000000000000e+05
6.948800000000000000e+04
9.432000000000000000e+03
7.505500000000000000e+04
1.165000000000000000e+05
1.627680000000000000e+05
1.310560000000000000e+05
1.520000000000000000e+04
9.499600000000000000e+04
5.622900000000000000e+04
2.385300000000000000e+04
1.277550000000000000e+05
8.571000000000000000e+03
1.451540000000000000e+05
1.468570000000000000e+05
1.078810000000000000e+05
8.349200000000000000e+04
9.619700000000000000e+04
7.358200000000000000e+04
1.150400000000000000e+05
1.005850000000000000e+05
1.689020000000000000e+05
1.524440000000000000e+05
5.094800000000000000e+04
2.662800000000000000e+04
7.535100000000000000e+04
1.333960000000000000e+05
5.447200000000000000e+04
7.432000000000000000e+03
1.396750000000000000e+05
1.691930000000000000e+05
1.237210000000000000e+05
7.700200000000000000e+04
2.344400000000000000e+04
1.269600000000000000e+04
8.368100000000000000e+04
1.578000000000000000e+05
1.579550000000000000e+05
1.655600000000000000e+04
1.030470000000000000e+05
5.175200000000000000e+04
1.787700000000000000e+04
1.422780000000000000e+05
1.307840000000000000e+05
1.111690000000000000e+05
2.161400000000000000e+04
1.031700000000000000e+04
9.967600000000000000e+04
8.180800000000000000e+04
7.192700000000000000e+04
2.142000000000000000e+04
7.919100000000000000e+04
2.389900000000000000e+04
9.668400000000000000e+04
1.614360000000000000e+05
6.571000000000000000e+03
1.148620000000000000e+05
4.083900000000000000e+04
3.759900000000000000e+04
5.943700000000000000e+04
1.478190000000000000e+05
4.278400000000000000e+04
3.990200000000000000e+04
6.789300000000000000e+04
1.229320000000000000e+05
7.106600000000000000e+04
1.669800000000000000e+05
9.406000000000000000e+03
1.243740000000000000e+05
7.966100000000000000e+04
6.748400000000000000e+04
2.599300000000000000e+04
1.270430000000000000e+05
2.228000000000000000e+03
9.990300000000000000e+04
1.173910000000000000e+05
5.758000000000000000e+04
6.171200000000000000e+04
7.205800000000000000e+04
9.320900000000000000e+04
1.096460000000000000e+05
1.382100000000000000e+05
3.051300000000000000e+04
1.376760000000000000e+05
1.196410000000000000e+05
1.012200000000000000e+05
2.916000000000000000e+03
1.337050000000000000e+05
1.390930000000000000e+05
5.031900000000000000e+04
3.447400000000000000e+04
7.361400000000000000e+04
8.092500000000000000e+04
8.201200000000000000e+04
1.061080000000000000e+05
8.224600000000000000e+04
1.334480000000000000e+05
4.663500000000000000e+04
1.098060000000000000e+05
8.162300000000000000e+04
1.507110000000000000e+05
4.424000000000000000e+03
1.439260000000000000e+05
6.504200000000000000e+04
9.836100000000000000e+04
7.990000000000000000e+03
1.569600000000000000e+04
1.400620000000000000e+05
1.684890000000000000e+05
1.122170000000000000e+05
1.419220000000000000e+05
5.067500000000000000e+04
1.076780000000000000e+05
1.656940000000000000e+05
9.820000000000000000e+02
6.509800000000000000e+04
1.643210000000000000e+05
3.552800000000000000e+04
1.032400000000000000e+05
9.611600000000000000e+04
7.361500000000000000e+04
1.867000000000000000e+03
7.033500000000000000e+04
1.368220000000000000e+05
2.550000000000000000e+04
9.947800000000000000e+04
9.011200000000000000e+04
1.070400000000000000e+04
6.057000000000000000e+03
8.406400000000000000e+04
7.487600000000000000e+04
4.091100000000000000e+04
1.865800000000000000e+04
1.131620000000000000e+05
7.819600000000000000e+04
2.127400000000000000e+04
4.450300000000000000e+04
2.915900000000000000e+04
7.579300000000000000e+04
1.194350000000000000e+05
5.982400000000000000e+04
1.420900000000000000e+04
2.563900000000000000e+04
1.509140000000000000e+05
1.218080000000000000e+05
8.836600000000000000e+04
3.528800000000000000e+04
3.838800000000000000e+04
1.240810000000000000e+05
1.130070000000000000e+05
1.185000000000000000e+04
1.616640000000000000e+05
9.781400000000000000e+04
1.044000000000000000e+04
7.254400000000000000e+04
1.308340000000000000e+05
8.289200000000000000e+04
2.548700000000000000e+04
1.235500000000000000e+04
9.385300000000000000e+04
9.834000000000000000e+04
1.408680000000000000e+05
7.683300000000000000e+04
3.921700000000000000e+04
4.622400000000000000e+04
3.812700000000000000e+04
2.182800000000000000e+04
4.553000000000000000e+04
1.394400000000000000e+05
1.317220000000000000e+05
1.513300000000000000e+05
3.143700000000000000e+04
1.687650000000000000e+05
1.137990000000000000e+05
7.302600000000000000e+04
1.457880000000000000e+05
1.686390000000000000e+05
7.693700000000000000e+04
7.090000000000000000e+02
3.546400000000000000e+04
6.300000000000000000e+01
1.200450000000000000e+05
2.686700000000000000e+04
1.323480000000000000e+05
1.592310000000000000e+05
1.493730000000000000e+05
8.056400000000000000e+04
1.554500000000000000e+05
2.171700000000000000e+04
9.517800000000000000e+04
1.691230000000000000e+05
5.742000000000000000e+04
5.877600000000000000e+04
1.579270000000000000e+05
1.332000000000000000e+04
1.100540000000000000e+05
2.457800000000000000e+04
1.508530000000000000e+05
3.446500000000000000e+04
1.985800000000000000e+04
6.548600000000000000e+04
1.637300000000000000e+04
1.600210000000000000e+05
1.000250000000000000e+05
1.420510000000000000e+05
7.968000000000000000e+04
9.659400000000000000e+04
4.876900000000000000e+04
1.516900000000000000e+05
6.110600000000000000e+04
1.459110000000000000e+05
6.831300000000000000e+04
1.685420000000000000e+05
1.338790000000000000e+05
9.728500000000000000e+04
1.381140000000000000e+05
2.274000000000000000e+04
1.217390000000000000e+05
8.969700000000000000e+04
1.605060000000000000e+05
7.820500000000000000e+04
6.751000000000000000e+03
3.335600000000000000e+04
6.287500000000000000e+04
3.098100000000000000e+04
1.213500000000000000e+05
7.866000000000000000e+03
1.354080000000000000e+05
1.976300000000000000e+04
1.462000000000000000e+04
1.360850000000000000e+05
9.942600000000000000e+04
2.953800000000000000e+04
2.654300000000000000e+04
6.261800000000000000e+04
1.381420000000000000e+05
1.201610000000000000e+05
1.473150000000000000e+05
1.561590000000000000e+05
1.452100000000000000e+05
1.612510000000000000e+05
8.826000000000000000e+03
7.304400000000000000e+04
7.713000000000000000e+04
1.483850000000000000e+05
5.238800000000000000e+04
2.629400000000000000e+04
1.154900000000000000e+04
1.612610000000000000e+05
1.358410000000000000e+05
1.006320000000000000e+05
4.761200000000000000e+04
1.539840000000000000e+05
4.017200000000000000e+04
6.917600000000000000e+04
6.618700000000000000e+04
9.008300000000000000e+04
1.012230000000000000e+05
1.094040000000000000e+05
3.920900000000000000e+04
1.641480000000000000e+05
1.552790000000000000e+05
9.536400000000000000e+04
8.163500000000000000e+04
9.512400000000000000e+04
1.435080000000000000e+05
3.485000000000000000e+04
9.029400000000000000e+04
6.999000000000000000e+04
9.085400000000000000e+04
8.310000000000000000e+02
9.666500000000000000e+04
1.291770000000000000e+05
1.364820000000000000e+05
1.302340000000000000e+05
1.510380000000000000e+05
1.492390000000000000e+05
4.061500000000000000e+04
8.336600000000000000e+04
1.235040000000000000e+05
7.914800000000000000e+04
1.421370000000000000e+05
7.934200000000000000e+04
5.238000000000000000e+03
1.130610000000000000e+05
5.425100000000000000e+04
1.415520000000000000e+05
4.499700000000000000e+04
2.077000000000000000e+03
1.092410000000000000e+05
5.744600000000000000e+04
1.019440000000000000e+05
6.366700000000000000e+04
9.075200000000000000e+04
5.010800000000000000e+04
1.353770000000000000e+05
3.166600000000000000e+04
5.867700000000000000e+04
3.386000000000000000e+03
8.877900000000000000e+04
4.615800000000000000e+04
1.758000000000000000e+03
9.053900000000000000e+04
6.128800000000000000e+04
1.243850000000000000e+05
9.496600000000000000e+04
9.899800000000000000e+04
3.518800000000000000e+04
9.323000000000000000e+03
5.797300000000000000e+04
1.102520000000000000e+05
6.925900000000000000e+04
3.991000000000000000e+04
9.360000000000000000e+02
7.237900000000000000e+04
1.182670000000000000e+05
1.388600000000000000e+05
4.274400000000000000e+04
1.384570000000000000e+05
9.105400000000000000e+04
1.520030000000000000e+05
1.372900000000000000e+04
1.191000000000000000e+05
2.973800000000000000e+04
2.678600000000000000e+04
4.862800000000000000e+04
1.931500000000000000e+04
6.995500000000000000e+04
9.227400000000000000e+04
6.553000000000000000e+04
3.047800000000000000e+04
6.000800000000000000e+04
9.289800000000000000e+04
7.144500000000000000e+04
3.474200000000000000e+04
1.259600000000000000e+05
4.814300000000000000e+04
8.397000000000000000e+03
6.772800000000000000e+04
3.689000000000000000e+04
1.475890000000000000e+05
6.686000000000000000e+03
1.339530000000000000e+05
2.664000000000000000e+03
1.648240000000000000e+05
5.630500000000000000e+04
4.852500000000000000e+04
2.401000000000000000e+03
1.336750000000000000e+05
4.412300000000000000e+04
1.693030000000000000e+05
1.434470000000000000e+05
5.255900000000000000e+04
3.605700000000000000e+04
1.046850000000000000e+05
7.043300000000000000e+04
8.377600000000000000e+04
1.461200000000000000e+05
1.346770000000000000e+05
2.359500000000000000e+04
7.452200000000000000e+04
6.622500000000000000e+04
3.384600000000000000e+04
1.553480000000000000e+05
1.587770000000000000e+05
9.714000000000000000e+04
8.985000000000000000e+03
1.025260000000000000e+05
6.405300000000000000e+04
1.400820000000000000e+05
8.421300000000000000e+04
1.191700000000000000e+04
8.694100000000000000e+04
6.955200000000000000e+04
6.560100000000000000e+04
1.386880000000000000e+05
1.573240000000000000e+05
1.549450000000000000e+05
2.197200000000000000e+04
9.156800000000000000e+04
9.420900000000000000e+04
1.980200000000000000e+04
2.871000000000000000e+04
7.652900000000000000e+04
3.810900000000000000e+04
2.672000000000000000e+04
7.405100000000000000e+04
5.879600000000000000e+04
1.021500000000000000e+04
1.330360000000000000e+05
7.820900000000000000e+04
1.372270000000000000e+05
4.742100000000000000e+04
1.358230000000000000e+05
8.602100000000000000e+04
5.851600000000000000e+04
1.124560000000000000e+05
1.407990000000000000e+05
2.142400000000000000e+04
9.705000000000000000e+04
4.255800000000000000e+04
1.303500000000000000e+04
1.026200000000000000e+05
1.445900000000000000e+04
7.300600000000000000e+04
1.613290000000000000e+05
1.433210000000000000e+05
1.157920000000000000e+05
1.617290000000000000e+05
1.044670000000000000e+05
2.358500000000000000e+04
4.275700000000000000e+04
1.127490000000000000e+05
1.688550000000000000e+05
4.689800000000000000e+04
1.222900000000000000e+05
1.397710000000000000e+05
9.258800000000000000e+04
9.683600000000000000e+04
1.519920000000000000e+05
6.421800000000000000e+04
1.111580000000000000e+05
1.492100000000000000e+04
8.003100000000000000e+04
9.691800000000000000e+04
1.313100000000000000e+04
9.796300000000000000e+04
2.013100000000000000e+04
3.292600000000000000e+04
1.627730000000000000e+05
3.309100000000000000e+04
1.161100000000000000e+04
4.165500000000000000e+04
1.322430000000000000e+05
4.458800000000000000e+04
1.410080000000000000e+05
1.800600000000000000e+04
7.987400000000000000e+04
3.340600000000000000e+04
1.450910000000000000e+05
6.863300000000000000e+04
1.203370000000000000e+05
7.925000000000000000e+04
3.215800000000000000e+04
3.547600000000000000e+04
7.520700000000000000e+04
3.602000000000000000e+03
2.132200000000000000e+04
6.044100000000000000e+04
7.229000000000000000e+03
1.399650000000000000e+05
5.540800000000000000e+04
2.443800000000000000e+04
1.225440000000000000e+05
9.309000000000000000e+03
1.679850000000000000e+05
1.196700000000000000e+04
5.436800000000000000e+04
1.257860000000000000e+05
8.824300000000000000e+04
4.632900000000000000e+04
1.625740000000000000e+05
8.210800000000000000e+04
4.143500000000000000e+04
4.013400000000000000e+04
6.786300000000000000e+04
6.880400000000000000e+04
1.352270000000000000e+05
2.553900000000000000e+04
8.607700000000000000e+04
1.244150000000000000e+05
7.409400000000000000e+04
5.783700000000000000e+04
1.078740000000000000e+05
1.044600000000000000e+05
7.544000000000000000e+03
6.441100000000000000e+04
1.410130000000000000e+05
7.348700000000000000e+04
8.620400000000000000e+04
9.695200000000000000e+04
9.174000000000000000e+03
1.003130000000000000e+05
6.572000000000000000e+04
9.325100000000000000e+04
1.364170000000000000e+05
1.497990000000000000e+05
3.825000000000000000e+03
1.161480000000000000e+05
8.792300000000000000e+04
1.232600000000000000e+04
1.208990000000000000e+05
4.714000000000000000e+03
1.587800000000000000e+04
1.576770000000000000e+05
5.476500000000000000e+04
8.710300000000000000e+04
1.076220000000000000e+05
6.499800000000000000e+04
1.237580000000000000e+05
3.159000000000000000e+04
3.848100000000000000e+04
5.041000000000000000e+03
9.168800000000000000e+04
5.229600000000000000e+04
1.280870000000000000e+05
1.323500000000000000e+05
1.286100000000000000e+05
1.272820000000000000e+05
3.836100000000000000e+04
1.202530000000000000e+05
4.008000000000000000e+03
4.894300000000000000e+04
1.009510000000000000e+05
4.712000000000000000e+04
1.021480000000000000e+05
1.227560000000000000e+05
1.509650000000000000e+05
1.406460000000000000e+05
1.218570000000000000e+05
6.355600000000000000e+04
6.937000000000000000e+04
1.367330000000000000e+05
4.405600000000000000e+04
1.443050000000000000e+05
1.382840000000000000e+05
9.869000000000000000e+03
5.335200000000000000e+04
5.199100000000000000e+04
1.577790000000000000e+05
1.671940000000000000e+05
1.331920000000000000e+05
6.107200000000000000e+04
6.753600000000000000e+04
8.250500000000000000e+04
8.180000000000000000e+03
1.347000000000000000e+03
5.817700000000000000e+04
6.527000000000000000e+04
4.926400000000000000e+04
6.991000000000000000e+04
7.321200000000000000e+04
9.465000000000000000e+04
8.259400000000000000e+04
1.530550000000000000e+05
1.661250000000000000e+05
1.283750000000000000e+05
1.436540000000000000e+05
1.169890000000000000e+05
8.652300000000000000e+04
1.074500000000000000e+05
3.278400000000000000e+04
1.105150000000000000e+05
7.124400000000000000e+04
1.039500000000000000e+05
1.351500000000000000e+04
1.287520000000000000e+05
1.320900000000000000e+04
1.502560000000000000e+05
1.334100000000000000e+05
1.666020000000000000e+05
7.707400000000000000e+04
2.910700000000000000e+04
1.398510000000000000e+05
1.663230000000000000e+05
5.986700000000000000e+04
1.288160000000000000e+05
1.216320000000000000e+05
3.784300000000000000e+04
1.279440000000000000e+05
8.167100000000000000e+04
5.269800000000000000e+04
1.552950000000000000e+05
1.063970000000000000e+05
9.359000000000000000e+04
9.745100000000000000e+04
1.217130000000000000e+05
5.606600000000000000e+04
7.759800000000000000e+04
2.544500000000000000e+04
9.428200000000000000e+04
9.650000000000000000e+02
8.898700000000000000e+04
1.540830000000000000e+05
1.681740000000000000e+05
1.212990000000000000e+05
3.442000000000000000e+03
6.327100000000000000e+04
1.444200000000000000e+04
1.401280000000000000e+05
1.134010000000000000e+05
3.849700000000000000e+04
1.619130000000000000e+05
4.653400000000000000e+04
8.162400000000000000e+04
1.165300000000000000e+04
7.785600000000000000e+04
3.469200000000000000e+04
1.204940000000000000e+05
1.575090000000000000e+05
2.592600000000000000e+04
1.525660000000000000e+05
1.272400000000000000e+05
2.022000000000000000e+03
1.117610000000000000e+05
1.672830000000000000e+05
8.913800000000000000e+04
1.434210000000000000e+05
1.562000000000000000e+03
9.181100000000000000e+04
5.515000000000000000e+04
8.222500000000000000e+04
3.381600000000000000e+04
3.555200000000000000e+04
5.200300000000000000e+04
1.080000000000000000e+04
4.720300000000000000e+04
8.210500000000000000e+04
3.268900000000000000e+04
1.350580000000000000e+05
1.315790000000000000e+05
1.439510000000000000e+05
6.707300000000000000e+04
1.408870000000000000e+05
1.549280000000000000e+05
1.373990000000000000e+05
1.370730000000000000e+05
1.123990000000000000e+05
9.298800000000000000e+04
1.383030000000000000e+05
1.269900000000000000e+04
1.017790000000000000e+05
8.568000000000000000e+04
4.195300000000000000e+04
1.673590000000000000e+05
1.688880000000000000e+05
1.490380000000000000e+05
3.941900000000000000e+04
1.355400000000000000e+04
1.454330000000000000e+05
1.115280000000000000e+05
5.520400000000000000e+04
1.588940000000000000e+05
1.587900000000000000e+04
1.511650000000000000e+05
3.032200000000000000e+04
8.679500000000000000e+04
6.660200000000000000e+04
1.760600000000000000e+04
3.935000000000000000e+04
1.218310000000000000e+05
1.084480000000000000e+05
1.557070000000000000e+05
1.436220000000000000e+05
8.742600000000000000e+04
9.203000000000000000e+03
4.390200000000000000e+04
8.496600000000000000e+04
9.450000000000000000e+02
3.554600000000000000e+04
1.168280000000000000e+05
3.040200000000000000e+04
5.870600000000000000e+04
2.958400000000000000e+04
1.092440000000000000e+05
1.361900000000000000e+05
1.493900000000000000e+05
3.434900000000000000e+04
1.210670000000000000e+05
7.510600000000000000e+04
1.399370000000000000e+05
1.499700000000000000e+05
1.091560000000000000e+05
9.122600000000000000e+04
5.355200000000000000e+04
6.700500000000000000e+04
1.442000000000000000e+03
6.030000000000000000e+04
3.181600000000000000e+04
9.645700000000000000e+04
1.039120000000000000e+05
3.175700000000000000e+04
1.184980000000000000e+05
1.667430000000000000e+05
1.630140000000000000e+05
1.270130000000000000e+05
6.719200000000000000e+04
2.255700000000000000e+04
6.302600000000000000e+04
9.814000000000000000e+04
1.115700000000000000e+04
1.561770000000000000e+05
1.045250000000000000e+05
6.600900000000000000e+04
4.263000000000000000e+04
1.656500000000000000e+05
1.300570000000000000e+05
1.434660000000000000e+05
3.734700000000000000e+04
1.681580000000000000e+05
8.336800000000000000e+04
1.494260000000000000e+05
1.182820000000000000e+05
4.316600000000000000e+04
8.321200000000000000e+04
1.338150000000000000e+05
1.021900000000000000e+04
1.653640000000000000e+05
2.054200000000000000e+04
3.540700000000000000e+04
1.543030000000000000e+05
1.689610000000000000e+05
8.114400000000000000e+04
6.448700000000000000e+04
1.323270000000000000e+05
1.341800000000000000e+04
5.685600000000000000e+04
2.027800000000000000e+04
1.468500000000000000e+05
1.554940000000000000e+05
9.783500000000000000e+04
9.956900000000000000e+04
1.580340000000000000e+05
1.139040000000000000e+05
1.233230000000000000e+05
1.545800000000000000e+05
7.879400000000000000e+04
1.626630000000000000e+05
2.048900000000000000e+04
3.267600000000000000e+04
7.042000000000000000e+04
5.126200000000000000e+04
1.045000000000000000e+03
3.466100000000000000e+04
1.260050000000000000e+05
2.446700000000000000e+04
1.245420000000000000e+05
1.212800000000000000e+04
5.379200000000000000e+04
1.810500000000000000e+04
1.166510000000000000e+05
8.735600000000000000e+04
1.021130000000000000e+05
1.357310000000000000e+05
6.785300000000000000e+04
1.324510000000000000e+05
3.569500000000000000e+04
5.927200000000000000e+04
1.384220000000000000e+05
1.151730000000000000e+05
1.251400000000000000e+05
1.272080000000000000e+05
8.789400000000000000e+04
7.067400000000000000e+04
1.625190000000000000e+05
1.452560000000000000e+05
1.664230000000000000e+05
5.175700000000000000e+04
1.391540000000000000e+05
1.486530000000000000e+05
1.225700000000000000e+04
1.598240000000000000e+05
1.226510000000000000e+05
5.377400000000000000e+04
8.639100000000000000e+04
1.477430000000000000e+05
8.863600000000000000e+04
8.081500000000000000e+04
6.953000000000000000e+04
4.269100000000000000e+04
1.199650000000000000e+05
1.693160000000000000e+05
1.308000000000000000e+03
1.014630000000000000e+05
4.721500000000000000e+04
5.260600000000000000e+04
1.012800000000000000e+04
1.286350000000000000e+05
1.056490000000000000e+05
9.422400000000000000e+04
9.868100000000000000e+04
2.888600000000000000e+04
1.581700000000000000e+04
6.702700000000000000e+04
1.920100000000000000e+04
1.319900000000000000e+04
4.004300000000000000e+04
6.195200000000000000e+04
1.370320000000000000e+05
3.977100000000000000e+04
8.745300000000000000e+04
6.647700000000000000e+04
6.378900000000000000e+04
1.684360000000000000e+05
5.971200000000000000e+04
1.390470000000000000e+05
6.515500000000000000e+04
6.842400000000000000e+04
6.856000000000000000e+04
2.946400000000000000e+04
9.389900000000000000e+04
2.883900000000000000e+04
5.540000000000000000e+04
1.403230000000000000e+05
3.193500000000000000e+04
1.408010000000000000e+05
6.908300000000000000e+04
1.676900000000000000e+04
1.151300000000000000e+05
1.466700000000000000e+05
6.623800000000000000e+04
1.143200000000000000e+04
4.481800000000000000e+04
2.290600000000000000e+04
8.537500000000000000e+04
6.217500000000000000e+04
1.327040000000000000e+05
7.765900000000000000e+04
9.500000000000000000e+04
1.318100000000000000e+04
6.100200000000000000e+04
1.256500000000000000e+05
1.006260000000000000e+05
1.531220000000000000e+05
2.248700000000000000e+04
6.793900000000000000e+04
9.006000000000000000e+03
2.471900000000000000e+04
1.058420000000000000e+05
1.563180000000000000e+05
8.021200000000000000e+04
3.775500000000000000e+04
6.716400000000000000e+04
1.929600000000000000e+04
4.732200000000000000e+04
1.072470000000000000e+05
1.610900000000000000e+04
1.237150000000000000e+05
4.387700000000000000e+04
7.901500000000000000e+04
2.335200000000000000e+04
6.061000000000000000e+03
5.226100000000000000e+04
1.079500000000000000e+05
4.344000000000000000e+04
9.124900000000000000e+04
5.799000000000000000e+04
2.519000000000000000e+04
4.302400000000000000e+04
4.540200000000000000e+04
8.637500000000000000e+04
9.622200000000000000e+04
1.618010000000000000e+05
7.622200000000000000e+04
6.016900000000000000e+04
6.735000000000000000e+03
1.612070000000000000e+05
1.480880000000000000e+05
1.103700000000000000e+05
4.112900000000000000e+04
7.702800000000000000e+04
3.416300000000000000e+04
2.481800000000000000e+04
7.961300000000000000e+04
4.216700000000000000e+04
1.460480000000000000e+05
1.628250000000000000e+05
1.071220000000000000e+05
8.474500000000000000e+04
4.514200000000000000e+04
1.412280000000000000e+05
7.767000000000000000e+03
1.503680000000000000e+05
1.392530000000000000e+05
6.551700000000000000e+04
7.109100000000000000e+04
6.495900000000000000e+04
8.521000000000000000e+03
1.168330000000000000e+05
1.145080000000000000e+05
1.044780000000000000e+05
6.364800000000000000e+04
1.061250000000000000e+05
6.789400000000000000e+04
1.125690000000000000e+05
4.915200000000000000e+04
1.674790000000000000e+05
6.289800000000000000e+04
4.659700000000000000e+04
9.343600000000000000e+04
8.822100000000000000e+04
1.179890000000000000e+05
8.613600000000000000e+04
7.944000000000000000e+04
8.300600000000000000e+04
5.185300000000000000e+04
1.365170000000000000e+05
1.389660000000000000e+05
1.005710000000000000e+05
1.391600000000000000e+05
1.591380000000000000e+05
2.309800000000000000e+04
1.727600000000000000e+04
1.862200000000000000e+04
8.323500000000000000e+04
1.240910000000000000e+05
1.170810000000000000e+05
1.044140000000000000e+05
5.519000000000000000e+03
7.661000000000000000e+03
1.078110000000000000e+05
5.721900000000000000e+04
7.230100000000000000e+04
7.342000000000000000e+03
9.302900000000000000e+04
8.806100000000000000e+04
1.050570000000000000e+05
9.122300000000000000e+04
8.983900000000000000e+04
1.033290000000000000e+05
1.059150000000000000e+05
1.980000000000000000e+04
1.048640000000000000e+05
1.359120000000000000e+05
8.473300000000000000e+04
1.158770000000000000e+05
1.166410000000000000e+05
1.204660000000000000e+05
1.588600000000000000e+05
1.665600000000000000e+05
1.092290000000000000e+05
1.218870000000000000e+05
8.028700000000000000e+04
7.389100000000000000e+04
7.020500000000000000e+04
8.600300000000000000e+04
1.367980000000000000e+05
7.339600000000000000e+04
1.354430000000000000e+05
1.022820000000000000e+05
1.196660000000000000e+05
3.782900000000000000e+04
1.097500000000000000e+04
8.458700000000000000e+04
1.059200000000000000e+05
1.098010000000000000e+05
1.518510000000000000e+05
1.090000000000000000e+02
1.645320000000000000e+05
8.501500000000000000e+04
1.566950000000000000e+05
2.824200000000000000e+04
4.191000000000000000e+04
4.570000000000000000e+02
1.041230000000000000e+05
3.250700000000000000e+04
1.265770000000000000e+05
1.141300000000000000e+05
5.806100000000000000e+04
1.294310000000000000e+05
5.297900000000000000e+04
1.616330000000000000e+05
9.268300000000000000e+04
1.542200000000000000e+05
8.512100000000000000e+04
4.379700000000000000e+04
2.083800000000000000e+04
1.274970000000000000e+05
4.179000000000000000e+03
8.212800000000000000e+04
1.204280000000000000e+05
1.227750000000000000e+05
1.200200000000000000e+04
6.588800000000000000e+04
9.441100000000000000e+04
1.057930000000000000e+05
1.484390000000000000e+05
8.355800000000000000e+04
1.047640000000000000e+05
1.456540000000000000e+05
1.437770000000000000e+05
1.327000000000000000e+04
1.396680000000000000e+05
2.321200000000000000e+04
1.250260000000000000e+05
1.385870000000000000e+05
2.424000000000000000e+04
5.442000000000000000e+03
7.754600000000000000e+04
1.041400000000000000e+05
1.194300000000000000e+04
1.592280000000000000e+05
4.769000000000000000e+03
3.404100000000000000e+04
1.417500000000000000e+04
1.484360000000000000e+05
1.128560000000000000e+05
1.423030000000000000e+05
7.293000000000000000e+03
1.532800000000000000e+04
4.220300000000000000e+04
8.724300000000000000e+04
1.307600000000000000e+04
2.279700000000000000e+04
1.642750000000000000e+05
8.412900000000000000e+04
9.674200000000000000e+04
1.670050000000000000e+05
1.457470000000000000e+05
1.562400000000000000e+04
5.320200000000000000e+04
8.643000000000000000e+03
4.852400000000000000e+04
1.069070000000000000e+05
9.167700000000000000e+04
9.863000000000000000e+03
6.340500000000000000e+04
3.773100000000000000e+04
1.218070000000000000e+05
5.235400000000000000e+04
5.205000000000000000e+03
9.703300000000000000e+04
7.235500000000000000e+04
4.672300000000000000e+04
7.122000000000000000e+04
1.586600000000000000e+04
1.070290000000000000e+05
8.757000000000000000e+04
4.537700000000000000e+04
1.377060000000000000e+05
1.166290000000000000e+05
1.677830000000000000e+05
1.652390000000000000e+05
8.120200000000000000e+04
1.309900000000000000e+04
1.016590000000000000e+05
1.181160000000000000e+05
1.591950000000000000e+05
9.114700000000000000e+04
1.012490000000000000e+05
6.900000000000000000e+01
1.160860000000000000e+05
3.615000000000000000e+03
4.543000000000000000e+03
6.216100000000000000e+04
3.834000000000000000e+04
9.017100000000000000e+04
1.192200000000000000e+05
3.737900000000000000e+04
7.444300000000000000e+04
3.147900000000000000e+04
1.356960000000000000e+05
8.372000000000000000e+03
4.725100000000000000e+04
1.187000000000000000e+04
8.502000000000000000e+03
2.060200000000000000e+04
2.448200000000000000e+04
8.226000000000000000e+04
1.145790000000000000e+05
9.013100000000000000e+04
9.829600000000000000e+04
4.824800000000000000e+04
1.004000000000000000e+04
2.321800000000000000e+04
1.114600000000000000e+05
4.044900000000000000e+04
9.684400000000000000e+04
7.473400000000000000e+04
1.000610000000000000e+05
3.532600000000000000e+04
1.226740000000000000e+05
9.813600000000000000e+04
1.540030000000000000e+05
1.229170000000000000e+05
2.742000000000000000e+04
9.837000000000000000e+04
4.750100000000000000e+04
1.506090000000000000e+05
7.135200000000000000e+04
1.471990000000000000e+05
1.571940000000000000e+05
1.127420000000000000e+05
1.150990000000000000e+05
1.019110000000000000e+05
1.723400000000000000e+04
3.377900000000000000e+04
4.262600000000000000e+04
7.015800000000000000e+04
2.293100000000000000e+04
1.573120000000000000e+05
5.801000000000000000e+03
1.840800000000000000e+04
8.207600000000000000e+04
4.755700000000000000e+04
1.205960000000000000e+05
1.438870000000000000e+05
8.863400000000000000e+04
8.966000000000000000e+03
1.616150000000000000e+05
1.484460000000000000e+05
1.618800000000000000e+05
1.046020000000000000e+05
1.626620000000000000e+05
1.520890000000000000e+05
1.781700000000000000e+04
3.119900000000000000e+04
7.538400000000000000e+04
2.658600000000000000e+04
4.385300000000000000e+04
6.560800000000000000e+04
1.318600000000000000e+05
1.509440000000000000e+05
9.825000000000000000e+03
5.360900000000000000e+04
6.295000000000000000e+04
6.021500000000000000e+04
1.100290000000000000e+05
8.723100000000000000e+04
1.603400000000000000e+04
1.631570000000000000e+05
9.384500000000000000e+04
1.430660000000000000e+05
4.996400000000000000e+04
7.695600000000000000e+04
5.033400000000000000e+04
2.218400000000000000e+04
1.277450000000000000e+05
2.797000000000000000e+04
1.589540000000000000e+05
4.957000000000000000e+04
1.206920000000000000e+05
1.313640000000000000e+05
1.664300000000000000e+04
1.323830000000000000e+05
1.058980000000000000e+05
1.382780000000000000e+05
1.367050000000000000e+05
3.821900000000000000e+04
9.095600000000000000e+04
6.104200000000000000e+04
1.490610000000000000e+05
6.721500000000000000e+04
1.654900000000000000e+05
2.538200000000000000e+04
5.480200000000000000e+04
5.068700000000000000e+04
5.611900000000000000e+04
4.841000000000000000e+04
1.582470000000000000e+05
1.337190000000000000e+05
8.537200000000000000e+04
8.851900000000000000e+04
6.129500000000000000e+04
6.392000000000000000e+03
9.277000000000000000e+03
5.326400000000000000e+04
3.630800000000000000e+04
4.330200000000000000e+04
2.847600000000000000e+04
6.500600000000000000e+04
1.595000000000000000e+03
4.039500000000000000e+04
4.757200000000000000e+04
7.802000000000000000e+03
1.253650000000000000e+05
1.000000000000000000e+04
7.409300000000000000e+04
1.611770000000000000e+05
9.808000000000000000e+04
1.166950000000000000e+05
2.804700000000000000e+04
6.404400000000000000e+04
5.569800000000000000e+04
3.981700000000000000e+04
8.262100000000000000e+04
1.158910000000000000e+05
1.424500000000000000e+04
6.355000000000000000e+03
2.859200000000000000e+04
2.668000000000000000e+04
6.570600000000000000e+04
6.958400000000000000e+04
5.111900000000000000e+04
1.043860000000000000e+05
8.084600000000000000e+04
2.202000000000000000e+03
1.555370000000000000e+05
4.205300000000000000e+04
1.261550000000000000e+05
8.389500000000000000e+04
4.106600000000000000e+04
3.052000000000000000e+04
4.388200000000000000e+04
2.518200000000000000e+04
1.442260000000000000e+05
1.005960000000000000e+05
2.261600000000000000e+04
8.839000000000000000e+04
3.752600000000000000e+04
2.824700000000000000e+04
6.342600000000000000e+04
2.969200000000000000e+04
1.656590000000000000e+05
5.007400000000000000e+04
1.180630000000000000e+05
4.856900000000000000e+04
1.477040000000000000e+05
2.144800000000000000e+04
7.491300000000000000e+04
3.623300000000000000e+04
5.407100000000000000e+04
6.060300000000000000e+04
9.866000000000000000e+03
9.326200000000000000e+04
1.271270000000000000e+05
3.849500000000000000e+04
1.349010000000000000e+05
2.874900000000000000e+04
1.371360000000000000e+05
9.856000000000000000e+03
5.261300000000000000e+04
9.744000000000000000e+04
7.686900000000000000e+04
1.623230000000000000e+05
1.521910000000000000e+05
1.320030000000000000e+05
1.180040000000000000e+05
9.531100000000000000e+04
9.891400000000000000e+04
4.595700000000000000e+04
7.832900000000000000e+04
1.238490000000000000e+05
1.225950000000000000e+05
1.573980000000000000e+05
1.339040000000000000e+05
4.664600000000000000e+04
1.543320000000000000e+05
1.339760000000000000e+05
1.965300000000000000e+04
2.834500000000000000e+04
5.441100000000000000e+04
1.294620000000000000e+05
4.652100000000000000e+04
4.807000000000000000e+04
1.058990000000000000e+05
1.158380000000000000e+05
1.234900000000000000e+04
5.774700000000000000e+04
2.785300000000000000e+04
1.319400000000000000e+04
1.674380000000000000e+05
3.900800000000000000e+04
1.362430000000000000e+05
1.502110000000000000e+05
1.476700000000000000e+04
9.021200000000000000e+04
1.143250000000000000e+05
2.535700000000000000e+04
1.622470000000000000e+05
9.116800000000000000e+04
1.266000000000000000e+03
1.641790000000000000e+05
8.284900000000000000e+04
3.598600000000000000e+04
3.951800000000000000e+04
3.388000000000000000e+04
3.212000000000000000e+03
1.721400000000000000e+04
1.257510000000000000e+05
1.164850000000000000e+05
1.674210000000000000e+05
1.335410000000000000e+05
2.039000000000000000e+04
1.075770000000000000e+05
1.651200000000000000e+05
7.332400000000000000e+04
4.704800000000000000e+04
6.203000000000000000e+04
9.522800000000000000e+04
1.140710000000000000e+05
1.123520000000000000e+05
1.681350000000000000e+05
1.266770000000000000e+05
1.332450000000000000e+05
1.609010000000000000e+05
1.099320000000000000e+05
9.789500000000000000e+04
1.679100000000000000e+05
1.560740000000000000e+05
2.395500000000000000e+04
7.781000000000000000e+04
8.997800000000000000e+04
1.140230000000000000e+05
1.116090000000000000e+05
4.254500000000000000e+04
8.018700000000000000e+04
2.155800000000000000e+04
1.668210000000000000e+05
1.690700000000000000e+04
1.291230000000000000e+05
1.031100000000000000e+05
2.806300000000000000e+04
9.824800000000000000e+04
9.960500000000000000e+04
2.386000000000000000e+04
5.495300000000000000e+04
1.207740000000000000e+05
3.890800000000000000e+04
8.100500000000000000e+04
1.322800000000000000e+05
1.544410000000000000e+05
1.998000000000000000e+04
1.205780000000000000e+05
9.284100000000000000e+04
8.037800000000000000e+04
1.507370000000000000e+05
7.757100000000000000e+04
1.520020000000000000e+05
1.278750000000000000e+05
1.326840000000000000e+05
9.825700000000000000e+04
4.979600000000000000e+04
9.777000000000000000e+03
1.654020000000000000e+05
1.217040000000000000e+05
1.153930000000000000e+05
1.652910000000000000e+05
7.654900000000000000e+04
1.659190000000000000e+05
1.494970000000000000e+05
1.283370000000000000e+05
1.373660000000000000e+05
8.601200000000000000e+04
9.018000000000000000e+03
1.491640000000000000e+05
1.485930000000000000e+05
1.207320000000000000e+05
1.628000000000000000e+04
1.199730000000000000e+05
8.282800000000000000e+04
1.309750000000000000e+05
8.283900000000000000e+04
1.519600000000000000e+05
7.591500000000000000e+04
1.610100000000000000e+05
1.359540000000000000e+05
5.031300000000000000e+04
2.764800000000000000e+04
2.739600000000000000e+04
8.963900000000000000e+04
2.597300000000000000e+04
1.002800000000000000e+05
1.067450000000000000e+05
1.438120000000000000e+05
6.838300000000000000e+04
2.736700000000000000e+04
2.240900000000000000e+04
1.186430000000000000e+05
1.305910000000000000e+05
1.074990000000000000e+05
3.765100000000000000e+04
1.142310000000000000e+05
1.402540000000000000e+05
5.454900000000000000e+04
1.055460000000000000e+05
6.988000000000000000e+03
4.088900000000000000e+04
9.499300000000000000e+04
1.510660000000000000e+05
2.434900000000000000e+04
7.615200000000000000e+04
8.786000000000000000e+04
4.154000000000000000e+04
1.104610000000000000e+05
3.733300000000000000e+04
1.662210000000000000e+05
1.573780000000000000e+05
1.493310000000000000e+05
8.439800000000000000e+04
9.820000000000000000e+04
1.490420000000000000e+05
8.797500000000000000e+04
1.033650000000000000e+05
7.729900000000000000e+04
1.469580000000000000e+05
1.365860000000000000e+05
8.970700000000000000e+04
1.585580000000000000e+05
1.518250000000000000e+05
1.063650000000000000e+05
1.504710000000000000e+05
6.938300000000000000e+04
1.220620000000000000e+05
9.607000000000000000e+03
1.459350000000000000e+05
2.040000000000000000e+03
2.949300000000000000e+04
3.015300000000000000e+04
5.288100000000000000e+04
1.520680000000000000e+05
4.700400000000000000e+04
6.042000000000000000e+04
1.138830000000000000e+05
1.426280000000000000e+05
1.471160000000000000e+05
1.683580000000000000e+05
9.839500000000000000e+04
1.521370000000000000e+05
7.471400000000000000e+04
4.830500000000000000e+04
2.279000000000000000e+03
1.222990000000000000e+05
8.055300000000000000e+04
1.024640000000000000e+05
7.861600000000000000e+04
3.756200000000000000e+04
1.219830000000000000e+05
1.277040000000000000e+05
6.235100000000000000e+04
1.040010000000000000e+05
1.205270000000000000e+05
1.533770000000000000e+05
1.167440000000000000e+05
1.209940000000000000e+05
8.272100000000000000e+04
1.007120000000000000e+05
9.114000000000000000e+03
8.884100000000000000e+04
1.678950000000000000e+05
1.509780000000000000e+05
8.805200000000000000e+04
9.011800000000000000e+04
1.317300000000000000e+04
9.953800000000000000e+04
2.627000000000000000e+04
6.609200000000000000e+04
1.613430000000000000e+05
6.551000000000000000e+04
4.136600000000000000e+04
1.494330000000000000e+05
1.466870000000000000e+05
1.296840000000000000e+05
1.267680000000000000e+05
7.811600000000000000e+04
1.537210000000000000e+05
6.919100000000000000e+04
1.359680000000000000e+05
8.795900000000000000e+04
1.317450000000000000e+05
9.956500000000000000e+04
1.676000000000000000e+03
5.834000000000000000e+03
3.311000000000000000e+03
1.375030000000000000e+05
3.052800000000000000e+04
1.643430000000000000e+05
7.431200000000000000e+04
1.120590000000000000e+05
1.770000000000000000e+02
4.122400000000000000e+04
6.774300000000000000e+04
1.147070000000000000e+05
1.384430000000000000e+05
1.681660000000000000e+05
1.059900000000000000e+05
7.189700000000000000e+04
7.283000000000000000e+03
1.102450000000000000e+05
3.701600000000000000e+04
1.405860000000000000e+05
5.496000000000000000e+04
1.002650000000000000e+05
1.091760000000000000e+05
6.047900000000000000e+04
8.835300000000000000e+04
6.473200000000000000e+04
1.934400000000000000e+04
1.567980000000000000e+05
1.397920000000000000e+05
2.044200000000000000e+04
5.960000000000000000e+02
1.493380000000000000e+05
4.196500000000000000e+04
1.119600000000000000e+04
1.501030000000000000e+05
5.622400000000000000e+04
1.265030000000000000e+05
1.255500000000000000e+04
4.388600000000000000e+04
6.329100000000000000e+04
1.382380000000000000e+05
7.726900000000000000e+04
1.026300000000000000e+05
3.586300000000000000e+04
1.469550000000000000e+05
1.090810000000000000e+05
1.085540000000000000e+05
3.116000000000000000e+03
1.638420000000000000e+05
1.152410000000000000e+05
7.058100000000000000e+04
4.595800000000000000e+04
9.766200000000000000e+04
8.516600000000000000e+04
5.999500000000000000e+04
1.701600000000000000e+04
3.378200000000000000e+04
3.344400000000000000e+04
2.598600000000000000e+04
8.200000000000000000e+02
1.126690000000000000e+05
5.096800000000000000e+04
7.793000000000000000e+03
5.756800000000000000e+04
1.025060000000000000e+05
1.565040000000000000e+05
3.043200000000000000e+04
6.426500000000000000e+04
1.122610000000000000e+05
8.796000000000000000e+04
8.651500000000000000e+04
6.615000000000000000e+03
3.463600000000000000e+04
9.852900000000000000e+04
6.141000000000000000e+04
6.600800000000000000e+04
1.495100000000000000e+05
1.262430000000000000e+05
2.563000000000000000e+03
1.210290000000000000e+05
6.625500000000000000e+04
9.229600000000000000e+04
3.675700000000000000e+04
7.074000000000000000e+04
3.890400000000000000e+04
1.558480000000000000e+05
4.535200000000000000e+04
8.115600000000000000e+04
1.234590000000000000e+05
1.296700000000000000e+05
7.231000000000000000e+03
2.907600000000000000e+04
1.335700000000000000e+04
1.249130000000000000e+05
2.536500000000000000e+04
4.813600000000000000e+04
1.294480000000000000e+05
1.339190000000000000e+05
1.999000000000000000e+04
5.785900000000000000e+04
2.557900000000000000e+04
1.627580000000000000e+05
9.127400000000000000e+04
4.668000000000000000e+04
8.614900000000000000e+04
1.480280000000000000e+05
1.617970000000000000e+05
5.149200000000000000e+04
9.096500000000000000e+04
8.951000000000000000e+04
5.227900000000000000e+04
9.178100000000000000e+04
1.223870000000000000e+05
6.630900000000000000e+04
1.531080000000000000e+05
1.746600000000000000e+04
1.216610000000000000e+05
7.400500000000000000e+04
1.870300000000000000e+04
4.388400000000000000e+04
1.219860000000000000e+05
5.691400000000000000e+04
2.064300000000000000e+04
1.025780000000000000e+05
1.203600000000000000e+05
4.354900000000000000e+04
5.758000000000000000e+03
1.205800000000000000e+05
1.065910000000000000e+05
3.058400000000000000e+04
9.813900000000000000e+04
5.018100000000000000e+04
6.443600000000000000e+04
1.175380000000000000e+05
3.772700000000000000e+04
8.126200000000000000e+04
4.493100000000000000e+04
1.048900000000000000e+04
7.407400000000000000e+04
1.568620000000000000e+05
4.301500000000000000e+04
8.206000000000000000e+03
3.999900000000000000e+04
1.536950000000000000e+05
1.346150000000000000e+05
3.870000000000000000e+04
1.929800000000000000e+04
1.543950000000000000e+05
1.174760000000000000e+05
5.707000000000000000e+03
6.545000000000000000e+04
1.095710000000000000e+05
3.084600000000000000e+04
1.042180000000000000e+05
1.022520000000000000e+05
4.933900000000000000e+04
3.660700000000000000e+04
1.375340000000000000e+05
1.073570000000000000e+05
2.644500000000000000e+04
1.410150000000000000e+05
1.352580000000000000e+05
6.589000000000000000e+04
1.178400000000000000e+05
1.030240000000000000e+05
5.404600000000000000e+04
8.166900000000000000e+04
1.005320000000000000e+05
1.467000000000000000e+03
7.838600000000000000e+04
1.548390000000000000e+05
2.087700000000000000e+04
1.146820000000000000e+05
1.532100000000000000e+05
1.535460000000000000e+05
2.826600000000000000e+04
3.542100000000000000e+04
1.483060000000000000e+05
9.683800000000000000e+04
1.013450000000000000e+05
9.940600000000000000e+04
1.162240000000000000e+05
1.273210000000000000e+05
1.678110000000000000e+05
9.008400000000000000e+04
2.392400000000000000e+04
4.545200000000000000e+04
4.065000000000000000e+04
4.057900000000000000e+04
1.030760000000000000e+05
7.138000000000000000e+04
5.375900000000000000e+04
1.808000000000000000e+04
1.300300000000000000e+04
1.239800000000000000e+05
1.173340000000000000e+05
3.794200000000000000e+04
1.299760000000000000e+05
3.452900000000000000e+04
9.878900000000000000e+04
4.068400000000000000e+04
1.690330000000000000e+05
3.529300000000000000e+04
1.325390000000000000e+05
7.628900000000000000e+04
5.026800000000000000e+04
1.676330000000000000e+05
9.859900000000000000e+04
1.669620000000000000e+05
2.616700000000000000e+04
4.088500000000000000e+04
1.493390000000000000e+05
5.065000000000000000e+04
1.588800000000000000e+05
3.055700000000000000e+04
8.665200000000000000e+04
9.292400000000000000e+04
1.545920000000000000e+05
8.388100000000000000e+04
1.271900000000000000e+04
1.497960000000000000e+05
4.447500000000000000e+04
7.075000000000000000e+03
1.072800000000000000e+05
1.470700000000000000e+05
1.378460000000000000e+05
4.660000000000000000e+02
1.319910000000000000e+05
1.134510000000000000e+05
1.407470000000000000e+05
5.216500000000000000e+04
9.097900000000000000e+04
1.180870000000000000e+05
6.618900000000000000e+04
4.471000000000000000e+04
6.359100000000000000e+04
1.588900000000000000e+04
7.638300000000000000e+04
7.431700000000000000e+04
2.890200000000000000e+04
6.717800000000000000e+04
6.578000000000000000e+04
1.395660000000000000e+05
4.010400000000000000e+04
1.115980000000000000e+05
2.776500000000000000e+04
6.124000000000000000e+03
1.117780000000000000e+05
6.457400000000000000e+04
1.531930000000000000e+05
1.549300000000000000e+04
6.262500000000000000e+04
7.798500000000000000e+04
7.358000000000000000e+04
1.184380000000000000e+05
6.250500000000000000e+04
5.114100000000000000e+04
2.825400000000000000e+04
1.625900000000000000e+04
1.385330000000000000e+05
1.552580000000000000e+05
3.957800000000000000e+04
1.038390000000000000e+05
1.740000000000000000e+02
9.788600000000000000e+04
1.256450000000000000e+05
1.278980000000000000e+05
9.043800000000000000e+04
7.706700000000000000e+04
6.590100000000000000e+04
4.580200000000000000e+04
5.342600000000000000e+04
1.209510000000000000e+05
1.330030000000000000e+05
1.453720000000000000e+05
1.530260000000000000e+05
1.847000000000000000e+03
4.687400000000000000e+04
1.053600000000000000e+05
1.199330000000000000e+05
7.291200000000000000e+04
2.060100000000000000e+04
5.955200000000000000e+04
6.358700000000000000e+04
1.313230000000000000e+05
2.170200000000000000e+04
1.279820000000000000e+05
4.622600000000000000e+04
6.792200000000000000e+04
9.862000000000000000e+03
4.914600000000000000e+04
9.121100000000000000e+04
1.561760000000000000e+05
4.060400000000000000e+04
7.037200000000000000e+04
1.387130000000000000e+05
9.521500000000000000e+04
4.518500000000000000e+04
9.376000000000000000e+03
1.367630000000000000e+05
5.681300000000000000e+04
1.328390000000000000e+05
1.124730000000000000e+05
1.244690000000000000e+05
9.946200000000000000e+04
6.530500000000000000e+04
2.888700000000000000e+04
8.282500000000000000e+04
1.591900000000000000e+05
2.953000000000000000e+04
1.444130000000000000e+05
8.554500000000000000e+04
9.833000000000000000e+04
2.743200000000000000e+04
1.421620000000000000e+05
6.187000000000000000e+04
1.052990000000000000e+05
1.533200000000000000e+05
9.634700000000000000e+04
6.770100000000000000e+04
1.436410000000000000e+05
4.186800000000000000e+04
9.482200000000000000e+04
7.787700000000000000e+04
2.927000000000000000e+03
2.065000000000000000e+04
5.678100000000000000e+04
7.309400000000000000e+04
1.259550000000000000e+05
1.523300000000000000e+04
3.815500000000000000e+04
1.649810000000000000e+05
5.061900000000000000e+04
1.623270000000000000e+05
7.097100000000000000e+04
6.554600000000000000e+04
9.289700000000000000e+04
1.534910000000000000e+05
1.094320000000000000e+05
8.602700000000000000e+04
1.354040000000000000e+05
1.100560000000000000e+05
1.380300000000000000e+05
2.095600000000000000e+04
3.360300000000000000e+04
1.645170000000000000e+05
1.216110000000000000e+05
1.436190000000000000e+05
5.403400000000000000e+04
1.218600000000000000e+05
2.957100000000000000e+04
7.544100000000000000e+04
1.219520000000000000e+05
1.443730000000000000e+05
1.388300000000000000e+04
6.098700000000000000e+04
1.603550000000000000e+05
8.929400000000000000e+04
3.797500000000000000e+04
6.498900000000000000e+04
5.250000000000000000e+02
8.262700000000000000e+04
6.503600000000000000e+04
1.290370000000000000e+05
1.098210000000000000e+05
7.545800000000000000e+04
1.608820000000000000e+05
1.328050000000000000e+05
1.642650000000000000e+05
1.609800000000000000e+05
6.245700000000000000e+04
6.174700000000000000e+04
6.620000000000000000e+03
7.128100000000000000e+04
3.114500000000000000e+04
9.630900000000000000e+04
1.516460000000000000e+05
2.849700000000000000e+04
9.612700000000000000e+04
6.803500000000000000e+04
1.557290000000000000e+05
7.979300000000000000e+04
1.279510000000000000e+05
1.016450000000000000e+05
1.015770000000000000e+05
9.755900000000000000e+04
1.528870000000000000e+05
1.610000000000000000e+03
4.494100000000000000e+04
1.216430000000000000e+05
1.571140000000000000e+05
1.164320000000000000e+05
3.266300000000000000e+04
1.456150000000000000e+05
3.135200000000000000e+04
2.692500000000000000e+04
7.534700000000000000e+04
3.502500000000000000e+04
3.770800000000000000e+04
8.880900000000000000e+04
2.937500000000000000e+04
5.854400000000000000e+04
1.207100000000000000e+05
9.519600000000000000e+04
9.526500000000000000e+04
2.252900000000000000e+04
1.625230000000000000e+05
1.304050000000000000e+05
1.228060000000000000e+05
1.257520000000000000e+05
1.179580000000000000e+05
5.819400000000000000e+04
5.828600000000000000e+04
6.823000000000000000e+04
9.044200000000000000e+04
1.528200000000000000e+05
1.392030000000000000e+05
1.080710000000000000e+05
4.040200000000000000e+04
6.721600000000000000e+04
8.965000000000000000e+03
9.715500000000000000e+04
3.131000000000000000e+04
9.340500000000000000e+04
1.498500000000000000e+04
9.663700000000000000e+04
1.590160000000000000e+05
1.081660000000000000e+05
8.308400000000000000e+04
1.027400000000000000e+04
1.144990000000000000e+05
7.433600000000000000e+04
1.372010000000000000e+05
5.989200000000000000e+04
1.458690000000000000e+05
1.357730000000000000e+05
1.169790000000000000e+05
1.009420000000000000e+05
4.169300000000000000e+04
1.153440000000000000e+05
1.878500000000000000e+04
1.059540000000000000e+05
1.134900000000000000e+05
3.739700000000000000e+04
1.403430000000000000e+05
1.384400000000000000e+04
4.319100000000000000e+04
1.256700000000000000e+05
5.056000000000000000e+04
8.155000000000000000e+04
1.196050000000000000e+05
1.369980000000000000e+05
1.675230000000000000e+05
3.286400000000000000e+04
5.023400000000000000e+04
1.225730000000000000e+05
1.569070000000000000e+05
4.693800000000000000e+04
9.793500000000000000e+04
2.305300000000000000e+04
1.174280000000000000e+05
2.131500000000000000e+04
6.994700000000000000e+04
8.536400000000000000e+04
9.618400000000000000e+04
1.199710000000000000e+05
1.062730000000000000e+05
7.511000000000000000e+03
1.645530000000000000e+05
9.557000000000000000e+03
6.419100000000000000e+04
9.946800000000000000e+04
4.974300000000000000e+04
1.629080000000000000e+05
2.144300000000000000e+04
2.201100000000000000e+04
1.892100000000000000e+04
5.464200000000000000e+04
7.222100000000000000e+04
6.477900000000000000e+04
4.270500000000000000e+04
8.768900000000000000e+04
2.021100000000000000e+04
1.470090000000000000e+05
3.290200000000000000e+04
5.807300000000000000e+04
1.519890000000000000e+05
1.509080000000000000e+05
1.504230000000000000e+05
8.413000000000000000e+04
1.520070000000000000e+05
1.497050000000000000e+05
1.254780000000000000e+05
1.121340000000000000e+05
1.439640000000000000e+05
1.593450000000000000e+05
1.526360000000000000e+05
5.771200000000000000e+04
1.737600000000000000e+04
8.438900000000000000e+04
8.789500000000000000e+04
2.496400000000000000e+04
1.577000000000000000e+04
3.659500000000000000e+04
1.272180000000000000e+05
1.097720000000000000e+05
1.549080000000000000e+05
3.039700000000000000e+04
1.642000000000000000e+03
1.285710000000000000e+05
1.238510000000000000e+05
9.408700000000000000e+04
6.236500000000000000e+04
7.319500000000000000e+04
6.856400000000000000e+04
5.813700000000000000e+04
8.360200000000000000e+04
3.956600000000000000e+04
1.600890000000000000e+05
1.542130000000000000e+05
3.822800000000000000e+04
1.273340000000000000e+05
4.220000000000000000e+03
1.642150000000000000e+05
8.498500000000000000e+04
8.052500000000000000e+04
1.246430000000000000e+05
1.586530000000000000e+05
1.073090000000000000e+05
3.136200000000000000e+04
1.262400000000000000e+04
1.898300000000000000e+04
4.706200000000000000e+04
2.397600000000000000e+04
1.218060000000000000e+05
1.351920000000000000e+05
7.241900000000000000e+04
1.065000000000000000e+04
5.455700000000000000e+04
1.103840000000000000e+05
6.261300000000000000e+04
7.338600000000000000e+04
1.425990000000000000e+05
1.493570000000000000e+05
1.454030000000000000e+05
1.041930000000000000e+05
1.267320000000000000e+05
5.006000000000000000e+04
7.533900000000000000e+04
5.033700000000000000e+04
1.565600000000000000e+04
4.843000000000000000e+04
2.431100000000000000e+04
6.775200000000000000e+04
1.638780000000000000e+05
1.314000000000000000e+05
1.370000000000000000e+03
1.276390000000000000e+05
2.078100000000000000e+04
1.027570000000000000e+05
1.406350000000000000e+05
1.324520000000000000e+05
3.084300000000000000e+04
6.003700000000000000e+04
1.546220000000000000e+05
3.600000000000000000e+01
7.589200000000000000e+04
9.120200000000000000e+04
1.180430000000000000e+05
8.605500000000000000e+04
6.903000000000000000e+04
8.165600000000000000e+04
1.246900000000000000e+05
1.393600000000000000e+04
6.972800000000000000e+04
4.882000000000000000e+03
2.252800000000000000e+04
8.602000000000000000e+04
1.020830000000000000e+05
1.526970000000000000e+05
1.251080000000000000e+05
4.547700000000000000e+04
7.418100000000000000e+04
9.611700000000000000e+04
3.241900000000000000e+04
1.127200000000000000e+05
1.465090000000000000e+05
4.235200000000000000e+04
8.760000000000000000e+03
9.843800000000000000e+04
1.480150000000000000e+05
7.264300000000000000e+04
1.197400000000000000e+05
1.257190000000000000e+05
1.389550000000000000e+05
1.496730000000000000e+05
1.025110000000000000e+05
6.715500000000000000e+04
1.205700000000000000e+05
4.905600000000000000e+04
5.658400000000000000e+04
1.261400000000000000e+05
1.034810000000000000e+05
1.429560000000000000e+05
7.657300000000000000e+04
1.619320000000000000e+05
4.861800000000000000e+04
8.720000000000000000e+04
7.454800000000000000e+04
1.627910000000000000e+05
8.113000000000000000e+03
4.865600000000000000e+04
1.082130000000000000e+05
5.946100000000000000e+04
7.105700000000000000e+04
3.539800000000000000e+04
1.338640000000000000e+05
1.437430000000000000e+05
4.763600000000000000e+04
1.621540000000000000e+05
8.880500000000000000e+04
8.988100000000000000e+04
1.113200000000000000e+04
7.839100000000000000e+04
1.015320000000000000e+05
1.318190000000000000e+05
5.260400000000000000e+04
6.894300000000000000e+04
1.187970000000000000e+05
6.117500000000000000e+04
2.913300000000000000e+04
8.299800000000000000e+04
1.598880000000000000e+05
1.032050000000000000e+05
3.670300000000000000e+04
1.053280000000000000e+05
1.215190000000000000e+05
8.294000000000000000e+03
6.186900000000000000e+04
1.582490000000000000e+05
1.003200000000000000e+04
1.101030000000000000e+05
3.207500000000000000e+04
8.009000000000000000e+03
1.125100000000000000e+05
1.059270000000000000e+05
5.972800000000000000e+04
1.218880000000000000e+05
7.879800000000000000e+04
7.169300000000000000e+04
6.219500000000000000e+04
9.477700000000000000e+04
3.336700000000000000e+04
1.059820000000000000e+05
1.053930000000000000e+05
6.849100000000000000e+04
1.277340000000000000e+05
6.720500000000000000e+04
4.069700000000000000e+04
1.324970000000000000e+05
1.646690000000000000e+05
1.277570000000000000e+05
1.455990000000000000e+05
1.005340000000000000e+05
1.463790000000000000e+05
1.321640000000000000e+05
8.409500000000000000e+04
4.098900000000000000e+04
1.141920000000000000e+05
8.675600000000000000e+04
8.975100000000000000e+04
2.920300000000000000e+04
5.068000000000000000e+03
2.397000000000000000e+04
1.416350000000000000e+05
1.282740000000000000e+05
8.868500000000000000e+04
4.795500000000000000e+04
1.762000000000000000e+04
1.336350000000000000e+05
1.572020000000000000e+05
1.116870000000000000e+05
1.076660000000000000e+05
4.210100000000000000e+04
8.619700000000000000e+04
1.616260000000000000e+05
1.138740000000000000e+05
1.494050000000000000e+05
7.351100000000000000e+04
3.053500000000000000e+04
1.360580000000000000e+05
1.106250000000000000e+05
1.031550000000000000e+05
1.105020000000000000e+05
1.315030000000000000e+05
4.788600000000000000e+04
1.051910000000000000e+05
2.925000000000000000e+04
1.268020000000000000e+05
8.955300000000000000e+04
3.626000000000000000e+03
4.340600000000000000e+04
1.180200000000000000e+05
4.023000000000000000e+04
9.259300000000000000e+04
8.352800000000000000e+04
8.573500000000000000e+04
1.656260000000000000e+05
1.067860000000000000e+05
2.113000000000000000e+04
1.495200000000000000e+04
8.559200000000000000e+04
6.367600000000000000e+04
7.190200000000000000e+04
1.220010000000000000e+05
1.316800000000000000e+04
7.754900000000000000e+04
3.424000000000000000e+03
5.743300000000000000e+04
4.110000000000000000e+03
7.970400000000000000e+04
1.272880000000000000e+05
6.000000000000000000e+04
1.467630000000000000e+05
1.342640000000000000e+05
1.686800000000000000e+05
1.017010000000000000e+05
1.570230000000000000e+05
1.644130000000000000e+05
9.012300000000000000e+04
7.714100000000000000e+04
1.151870000000000000e+05
1.195630000000000000e+05
9.776300000000000000e+04
9.075600000000000000e+04
1.246020000000000000e+05
5.794000000000000000e+04
8.815600000000000000e+04
4.150100000000000000e+04
1.283570000000000000e+05
4.415400000000000000e+04
1.667380000000000000e+05
1.634290000000000000e+05
4.829500000000000000e+04
6.918800000000000000e+04
1.654180000000000000e+05
1.641340000000000000e+05
5.199700000000000000e+04
9.743300000000000000e+04
1.080040000000000000e+05
5.414800000000000000e+04
3.693900000000000000e+04
1.007670000000000000e+05
1.399450000000000000e+05
1.271070000000000000e+05
4.647400000000000000e+04
1.637890000000000000e+05
1.212790000000000000e+05
1.095820000000000000e+05
1.826600000000000000e+04
1.034130000000000000e+05
1.495840000000000000e+05
6.882000000000000000e+03
9.623100000000000000e+04
1.557390000000000000e+05
6.792300000000000000e+04
8.995000000000000000e+03
1.225060000000000000e+05
1.141290000000000000e+05
1.608950000000000000e+05
1.434620000000000000e+05
1.350590000000000000e+05
1.489640000000000000e+05
1.084290000000000000e+05
6.105200000000000000e+04
3.691200000000000000e+04
8.904200000000000000e+04
4.203300000000000000e+04
4.721700000000000000e+04
1.312060000000000000e+05
2.946200000000000000e+04
1.562140000000000000e+05
1.018950000000000000e+05
1.147820000000000000e+05
1.615100000000000000e+04
1.389070000000000000e+05
7.954200000000000000e+04
9.911000000000000000e+04
1.719200000000000000e+04
3.016800000000000000e+04
1.545540000000000000e+05
1.390330000000000000e+05
1.325200000000000000e+05
1.673930000000000000e+05
1.338320000000000000e+05
1.235390000000000000e+05
1.414460000000000000e+05
6.506300000000000000e+04
4.937700000000000000e+04
3.371000000000000000e+03
1.009890000000000000e+05
6.699200000000000000e+04
1.557900000000000000e+04
1.076110000000000000e+05
1.550960000000000000e+05
4.264400000000000000e+04
2.880600000000000000e+04
1.487390000000000000e+05
3.953100000000000000e+04
9.800500000000000000e+04
1.484050000000000000e+05
8.489000000000000000e+04
1.500050000000000000e+05
3.537000000000000000e+03
1.157500000000000000e+04
1.108700000000000000e+05
1.215050000000000000e+05
3.257300000000000000e+04
2.373600000000000000e+04
1.509950000000000000e+05
1.474440000000000000e+05
4.952500000000000000e+04
4.760300000000000000e+04
2.074000000000000000e+04
1.679630000000000000e+05
6.115000000000000000e+03
1.323120000000000000e+05
5.801800000000000000e+04
3.790600000000000000e+04
1.384070000000000000e+05
1.623040000000000000e+05
1.352130000000000000e+05
9.842400000000000000e+04
4.330500000000000000e+04
1.419210000000000000e+05
5.434000000000000000e+03
9.955200000000000000e+04
7.617000000000000000e+03
1.390310000000000000e+05
7.873300000000000000e+04
1.208090000000000000e+05
3.947600000000000000e+04
1.126590000000000000e+05
7.383200000000000000e+04
9.948800000000000000e+04
2.362800000000000000e+04
1.436900000000000000e+05
4.321600000000000000e+04
4.787800000000000000e+04
1.276800000000000000e+05
1.372710000000000000e+05
8.125900000000000000e+04
1.677030000000000000e+05
4.429400000000000000e+04
1.264900000000000000e+05
1.939900000000000000e+04
8.354800000000000000e+04
1.294590000000000000e+05
4.251000000000000000e+04
2.072000000000000000e+03
1.227200000000000000e+05
3.854600000000000000e+04
6.556600000000000000e+04
6.592400000000000000e+04
7.306600000000000000e+04
8.776000000000000000e+03
1.509890000000000000e+05
1.439690000000000000e+05
1.669950000000000000e+05
7.590000000000000000e+04
1.359840000000000000e+05
1.611910000000000000e+05
1.233600000000000000e+05
1.019380000000000000e+05
5.101200000000000000e+04
5.888400000000000000e+04
4.369700000000000000e+04
7.338700000000000000e+04
7.782900000000000000e+04
6.194300000000000000e+04
1.654830000000000000e+05
4.050000000000000000e+03
1.057660000000000000e+05
3.092800000000000000e+04
1.346350000000000000e+05
2.008800000000000000e+04
1.446630000000000000e+05
8.074000000000000000e+03
7.952000000000000000e+04
1.084970000000000000e+05
2.464600000000000000e+04
2.848400000000000000e+04
1.052660000000000000e+05
1.554310000000000000e+05
1.273830000000000000e+05
2.155100000000000000e+04
1.097670000000000000e+05
4.670500000000000000e+04
1.563070000000000000e+05
3.185400000000000000e+04
2.002200000000000000e+04
1.213690000000000000e+05
1.291250000000000000e+05
1.367870000000000000e+05
5.299700000000000000e+04
1.507270000000000000e+05
2.041200000000000000e+04
7.055700000000000000e+04
5.761600000000000000e+04
1.261070000000000000e+05
3.417800000000000000e+04
1.317480000000000000e+05
8.051700000000000000e+04
7.327200000000000000e+04
1.070640000000000000e+05
1.195950000000000000e+05
1.030290000000000000e+05
1.186290000000000000e+05
1.256000000000000000e+04
1.646390000000000000e+05
5.372400000000000000e+04
1.405770000000000000e+05
6.253600000000000000e+04
8.782300000000000000e+04
7.702700000000000000e+04
1.210580000000000000e+05
1.217050000000000000e+05
7.621000000000000000e+04
1.536890000000000000e+05
6.123400000000000000e+04
2.123400000000000000e+04
1.060070000000000000e+05
1.058100000000000000e+04
6.660000000000000000e+02
1.691360000000000000e+05
1.705100000000000000e+04
1.873700000000000000e+04
2.244300000000000000e+04
5.570000000000000000e+02
6.294800000000000000e+04
1.334700000000000000e+05
7.402100000000000000e+04
6.417200000000000000e+04
1.300300000000000000e+05
5.056700000000000000e+04
7.933400000000000000e+04
4.374700000000000000e+04
6.958700000000000000e+04
5.268800000000000000e+04
3.795000000000000000e+03
4.782200000000000000e+04
9.607000000000000000e+04
1.583900000000000000e+05
1.567150000000000000e+05
3.346600000000000000e+04
1.558580000000000000e+05
1.195400000000000000e+04
4.332800000000000000e+04
1.590950000000000000e+05
1.518550000000000000e+05
1.222400000000000000e+04
1.683320000000000000e+05
1.258330000000000000e+05
5.720700000000000000e+04
1.411350000000000000e+05
2.875000000000000000e+04
1.237710000000000000e+05
8.988000000000000000e+03
1.648200000000000000e+05
7.343400000000000000e+04
1.373220000000000000e+05
1.155510000000000000e+05
1.047280000000000000e+05
7.386400000000000000e+04
7.051700000000000000e+04
1.180000000000000000e+03
6.999600000000000000e+04
1.172070000000000000e+05
1.292200000000000000e+05
7.970500000000000000e+04
1.204680000000000000e+05
7.706000000000000000e+04
8.316300000000000000e+04
5.990800000000000000e+04
8.447400000000000000e+04
1.244220000000000000e+05
5.727400000000000000e+04
1.427560000000000000e+05
1.074760000000000000e+05
2.550700000000000000e+04
6.523900000000000000e+04
5.575400000000000000e+04
1.128000000000000000e+05
9.683500000000000000e+04
7.965400000000000000e+04
4.607700000000000000e+04
9.874300000000000000e+04
7.402400000000000000e+04
1.595320000000000000e+05
5.052000000000000000e+03
7.621700000000000000e+04
3.904600000000000000e+04
2.516800000000000000e+04
5.153800000000000000e+04
5.040800000000000000e+04
1.262510000000000000e+05
3.769000000000000000e+03
1.300120000000000000e+05
7.189500000000000000e+04
6.316700000000000000e+04
6.370200000000000000e+04
1.630800000000000000e+05
6.142100000000000000e+04
6.584100000000000000e+04
1.970800000000000000e+04
1.371150000000000000e+05
3.873700000000000000e+04
1.550800000000000000e+05
1.426580000000000000e+05
1.464780000000000000e+05
7.368600000000000000e+04
8.084700000000000000e+04
1.520800000000000000e+04
4.338300000000000000e+04
4.873700000000000000e+04
2.529200000000000000e+04
1.422050000000000000e+05
3.614400000000000000e+04
9.192700000000000000e+04
1.529060000000000000e+05
1.303310000000000000e+05
6.204500000000000000e+04
8.659900000000000000e+04
7.403800000000000000e+04
9.523100000000000000e+04
9.616400000000000000e+04
1.403020000000000000e+05
1.131900000000000000e+04
7.005000000000000000e+03
3.189200000000000000e+04
1.902100000000000000e+04
1.171470000000000000e+05
1.186570000000000000e+05
1.359650000000000000e+05
4.690000000000000000e+02
1.192370000000000000e+05
9.081600000000000000e+04
5.529700000000000000e+04
1.362400000000000000e+04
5.077500000000000000e+04
2.963900000000000000e+04
6.704300000000000000e+04
1.278840000000000000e+05
1.407300000000000000e+05
8.679200000000000000e+04
1.511240000000000000e+05
9.059900000000000000e+04
3.688400000000000000e+04
1.399490000000000000e+05
1.394480000000000000e+05
1.647700000000000000e+04
4.835900000000000000e+04
9.271800000000000000e+04
2.832100000000000000e+04
6.858600000000000000e+04
3.884900000000000000e+04
7.585900000000000000e+04
9.182600000000000000e+04
1.368720000000000000e+05
7.243100000000000000e+04
1.014010000000000000e+05
1.342130000000000000e+05
1.102170000000000000e+05
5.435700000000000000e+04
1.232610000000000000e+05
4.144300000000000000e+04
8.546800000000000000e+04
3.178300000000000000e+04
1.558170000000000000e+05
1.654950000000000000e+05
7.264500000000000000e+04
8.919800000000000000e+04
1.654030000000000000e+05
6.926000000000000000e+03
4.756400000000000000e+04
1.576900000000000000e+05
2.062700000000000000e+04
7.949600000000000000e+04
1.580390000000000000e+05
9.548600000000000000e+04
7.838300000000000000e+04
1.589430000000000000e+05
2.137700000000000000e+04
1.408180000000000000e+05
1.126450000000000000e+05
1.163620000000000000e+05
5.665400000000000000e+04
1.285000000000000000e+03
1.551170000000000000e+05
9.265000000000000000e+03
9.717100000000000000e+04
8.650300000000000000e+04
9.182200000000000000e+04
1.266840000000000000e+05
1.194750000000000000e+05
5.096900000000000000e+04
4.777000000000000000e+03
9.256400000000000000e+04
1.017870000000000000e+05
2.522900000000000000e+04
9.557500000000000000e+04
3.762500000000000000e+04
3.631000000000000000e+03
1.008130000000000000e+05
8.365100000000000000e+04
9.755700000000000000e+04
6.501600000000000000e+04
5.886600000000000000e+04
3.598800000000000000e+04
5.620300000000000000e+04
1.216920000000000000e+05
1.133650000000000000e+05
1.176410000000000000e+05
4.959600000000000000e+04
2.653000000000000000e+03
8.467200000000000000e+04
1.545220000000000000e+05
8.102000000000000000e+04
1.270780000000000000e+05
2.481300000000000000e+04
3.487800000000000000e+04
5.020000000000000000e+04
9.967900000000000000e+04
1.676120000000000000e+05
8.814000000000000000e+04
9.203900000000000000e+04
2.107800000000000000e+04
2.243300000000000000e+04
7.470000000000000000e+02
4.207400000000000000e+04
1.631600000000000000e+04
1.431400000000000000e+04
1.401520000000000000e+05
8.434000000000000000e+03
1.046630000000000000e+05
7.591000000000000000e+04
1.090100000000000000e+05
2.859400000000000000e+04
8.356100000000000000e+04
3.319600000000000000e+04
5.414500000000000000e+04
4.968300000000000000e+04
9.431100000000000000e+04
2.254100000000000000e+04
7.656100000000000000e+04
9.714300000000000000e+04
6.321100000000000000e+04
1.031700000000000000e+05
1.045460000000000000e+05
2.904800000000000000e+04
1.485680000000000000e+05
1.692200000000000000e+04
9.608500000000000000e+04
9.461400000000000000e+04
1.258440000000000000e+05
1.304870000000000000e+05
4.864300000000000000e+04
2.051600000000000000e+04
1.676930000000000000e+05
1.749200000000000000e+04
5.935700000000000000e+04
1.333100000000000000e+05
1.224630000000000000e+05
1.386650000000000000e+05
2.072200000000000000e+04
3.973000000000000000e+04
8.541600000000000000e+04
1.008700000000000000e+04
1.496960000000000000e+05
3.711900000000000000e+04
3.510100000000000000e+04
1.624220000000000000e+05
8.225000000000000000e+04
1.522990000000000000e+05
1.478550000000000000e+05
1.162700000000000000e+05
1.517400000000000000e+05
1.098790000000000000e+05
8.839100000000000000e+04
1.394050000000000000e+05
6.312300000000000000e+04
1.129800000000000000e+04
6.020100000000000000e+04
1.258900000000000000e+04
1.411150000000000000e+05
1.571120000000000000e+05
8.230800000000000000e+04
1.081390000000000000e+05
2.118100000000000000e+04
6.126000000000000000e+03
1.619070000000000000e+05
1.193380000000000000e+05
1.097820000000000000e+05
1.646020000000000000e+05
3.851400000000000000e+04
6.727000000000000000e+03
1.508700000000000000e+05
8.953400000000000000e+04
1.509670000000000000e+05
1.516100000000000000e+04
9.998100000000000000e+04
1.238820000000000000e+05
7.917000000000000000e+03
3.134900000000000000e+04
1.311120000000000000e+05
1.252440000000000000e+05
5.909700000000000000e+04
7.963300000000000000e+04
2.039000000000000000e+03
1.682600000000000000e+04
8.447100000000000000e+04
6.538300000000000000e+04
1.294690000000000000e+05
5.009900000000000000e+04
7.119800000000000000e+04
1.312890000000000000e+05
1.936500000000000000e+04
4.159400000000000000e+04
1.397160000000000000e+05
5.599000000000000000e+04
7.914700000000000000e+04
1.008820000000000000e+05
8.476000000000000000e+04
6.727600000000000000e+04
1.453240000000000000e+05
7.919700000000000000e+04
1.491100000000000000e+05
4.020100000000000000e+04
1.038400000000000000e+05
2.703500000000000000e+04
2.733000000000000000e+03
1.368900000000000000e+04
2.942100000000000000e+04
3.420500000000000000e+04
1.318210000000000000e+05
3.962000000000000000e+03
6.898600000000000000e+04
6.171000000000000000e+03
4.732900000000000000e+04
1.241850000000000000e+05
1.081300000000000000e+05
1.376610000000000000e+05
8.550400000000000000e+04
2.319700000000000000e+04
1.549130000000000000e+05
1.491860000000000000e+05
1.591470000000000000e+05
1.578790000000000000e+05
4.697600000000000000e+04
9.293200000000000000e+04
1.116300000000000000e+05
1.040210000000000000e+05
7.788100000000000000e+04
1.704100000000000000e+04
5.990300000000000000e+04
1.446750000000000000e+05
8.704400000000000000e+04
7.467000000000000000e+03
1.305390000000000000e+05
2.616400000000000000e+04
1.529590000000000000e+05
1.546100000000000000e+04
1.041300000000000000e+05
1.657710000000000000e+05
1.213700000000000000e+05
1.141560000000000000e+05
1.604910000000000000e+05
6.596200000000000000e+04
1.612140000000000000e+05
2.382400000000000000e+04
9.525600000000000000e+04
8.153400000000000000e+04
4.728100000000000000e+04
1.501160000000000000e+05
4.522500000000000000e+04
1.990500000000000000e+04
1.531170000000000000e+05
1.660860000000000000e+05
1.627800000000000000e+04
1.454860000000000000e+05
1.413690000000000000e+05
1.170150000000000000e+05
3.723600000000000000e+04
1.682800000000000000e+04
8.423900000000000000e+04
5.139900000000000000e+04
7.346000000000000000e+04
3.540300000000000000e+04
9.700000000000000000e+01
4.827600000000000000e+04
5.005000000000000000e+04
1.028070000000000000e+05
1.551060000000000000e+05
1.328790000000000000e+05
7.369400000000000000e+04
1.020430000000000000e+05
1.623570000000000000e+05
1.491600000000000000e+04
3.542300000000000000e+04
1.411830000000000000e+05
4.160600000000000000e+04
8.178500000000000000e+04
8.026200000000000000e+04
7.295000000000000000e+03
4.336300000000000000e+04
1.491530000000000000e+05
1.404980000000000000e+05
3.678800000000000000e+04
1.311330000000000000e+05
2.013000000000000000e+03
1.311700000000000000e+05
1.677400000000000000e+05
8.374400000000000000e+04
1.681860000000000000e+05
8.719000000000000000e+03
1.377240000000000000e+05
6.542700000000000000e+04
1.005900000000000000e+04
3.459900000000000000e+04
1.504920000000000000e+05
6.455500000000000000e+04
1.225770000000000000e+05
1.469250000000000000e+05
5.151400000000000000e+04
1.589110000000000000e+05
2.467300000000000000e+04
8.933900000000000000e+04
1.411750000000000000e+05
1.199500000000000000e+05
1.404460000000000000e+05
1.662090000000000000e+05
5.708700000000000000e+04
8.156500000000000000e+04
