1.690250000000000000e+05
5.959500000000000000e+04
1.160670000000000000e+05
6.468500000000000000e+04
1.216630000000000000e+05
1.179780000000000000e+05
4.735000000000000000e+04
1.452980000000000000e+05
2.468900000000000000e+04
1.608510000000000000e+05
1.591350000000000000e+05
6.194500000000000000e+04
1.104010000000000000e+05
1.506520000000000000e+05
1.126500000000000000e+04
9.402200000000000000e+04
3.785000000000000000e+03
2.300000000000000000e+02
1.133140000000000000e+05
1.540600000000000000e+04
1.555920000000000000e+05
1.670880000000000000e+05
1.617330000000000000e+05
1.411520000000000000e+05
1.196150000000000000e+05
2.992700000000000000e+04
8.419700000000000000e+04
8.971000000000000000e+04
1.615130000000000000e+05
1.195510000000000000e+05
7.747300000000000000e+04
4.185600000000000000e+04
5.396700000000000000e+04
5.014600000000000000e+04
8.440000000000000000e+02
7.210000000000000000e+03
1.396430000000000000e+05
7.413000000000000000e+03
1.363500000000000000e+05
4.011100000000000000e+04
1.554520000000000000e+05
2.180200000000000000e+04
1.336830000000000000e+05
1.245730000000000000e+05
1.259000000000000000e+05
3.589400000000000000e+04
1.554830000000000000e+05
1.087530000000000000e+05
7.480400000000000000e+04
2.882400000000000000e+04
1.397080000000000000e+05
9.884200000000000000e+04
4.652200000000000000e+04
5.453700000000000000e+04
1.422060000000000000e+05
1.127340000000000000e+05
1.225900000000000000e+05
9.617500000000000000e+04
1.458860000000000000e+05
6.499900000000000000e+04
1.138580000000000000e+05
7.051200000000000000e+04
3.663300000000000000e+04
4.606100000000000000e+04
3.396900000000000000e+04
9.214900000000000000e+04
1.190720000000000000e+05
7.563800000000000000e+04
6.068400000000000000e+04
1.058940000000000000e+05
2.199500000000000000e+04
9.928400000000000000e+04
4.592300000000000000e+04
1.056290000000000000e+05
8.037400000000000000e+04
5.416200000000000000e+04
5.498300000000000000e+04
3.236700000000000000e+04
8.888000000000000000e+03
7.377900000000000000e+04
1.106100000000000000e+05
1.389580000000000000e+05
1.148800000000000000e+05
6.174600000000000000e+04
7.055800000000000000e+04
9.488400000000000000e+04
8.551000000000000000e+04
6.985400000000000000e+04
6.917300000000000000e+04
6.332600000000000000e+04
7.089700000000000000e+04
1.040920000000000000e+05
1.336530000000000000e+05
1.387240000000000000e+05
1.689100000000000000e+05
2.893000000000000000e+03
9.799300000000000000e+04
8.980300000000000000e+04
6.213000000000000000e+03
1.461360000000000000e+05
7.227800000000000000e+04
8.722400000000000000e+04
7.876000000000000000e+03
1.656070000000000000e+05
1.515000000000000000e+03
1.185710000000000000e+05
1.461500000000000000e+05
1.607940000000000000e+05
2.554900000000000000e+04
4.196600000000000000e+04
1.108990000000000000e+05
1.286220000000000000e+05
1.210150000000000000e+05
5.664200000000000000e+04
6.991000000000000000e+03
9.891700000000000000e+04
1.287230000000000000e+05
7.655800000000000000e+04
5.577100000000000000e+04
1.350980000000000000e+05
2.788300000000000000e+04
1.492400000000000000e+04
9.092400000000000000e+04
1.396580000000000000e+05
5.708000000000000000e+04
1.156730000000000000e+05
7.682400000000000000e+04
7.434000000000000000e+03
1.252930000000000000e+05
1.965000000000000000e+04
2.868100000000000000e+04
9.368600000000000000e+04
9.267100000000000000e+04
5.111300000000000000e+04
1.828000000000000000e+04
1.403400000000000000e+05
2.779400000000000000e+04
9.338100000000000000e+04
4.608200000000000000e+04
1.404700000000000000e+04
5.133200000000000000e+04
1.481640000000000000e+05
1.135380000000000000e+05
7.529000000000000000e+04
4.021700000000000000e+04
9.878700000000000000e+04
9.311700000000000000e+04
1.226940000000000000e+05
2.883500000000000000e+04
1.681100000000000000e+05
1.566800000000000000e+05
1.003510000000000000e+05
1.014700000000000000e+04
1.623320000000000000e+05
3.566800000000000000e+04
9.072800000000000000e+04
6.642200000000000000e+04
9.731800000000000000e+04
1.444790000000000000e+05
1.503190000000000000e+05
8.523700000000000000e+04
3.270800000000000000e+04
9.999000000000000000e+03
4.146000000000000000e+04
3.625000000000000000e+04
8.562700000000000000e+04
5.803000000000000000e+03
1.476520000000000000e+05
1.550200000000000000e+04
1.226760000000000000e+05
1.794700000000000000e+04
8.657200000000000000e+04
2.116100000000000000e+04
1.585160000000000000e+05
7.687000000000000000e+04
1.917300000000000000e+04
6.155000000000000000e+04
1.014310000000000000e+05
1.519480000000000000e+05
4.616000000000000000e+04
5.204400000000000000e+04
1.108960000000000000e+05
1.422000000000000000e+05
2.684500000000000000e+04
3.045700000000000000e+04
1.512960000000000000e+05
2.715700000000000000e+04
8.537700000000000000e+04
1.480600000000000000e+05
1.031770000000000000e+05
6.859200000000000000e+04
2.936300000000000000e+04
5.553200000000000000e+04
1.429910000000000000e+05
1.153490000000000000e+05
5.283600000000000000e+04
1.559160000000000000e+05
1.601540000000000000e+05
3.809900000000000000e+04
7.699000000000000000e+03
7.137700000000000000e+04
8.610500000000000000e+04
8.998500000000000000e+04
5.381900000000000000e+04
1.209700000000000000e+05
1.550900000000000000e+04
3.817200000000000000e+04
5.013000000000000000e+04
2.290100000000000000e+04
2.368200000000000000e+04
1.406520000000000000e+05
1.682900000000000000e+04
3.129400000000000000e+04
6.223200000000000000e+04
1.576090000000000000e+05
4.113100000000000000e+04
8.353100000000000000e+04
1.666250000000000000e+05
8.732700000000000000e+04
1.554810000000000000e+05
5.152600000000000000e+04
6.297200000000000000e+04
7.909200000000000000e+04
8.908300000000000000e+04
7.424200000000000000e+04
5.046600000000000000e+04
6.984300000000000000e+04
1.537520000000000000e+05
8.817900000000000000e+04
1.259850000000000000e+05
1.553390000000000000e+05
7.035000000000000000e+03
9.619100000000000000e+04
1.204440000000000000e+05
8.257800000000000000e+04
2.568300000000000000e+04
1.044590000000000000e+05
6.468200000000000000e+04
2.609500000000000000e+04
1.340670000000000000e+05
5.479600000000000000e+04
1.512700000000000000e+04
7.814300000000000000e+04
5.475000000000000000e+04
1.686490000000000000e+05
1.052400000000000000e+04
1.087790000000000000e+05
1.539210000000000000e+05
8.897900000000000000e+04
6.134000000000000000e+04
4.936700000000000000e+04
1.099870000000000000e+05
5.799500000000000000e+04
1.445420000000000000e+05
1.002560000000000000e+05
7.314000000000000000e+03
3.182700000000000000e+04
2.037000000000000000e+04
1.243500000000000000e+05
1.559140000000000000e+05
1.100350000000000000e+05
3.873300000000000000e+04
1.453900000000000000e+05
1.165060000000000000e+05
2.137100000000000000e+04
1.316100000000000000e+05
1.358720000000000000e+05
1.025420000000000000e+05
2.489600000000000000e+04
5.360600000000000000e+04
1.506950000000000000e+05
1.164000000000000000e+03
1.262740000000000000e+05
9.785200000000000000e+04
9.140500000000000000e+04
2.952600000000000000e+04
4.724300000000000000e+04
9.390000000000000000e+03
9.690000000000000000e+04
1.057150000000000000e+05
1.861000000000000000e+03
1.516120000000000000e+05
6.662100000000000000e+04
5.159500000000000000e+04
5.845900000000000000e+04
1.422190000000000000e+05
1.471790000000000000e+05
8.700900000000000000e+04
2.240300000000000000e+04
1.399700000000000000e+04
1.376650000000000000e+05
4.243900000000000000e+04
1.304970000000000000e+05
1.058410000000000000e+05
2.989500000000000000e+04
1.574780000000000000e+05
4.181100000000000000e+04
1.503690000000000000e+05
1.136650000000000000e+05
1.182050000000000000e+05
1.002840000000000000e+05
2.856400000000000000e+04
1.362390000000000000e+05
5.003100000000000000e+04
1.227000000000000000e+05
2.851100000000000000e+04
1.369930000000000000e+05
6.707100000000000000e+04
4.863100000000000000e+04
7.619000000000000000e+04
7.261200000000000000e+04
1.662190000000000000e+05
1.248890000000000000e+05
1.405460000000000000e+05
6.534500000000000000e+04
9.052400000000000000e+04
6.861000000000000000e+04
1.277590000000000000e+05
1.143090000000000000e+05
1.190740000000000000e+05
3.131100000000000000e+04
1.508690000000000000e+05
1.130880000000000000e+05
6.815400000000000000e+04
1.089900000000000000e+05
2.873800000000000000e+04
4.377400000000000000e+04
1.782700000000000000e+04
5.594000000000000000e+03
1.649090000000000000e+05
1.512300000000000000e+05
9.921000000000000000e+03
2.197700000000000000e+04
1.284760000000000000e+05
1.083750000000000000e+05
1.510920000000000000e+05
1.151360000000000000e+05
2.765800000000000000e+04
1.395650000000000000e+05
2.640600000000000000e+04
5.235300000000000000e+04
1.170950000000000000e+05
1.393760000000000000e+05
4.892300000000000000e+04
5.580000000000000000e+04
1.510250000000000000e+05
5.929000000000000000e+04
1.391500000000000000e+05
1.515560000000000000e+05
2.739800000000000000e+04
1.611150000000000000e+05
4.892000000000000000e+03
1.055500000000000000e+05
4.694200000000000000e+04
8.604400000000000000e+04
1.661460000000000000e+05
1.144060000000000000e+05
1.244280000000000000e+05
8.406500000000000000e+04
2.500200000000000000e+04
3.567800000000000000e+04
3.409400000000000000e+04
1.486900000000000000e+04
1.667310000000000000e+05
3.951600000000000000e+04
1.675610000000000000e+05
1.185400000000000000e+05
5.250600000000000000e+04
8.524000000000000000e+04
7.533800000000000000e+04
1.482500000000000000e+05
7.505200000000000000e+04
1.652940000000000000e+05
5.747100000000000000e+04
1.213770000000000000e+05
6.226200000000000000e+04
1.363230000000000000e+05
1.548040000000000000e+05
6.932500000000000000e+04
1.202970000000000000e+05
1.668070000000000000e+05
1.336080000000000000e+05
8.652100000000000000e+04
6.810000000000000000e+02
1.689090000000000000e+05
1.129880000000000000e+05
1.341400000000000000e+05
5.224000000000000000e+04
3.753900000000000000e+04
6.005000000000000000e+04
9.513100000000000000e+04
9.762300000000000000e+04
1.279630000000000000e+05
1.298870000000000000e+05
5.910700000000000000e+04
1.277990000000000000e+05
1.158710000000000000e+05
5.061800000000000000e+04
1.073670000000000000e+05
1.770200000000000000e+04
1.604660000000000000e+05
8.592800000000000000e+04
4.593200000000000000e+04
4.334500000000000000e+04
4.885400000000000000e+04
1.400300000000000000e+05
8.660100000000000000e+04
8.872600000000000000e+04
1.002270000000000000e+05
1.399920000000000000e+05
1.194330000000000000e+05
1.057280000000000000e+05
1.087200000000000000e+04
2.898200000000000000e+04
1.719500000000000000e+04
4.904500000000000000e+04
1.183280000000000000e+05
1.666040000000000000e+05
1.059240000000000000e+05
5.516400000000000000e+04
1.331130000000000000e+05
1.646750000000000000e+05
5.389500000000000000e+04
1.028850000000000000e+05
1.554100000000000000e+04
1.535630000000000000e+05
8.782100000000000000e+04
6.106000000000000000e+03
6.634600000000000000e+04
6.872200000000000000e+04
1.476300000000000000e+05
7.261400000000000000e+04
4.123000000000000000e+03
9.589400000000000000e+04
8.794000000000000000e+03
1.383690000000000000e+05
1.031750000000000000e+05
1.573820000000000000e+05
1.127250000000000000e+05
5.849500000000000000e+04
2.392300000000000000e+04
1.019480000000000000e+05
8.400000000000000000e+04
1.404370000000000000e+05
5.894000000000000000e+03
1.508970000000000000e+05
1.007730000000000000e+05
1.593910000000000000e+05
1.101930000000000000e+05
1.057290000000000000e+05
1.029230000000000000e+05
1.285600000000000000e+05
1.048160000000000000e+05
1.513190000000000000e+05
5.150300000000000000e+04
9.962500000000000000e+04
6.172500000000000000e+04
1.197600000000000000e+04
3.887400000000000000e+04
1.088750000000000000e+05
1.330050000000000000e+05
1.384130000000000000e+05
9.150300000000000000e+04
1.673630000000000000e+05
1.840100000000000000e+04
2.779800000000000000e+04
2.500000000000000000e+01
9.829300000000000000e+04
1.203690000000000000e+05
4.875000000000000000e+03
5.233800000000000000e+04
1.057000000000000000e+04
1.165250000000000000e+05
8.695400000000000000e+04
6.032800000000000000e+04
1.009960000000000000e+05
8.973200000000000000e+04
1.437570000000000000e+05
1.055950000000000000e+05
1.238280000000000000e+05
2.777700000000000000e+04
1.554850000000000000e+05
1.380930000000000000e+05
8.763000000000000000e+04
1.472900000000000000e+04
1.289410000000000000e+05
9.566400000000000000e+04
4.057300000000000000e+04
1.309430000000000000e+05
4.132000000000000000e+03
5.982000000000000000e+04
1.273020000000000000e+05
1.680610000000000000e+05
2.360400000000000000e+04
6.380600000000000000e+04
1.575870000000000000e+05
1.386110000000000000e+05
1.220060000000000000e+05
6.238700000000000000e+04
1.026800000000000000e+05
6.247700000000000000e+04
1.648540000000000000e+05
1.472280000000000000e+05
5.696400000000000000e+04
1.441460000000000000e+05
8.589900000000000000e+04
5.725100000000000000e+04
6.754000000000000000e+03
1.927000000000000000e+04
2.602300000000000000e+04
9.789800000000000000e+04
4.420800000000000000e+04
4.495300000000000000e+04
6.642600000000000000e+04
7.208300000000000000e+04
1.478140000000000000e+05
1.318290000000000000e+05
5.202000000000000000e+03
1.320920000000000000e+05
9.162700000000000000e+04
1.453090000000000000e+05
1.556130000000000000e+05
4.411300000000000000e+04
1.006890000000000000e+05
9.989700000000000000e+04
1.653940000000000000e+05
1.292140000000000000e+05
2.765300000000000000e+04
7.141500000000000000e+04
4.843000000000000000e+03
3.495000000000000000e+03
6.083200000000000000e+04
1.214000000000000000e+03
8.182400000000000000e+04
1.241670000000000000e+05
1.416770000000000000e+05
9.229000000000000000e+03
2.724100000000000000e+04
2.498900000000000000e+04
2.979200000000000000e+04
3.451000000000000000e+04
1.559090000000000000e+05
5.844700000000000000e+04
4.515800000000000000e+04
5.433900000000000000e+04
1.635320000000000000e+05
1.297800000000000000e+04
8.677500000000000000e+04
1.524230000000000000e+05
8.209400000000000000e+04
1.152340000000000000e+05
1.519090000000000000e+05
9.001600000000000000e+04
1.367540000000000000e+05
1.137320000000000000e+05
1.648160000000000000e+05
9.453600000000000000e+04
6.529400000000000000e+04
3.918400000000000000e+04
5.992900000000000000e+04
1.201460000000000000e+05
6.905100000000000000e+04
1.159050000000000000e+05
1.237770000000000000e+05
7.745000000000000000e+04
1.619120000000000000e+05
5.420900000000000000e+04
5.195400000000000000e+04
5.149500000000000000e+04
1.437080000000000000e+05
1.088300000000000000e+04
1.356910000000000000e+05
1.942200000000000000e+04
1.665910000000000000e+05
1.081300000000000000e+04
5.608200000000000000e+04
8.433800000000000000e+04
1.278740000000000000e+05
1.452740000000000000e+05
9.825100000000000000e+04
1.165050000000000000e+05
1.236630000000000000e+05
5.036000000000000000e+04
6.145400000000000000e+04
1.535020000000000000e+05
3.313000000000000000e+03
8.921700000000000000e+04
7.050000000000000000e+04
1.168810000000000000e+05
5.039000000000000000e+03
4.188000000000000000e+03
4.994200000000000000e+04
1.304320000000000000e+05
1.629920000000000000e+05
1.681200000000000000e+04
1.621200000000000000e+05
1.626470000000000000e+05
1.002080000000000000e+05
2.456000000000000000e+03
1.315700000000000000e+04
6.952900000000000000e+04
9.513500000000000000e+04
9.725600000000000000e+04
1.556810000000000000e+05
1.170910000000000000e+05
1.651770000000000000e+05
1.089690000000000000e+05
9.313300000000000000e+04
4.006100000000000000e+04
8.424500000000000000e+04
1.088850000000000000e+05
4.893900000000000000e+04
4.309800000000000000e+04
1.490830000000000000e+05
3.536000000000000000e+04
6.674900000000000000e+04
1.220120000000000000e+05
9.733400000000000000e+04
8.984500000000000000e+04
2.904900000000000000e+04
1.006000000000000000e+03
7.405700000000000000e+04
1.484420000000000000e+05
1.342280000000000000e+05
5.543300000000000000e+04
3.602400000000000000e+04
7.963800000000000000e+04
1.540230000000000000e+05
1.103400000000000000e+04
7.731600000000000000e+04
1.279500000000000000e+04
1.625990000000000000e+05
6.986400000000000000e+04
2.197800000000000000e+04
1.639870000000000000e+05
2.588100000000000000e+04
3.834700000000000000e+04
1.370630000000000000e+05
1.374680000000000000e+05
3.129600000000000000e+04
7.609200000000000000e+04
3.508100000000000000e+04
1.186070000000000000e+05
8.535000000000000000e+03
1.319610000000000000e+05
1.247550000000000000e+05
3.815000000000000000e+04
1.313740000000000000e+05
1.628340000000000000e+05
1.674090000000000000e+05
5.474400000000000000e+04
1.373180000000000000e+05
4.817400000000000000e+04
8.155300000000000000e+04
6.151900000000000000e+04
7.445800000000000000e+04
1.643350000000000000e+05
5.372000000000000000e+04
1.536980000000000000e+05
4.985500000000000000e+04
1.667920000000000000e+05
1.243710000000000000e+05
1.265320000000000000e+05
1.363530000000000000e+05
6.739400000000000000e+04
4.030300000000000000e+04
6.716700000000000000e+04
1.496890000000000000e+05
1.609640000000000000e+05
6.870000000000000000e+04
8.496400000000000000e+04
1.381390000000000000e+05
4.717500000000000000e+04
1.325010000000000000e+05
7.069000000000000000e+04
1.478230000000000000e+05
1.667660000000000000e+05
1.032270000000000000e+05
1.541950000000000000e+05
1.373730000000000000e+05
7.287200000000000000e+04
1.560310000000000000e+05
1.148200000000000000e+05
1.340070000000000000e+05
1.032030000000000000e+05
1.509120000000000000e+05
5.664300000000000000e+04
1.011150000000000000e+05
9.808300000000000000e+04
1.188600000000000000e+05
1.510520000000000000e+05
1.805300000000000000e+04
7.381800000000000000e+04
5.458600000000000000e+04
6.924300000000000000e+04
9.531900000000000000e+04
1.093030000000000000e+05
8.526200000000000000e+04
8.633900000000000000e+04
1.247620000000000000e+05
1.069460000000000000e+05
8.125000000000000000e+03
1.362730000000000000e+05
1.092490000000000000e+05
1.618730000000000000e+05
1.679240000000000000e+05
1.235400000000000000e+04
1.527020000000000000e+05
5.792600000000000000e+04
6.077600000000000000e+04
4.944900000000000000e+04
9.431000000000000000e+03
5.600100000000000000e+04
2.742400000000000000e+04
4.347000000000000000e+04
8.131500000000000000e+04
3.478800000000000000e+04
5.583500000000000000e+04
1.527720000000000000e+05
1.875400000000000000e+04
1.520290000000000000e+05
1.337270000000000000e+05
1.473340000000000000e+05
1.530450000000000000e+05
7.548400000000000000e+04
4.450900000000000000e+04
9.494700000000000000e+04
1.127650000000000000e+05
4.927000000000000000e+03
1.352620000000000000e+05
1.332580000000000000e+05
4.308600000000000000e+04
1.488750000000000000e+05
1.675120000000000000e+05
3.005900000000000000e+04
9.269800000000000000e+04
1.099470000000000000e+05
7.483000000000000000e+03
4.879200000000000000e+04
1.437000000000000000e+05
4.839200000000000000e+04
6.817400000000000000e+04
1.465030000000000000e+05
9.613900000000000000e+04
1.496700000000000000e+05
5.546500000000000000e+04
8.330300000000000000e+04
2.688100000000000000e+04
1.522610000000000000e+05
1.637400000000000000e+05
6.831000000000000000e+04
3.942900000000000000e+04
1.656510000000000000e+05
1.492340000000000000e+05
1.518580000000000000e+05
1.235990000000000000e+05
1.473710000000000000e+05
4.885700000000000000e+04
1.248320000000000000e+05
9.151200000000000000e+04
1.618500000000000000e+04
8.099600000000000000e+04
1.679910000000000000e+05
1.621350000000000000e+05
1.234910000000000000e+05
1.059600000000000000e+05
7.738000000000000000e+03
3.620200000000000000e+04
1.677940000000000000e+05
1.213660000000000000e+05
1.379420000000000000e+05
1.543550000000000000e+05
1.264520000000000000e+05
2.859600000000000000e+04
1.044700000000000000e+05
1.326200000000000000e+04
1.527410000000000000e+05
1.340210000000000000e+05
3.135000000000000000e+04
5.668200000000000000e+04
1.653980000000000000e+05
1.045070000000000000e+05
6.930000000000000000e+04
3.985900000000000000e+04
2.814200000000000000e+04
4.035400000000000000e+04
1.222330000000000000e+05
1.518300000000000000e+05
8.832600000000000000e+04
1.320960000000000000e+05
1.174310000000000000e+05
9.581400000000000000e+04
2.733400000000000000e+04
2.602000000000000000e+03
1.575730000000000000e+05
6.435800000000000000e+04
1.681470000000000000e+05
1.352200000000000000e+05
3.514200000000000000e+04
2.778500000000000000e+04
1.053670000000000000e+05
2.637000000000000000e+03
4.328000000000000000e+04
9.988300000000000000e+04
4.835000000000000000e+03
4.770100000000000000e+04
1.608300000000000000e+04
7.802000000000000000e+04
1.004410000000000000e+05
1.113520000000000000e+05
5.665500000000000000e+04
8.856900000000000000e+04
4.217400000000000000e+04
5.764700000000000000e+04
1.139310000000000000e+05
2.857100000000000000e+04
1.283660000000000000e+05
3.638200000000000000e+04
4.887400000000000000e+04
1.617360000000000000e+05
1.482700000000000000e+04
8.343700000000000000e+04
7.781400000000000000e+04
4.314900000000000000e+04
1.014000000000000000e+05
7.078600000000000000e+04
3.145100000000000000e+04
1.491650000000000000e+05
7.004000000000000000e+03
1.577250000000000000e+05
7.416000000000000000e+03
3.158000000000000000e+03
3.108700000000000000e+04
1.077580000000000000e+05
1.514920000000000000e+05
8.765400000000000000e+04
1.814400000000000000e+04
1.442920000000000000e+05
1.626860000000000000e+05
1.511820000000000000e+05
1.254380000000000000e+05
1.132700000000000000e+05
8.767800000000000000e+04
1.939500000000000000e+04
8.864800000000000000e+04
8.963000000000000000e+03
4.522000000000000000e+04
1.002700000000000000e+04
1.691260000000000000e+05
9.102300000000000000e+04
5.561000000000000000e+03
1.605460000000000000e+05
2.808800000000000000e+04
1.003390000000000000e+05
2.982400000000000000e+04
1.243050000000000000e+05
1.426930000000000000e+05
9.669900000000000000e+04
3.120700000000000000e+04
2.384600000000000000e+04
1.395730000000000000e+05
1.427130000000000000e+05
1.018710000000000000e+05
1.612100000000000000e+05
1.529100000000000000e+05
9.023000000000000000e+04
4.048600000000000000e+04
8.040700000000000000e+04
1.657530000000000000e+05
1.338300000000000000e+04
1.327200000000000000e+05
9.667800000000000000e+04
1.720800000000000000e+04
1.491340000000000000e+05
8.355600000000000000e+04
1.513870000000000000e+05
9.499100000000000000e+04
1.376020000000000000e+05
8.967700000000000000e+04
5.938600000000000000e+04
1.662070000000000000e+05
1.666840000000000000e+05
1.252210000000000000e+05
1.025010000000000000e+05
3.867800000000000000e+04
7.921800000000000000e+04
1.474370000000000000e+05
2.730100000000000000e+04
1.221630000000000000e+05
5.047500000000000000e+04
8.328800000000000000e+04
4.000100000000000000e+04
1.455900000000000000e+04
3.453700000000000000e+04
8.630100000000000000e+04
4.125000000000000000e+04
1.457320000000000000e+05
1.688240000000000000e+05
5.937900000000000000e+04
4.092600000000000000e+04
5.773500000000000000e+04
1.624920000000000000e+05
8.228300000000000000e+04
3.848000000000000000e+03
9.146500000000000000e+04
1.734700000000000000e+04
1.141620000000000000e+05
1.490000000000000000e+05
9.648400000000000000e+04
1.172140000000000000e+05
1.442670000000000000e+05
1.456270000000000000e+05
1.231730000000000000e+05
5.156200000000000000e+04
1.497370000000000000e+05
1.117500000000000000e+04
5.662100000000000000e+04
1.359860000000000000e+05
3.688800000000000000e+04
9.331100000000000000e+04
1.522000000000000000e+03
9.663400000000000000e+04
5.380100000000000000e+04
5.835700000000000000e+04
2.246200000000000000e+04
5.632500000000000000e+04
7.536100000000000000e+04
1.385580000000000000e+05
1.578600000000000000e+05
1.606030000000000000e+05
1.441190000000000000e+05
4.565800000000000000e+04
1.545560000000000000e+05
1.279300000000000000e+05
1.008500000000000000e+04
5.160800000000000000e+04
8.634600000000000000e+04
3.253200000000000000e+04
6.496000000000000000e+03
9.582700000000000000e+04
1.112370000000000000e+05
1.659650000000000000e+05
1.033040000000000000e+05
6.469900000000000000e+04
5.914400000000000000e+04
7.663800000000000000e+04
1.294860000000000000e+05
4.070400000000000000e+04
1.029850000000000000e+05
6.704800000000000000e+04
6.894700000000000000e+04
1.167970000000000000e+05
1.614300000000000000e+05
1.137710000000000000e+05
7.316100000000000000e+04
1.345010000000000000e+05
4.062300000000000000e+04
9.468500000000000000e+04
1.427500000000000000e+04
1.436820000000000000e+05
6.340100000000000000e+04
2.063700000000000000e+04
4.479500000000000000e+04
8.506000000000000000e+03
1.237810000000000000e+05
9.910600000000000000e+04
1.377300000000000000e+05
3.906000000000000000e+04
5.156900000000000000e+04
1.057880000000000000e+05
1.464400000000000000e+04
1.112310000000000000e+05
3.871600000000000000e+04
5.843600000000000000e+04
7.263000000000000000e+03
5.064900000000000000e+04
2.313300000000000000e+04
1.024810000000000000e+05
5.927500000000000000e+04
4.210500000000000000e+04
1.481260000000000000e+05
1.029160000000000000e+05
1.477210000000000000e+05
2.093800000000000000e+04
1.396880000000000000e+05
8.643100000000000000e+04
1.453520000000000000e+05
1.295230000000000000e+05
4.606600000000000000e+04
4.954700000000000000e+04
1.060020000000000000e+05
1.488380000000000000e+05
5.940000000000000000e+02
1.286690000000000000e+05
1.045410000000000000e+05
8.118500000000000000e+04
6.188100000000000000e+04
9.764000000000000000e+03
1.425110000000000000e+05
1.008340000000000000e+05
6.624000000000000000e+04
3.206200000000000000e+04
1.689260000000000000e+05
8.319500000000000000e+04
8.784100000000000000e+04
7.100900000000000000e+04
7.052400000000000000e+04
3.932200000000000000e+04
1.393880000000000000e+05
1.889500000000000000e+04
8.333500000000000000e+04
5.298000000000000000e+03
5.304100000000000000e+04
8.879700000000000000e+04
3.163000000000000000e+03
1.285590000000000000e+05
1.626030000000000000e+05
6.134200000000000000e+04
3.800000000000000000e+04
1.009410000000000000e+05
1.656360000000000000e+05
1.037140000000000000e+05
1.013700000000000000e+05
1.188140000000000000e+05
4.639300000000000000e+04
8.155800000000000000e+04
1.360270000000000000e+05
1.348290000000000000e+05
5.805000000000000000e+03
5.983000000000000000e+03
1.409700000000000000e+05
7.754300000000000000e+04
7.517700000000000000e+04
1.089090000000000000e+05
1.171460000000000000e+05
8.649400000000000000e+04
1.534170000000000000e+05
1.434090000000000000e+05
7.256300000000000000e+04
1.402670000000000000e+05
9.749200000000000000e+04
1.180950000000000000e+05
1.424690000000000000e+05
1.340310000000000000e+05
1.064970000000000000e+05
9.886800000000000000e+04
9.670100000000000000e+04
1.472960000000000000e+05
1.825300000000000000e+04
5.171000000000000000e+03
7.951000000000000000e+03
5.002300000000000000e+04
1.471800000000000000e+04
1.280620000000000000e+05
9.594500000000000000e+04
1.375880000000000000e+05
5.892400000000000000e+04
4.334000000000000000e+04
1.572550000000000000e+05
4.617200000000000000e+04
8.961800000000000000e+04
9.457200000000000000e+04
8.747300000000000000e+04
8.130400000000000000e+04
3.701000000000000000e+03
3.096800000000000000e+04
6.762600000000000000e+04
9.540600000000000000e+04
5.011800000000000000e+04
4.863900000000000000e+04
9.245000000000000000e+03
6.212000000000000000e+03
1.358940000000000000e+05
4.235900000000000000e+04
5.268000000000000000e+04
1.361050000000000000e+05
1.194230000000000000e+05
1.962500000000000000e+04
1.047820000000000000e+05
4.910600000000000000e+04
1.667300000000000000e+05
6.389000000000000000e+03
9.559200000000000000e+04
1.692500000000000000e+04
1.361190000000000000e+05
9.752000000000000000e+03
5.156100000000000000e+04
1.246060000000000000e+05
4.182300000000000000e+04
6.234700000000000000e+04
6.672800000000000000e+04
1.108390000000000000e+05
8.819500000000000000e+04
8.892300000000000000e+04
5.260300000000000000e+04
8.873200000000000000e+04
1.689700000000000000e+05
9.837900000000000000e+04
1.264870000000000000e+05
3.933100000000000000e+04
1.466070000000000000e+05
5.533400000000000000e+04
6.575000000000000000e+04
3.983000000000000000e+04
5.182600000000000000e+04
1.330400000000000000e+04
4.425100000000000000e+04
1.520960000000000000e+05
9.959400000000000000e+04
1.533410000000000000e+05
1.481590000000000000e+05
1.973300000000000000e+04
1.665100000000000000e+05
1.179420000000000000e+05
5.713300000000000000e+04
6.219000000000000000e+03
8.194100000000000000e+04
4.507000000000000000e+04
6.966600000000000000e+04
1.570680000000000000e+05
5.484100000000000000e+04
1.115970000000000000e+05
3.241200000000000000e+04
7.366800000000000000e+04
8.877600000000000000e+04
4.861600000000000000e+04
5.320800000000000000e+04
1.119930000000000000e+05
8.102400000000000000e+04
1.656520000000000000e+05
1.247080000000000000e+05
4.077800000000000000e+04
5.109600000000000000e+04
1.964000000000000000e+04
6.165600000000000000e+04
6.449400000000000000e+04
9.930500000000000000e+04
9.782000000000000000e+03
6.835400000000000000e+04
1.288960000000000000e+05
4.918000000000000000e+04
8.420000000000000000e+02
4.922800000000000000e+04
2.925400000000000000e+04
3.072200000000000000e+04
1.164330000000000000e+05
3.891200000000000000e+04
3.588700000000000000e+04
8.699900000000000000e+04
9.299500000000000000e+04
1.053530000000000000e+05
1.404410000000000000e+05
1.243290000000000000e+05
1.126890000000000000e+05
8.059000000000000000e+04
6.188800000000000000e+04
1.078060000000000000e+05
1.862900000000000000e+04
1.063840000000000000e+05
1.399400000000000000e+05
3.764100000000000000e+04
1.577100000000000000e+05
3.889300000000000000e+04
9.332100000000000000e+04
3.176300000000000000e+04
1.488440000000000000e+05
7.082300000000000000e+04
3.981800000000000000e+04
1.671020000000000000e+05
1.504940000000000000e+05
1.328430000000000000e+05
1.640880000000000000e+05
2.813200000000000000e+04
1.608800000000000000e+05
1.330920000000000000e+05
3.486300000000000000e+04
2.704600000000000000e+04
5.317700000000000000e+04
8.898900000000000000e+04
3.042700000000000000e+04
8.317300000000000000e+04
4.259300000000000000e+04
1.117870000000000000e+05
4.641200000000000000e+04
1.556670000000000000e+05
5.769700000000000000e+04
1.230020000000000000e+05
4.483000000000000000e+03
5.549000000000000000e+03
7.561900000000000000e+04
1.211550000000000000e+05
7.678600000000000000e+04
7.966900000000000000e+04
4.980000000000000000e+04
3.199000000000000000e+04
2.224200000000000000e+04
1.241100000000000000e+04
1.348990000000000000e+05
9.097500000000000000e+04
1.667720000000000000e+05
1.197210000000000000e+05
1.671630000000000000e+05
2.439400000000000000e+04
3.671000000000000000e+04
8.947900000000000000e+04
1.439050000000000000e+05
2.760300000000000000e+04
1.211390000000000000e+05
5.659500000000000000e+04
7.397900000000000000e+04
2.405000000000000000e+03
1.690000000000000000e+05
2.059500000000000000e+04
1.337220000000000000e+05
2.704800000000000000e+04
1.518010000000000000e+05
1.086550000000000000e+05
4.872800000000000000e+04
1.487820000000000000e+05
1.663570000000000000e+05
7.130200000000000000e+04
8.870300000000000000e+04
1.258750000000000000e+05
1.061970000000000000e+05
7.453000000000000000e+03
1.401920000000000000e+05
7.333000000000000000e+04
1.488360000000000000e+05
6.725500000000000000e+04
8.362500000000000000e+04
1.095420000000000000e+05
1.304650000000000000e+05
1.393020000000000000e+05
1.488920000000000000e+05
4.178400000000000000e+04
1.230380000000000000e+05
9.231000000000000000e+03
1.456400000000000000e+04
1.499000000000000000e+04
8.966000000000000000e+04
4.103100000000000000e+04
1.198360000000000000e+05
1.686460000000000000e+05
1.216700000000000000e+05
7.525700000000000000e+04
8.935000000000000000e+04
1.089870000000000000e+05
7.268400000000000000e+04
1.551730000000000000e+05
1.253290000000000000e+05
8.724700000000000000e+04
1.568180000000000000e+05
1.594400000000000000e+04
1.788900000000000000e+04
2.083700000000000000e+04
1.546380000000000000e+05
4.618000000000000000e+03
2.769600000000000000e+04
3.259200000000000000e+04
3.812300000000000000e+04
7.975000000000000000e+03
2.056500000000000000e+04
1.010400000000000000e+04
7.016000000000000000e+04
5.334200000000000000e+04
9.805800000000000000e+04
1.667290000000000000e+05
1.499300000000000000e+05
7.658000000000000000e+04
1.281840000000000000e+05
3.197200000000000000e+04
8.152000000000000000e+03
6.274500000000000000e+04
6.736700000000000000e+04
1.811100000000000000e+04
1.319700000000000000e+05
1.129000000000000000e+04
6.644900000000000000e+04
7.436000000000000000e+04
1.616680000000000000e+05
1.038320000000000000e+05
5.367100000000000000e+04
4.345800000000000000e+04
6.396800000000000000e+04
2.179100000000000000e+04
3.109000000000000000e+04
1.605260000000000000e+05
2.106000000000000000e+04
1.274190000000000000e+05
1.666500000000000000e+05
1.335320000000000000e+05
8.378400000000000000e+04
8.833200000000000000e+04
7.805300000000000000e+04
1.579950000000000000e+05
3.393100000000000000e+04
1.283990000000000000e+05
8.604100000000000000e+04
1.274780000000000000e+05
1.637460000000000000e+05
1.119200000000000000e+05
8.301800000000000000e+04
9.719200000000000000e+04
3.144200000000000000e+04
1.278430000000000000e+05
8.234400000000000000e+04
1.148000000000000000e+03
5.058700000000000000e+04
9.135000000000000000e+04
1.040000000000000000e+02
1.031830000000000000e+05
8.034200000000000000e+04
5.220500000000000000e+04
1.287270000000000000e+05
1.824500000000000000e+04
1.951400000000000000e+04
1.264860000000000000e+05
1.321580000000000000e+05
4.733400000000000000e+04
4.011200000000000000e+04
1.074110000000000000e+05
7.391100000000000000e+04
8.195200000000000000e+04
6.814300000000000000e+04
8.212900000000000000e+04
4.290400000000000000e+04
7.437500000000000000e+04
1.238190000000000000e+05
8.556400000000000000e+04
9.832000000000000000e+03
3.435500000000000000e+04
7.430000000000000000e+03
1.391830000000000000e+05
6.119400000000000000e+04
6.721700000000000000e+04
2.510000000000000000e+02
1.535040000000000000e+05
7.040900000000000000e+04
8.052800000000000000e+04
9.352300000000000000e+04
1.613040000000000000e+05
4.926300000000000000e+04
7.482600000000000000e+04
9.331900000000000000e+04
1.043240000000000000e+05
2.695500000000000000e+04
1.563550000000000000e+05
1.540050000000000000e+05
1.189100000000000000e+05
1.473890000000000000e+05
1.136340000000000000e+05
1.146290000000000000e+05
8.340000000000000000e+04
7.288100000000000000e+04
1.291620000000000000e+05
1.037560000000000000e+05
1.604000000000000000e+03
1.250130000000000000e+05
1.501670000000000000e+05
2.242200000000000000e+04
4.295000000000000000e+03
1.640650000000000000e+05
1.535810000000000000e+05
9.062500000000000000e+04
8.050600000000000000e+04
1.107290000000000000e+05
1.162490000000000000e+05
7.728000000000000000e+04
2.259000000000000000e+04
4.526200000000000000e+04
1.188600000000000000e+04
1.213650000000000000e+05
8.987900000000000000e+04
1.575260000000000000e+05
1.944600000000000000e+04
9.676200000000000000e+04
9.364300000000000000e+04
6.033600000000000000e+04
1.642380000000000000e+05
1.148170000000000000e+05
1.191410000000000000e+05
1.384440000000000000e+05
1.020290000000000000e+05
1.175500000000000000e+04
4.281100000000000000e+04
1.000990000000000000e+05
1.487150000000000000e+05
2.649900000000000000e+04
1.469300000000000000e+04
1.490870000000000000e+05
1.587000000000000000e+03
9.371600000000000000e+04
1.458900000000000000e+05
1.115120000000000000e+05
3.995000000000000000e+03
1.170530000000000000e+05
1.585170000000000000e+05
6.331900000000000000e+04
6.731000000000000000e+04
1.636270000000000000e+05
4.892000000000000000e+04
1.658400000000000000e+05
5.532100000000000000e+04
5.614000000000000000e+03
8.727400000000000000e+04
3.947000000000000000e+04
1.319450000000000000e+05
5.240700000000000000e+04
8.572900000000000000e+04
9.816000000000000000e+04
1.036200000000000000e+04
2.085300000000000000e+04
9.997400000000000000e+04
9.276000000000000000e+04
2.548100000000000000e+04
1.468000000000000000e+04
8.794900000000000000e+04
7.777000000000000000e+04
7.852600000000000000e+04
7.948600000000000000e+04
1.049230000000000000e+05
1.428860000000000000e+05
1.535830000000000000e+05
8.446100000000000000e+04
1.558360000000000000e+05
6.665000000000000000e+03
9.196900000000000000e+04
1.406210000000000000e+05
4.887600000000000000e+04
2.841800000000000000e+04
1.245180000000000000e+05
1.429730000000000000e+05
7.535000000000000000e+03
5.234600000000000000e+04
3.101200000000000000e+04
4.307200000000000000e+04
1.641420000000000000e+05
1.664090000000000000e+05
6.508300000000000000e+04
3.951200000000000000e+04
1.313140000000000000e+05
1.110750000000000000e+05
1.268780000000000000e+05
7.854600000000000000e+04
1.060400000000000000e+04
1.464220000000000000e+05
1.010000000000000000e+02
1.451920000000000000e+05
1.556780000000000000e+05
1.086880000000000000e+05
8.741100000000000000e+04
7.648800000000000000e+04
6.369000000000000000e+03
7.053600000000000000e+04
1.717200000000000000e+04
7.314800000000000000e+04
1.414230000000000000e+05
8.548000000000000000e+03
6.055100000000000000e+04
1.130220000000000000e+05
6.969900000000000000e+04
3.501900000000000000e+04
1.359890000000000000e+05
4.566100000000000000e+04
1.452580000000000000e+05
4.001100000000000000e+04
1.365570000000000000e+05
1.503300000000000000e+04
1.413700000000000000e+04
7.512500000000000000e+04
1.267570000000000000e+05
3.257600000000000000e+04
5.990600000000000000e+04
7.165000000000000000e+04
3.202000000000000000e+04
7.791800000000000000e+04
8.888000000000000000e+04
1.257450000000000000e+05
1.508050000000000000e+05
2.113200000000000000e+04
2.323700000000000000e+04
8.216200000000000000e+04
2.347700000000000000e+04
1.551740000000000000e+05
1.125540000000000000e+05
1.641230000000000000e+05
1.065030000000000000e+05
1.381600000000000000e+04
1.331790000000000000e+05
6.310500000000000000e+04
1.400840000000000000e+05
2.896400000000000000e+04
5.331600000000000000e+04
1.555480000000000000e+05
8.431800000000000000e+04
1.419300000000000000e+05
5.367400000000000000e+04
1.266990000000000000e+05
2.148100000000000000e+04
1.514070000000000000e+05
1.531500000000000000e+05
1.207620000000000000e+05
1.183310000000000000e+05
1.039330000000000000e+05
8.518300000000000000e+04
1.419320000000000000e+05
1.495610000000000000e+05
1.375000000000000000e+03
7.420000000000000000e+03
9.541700000000000000e+04
7.006500000000000000e+04
5.330200000000000000e+04
2.174900000000000000e+04
1.146240000000000000e+05
1.556600000000000000e+05
5.218000000000000000e+04
3.352100000000000000e+04
4.992200000000000000e+04
1.907900000000000000e+04
5.596700000000000000e+04
4.673800000000000000e+04
7.046000000000000000e+04
1.579330000000000000e+05
8.405300000000000000e+04
2.747000000000000000e+03
1.454900000000000000e+04
2.547100000000000000e+04
7.241800000000000000e+04
1.119660000000000000e+05
7.954300000000000000e+04
1.463590000000000000e+05
5.936000000000000000e+04
9.073600000000000000e+04
9.774300000000000000e+04
1.344920000000000000e+05
1.442970000000000000e+05
1.305220000000000000e+05
1.674420000000000000e+05
7.980800000000000000e+04
1.498310000000000000e+05
1.566870000000000000e+05
4.308500000000000000e+04
3.704500000000000000e+04
1.299660000000000000e+05
1.474020000000000000e+05
8.533300000000000000e+04
8.151600000000000000e+04
6.960200000000000000e+04
1.266270000000000000e+05
1.130300000000000000e+05
7.781200000000000000e+04
8.820800000000000000e+04
1.414530000000000000e+05
3.124000000000000000e+04
1.063200000000000000e+04
8.229600000000000000e+04
1.590480000000000000e+05
1.065760000000000000e+05
1.431650000000000000e+05
1.422540000000000000e+05
1.445050000000000000e+05
1.680650000000000000e+05
9.339400000000000000e+04
3.511600000000000000e+04
8.118400000000000000e+04
1.428420000000000000e+05
4.347100000000000000e+04
9.979000000000000000e+03
1.327210000000000000e+05
3.574400000000000000e+04
3.519000000000000000e+03
6.865200000000000000e+04
1.529760000000000000e+05
1.138810000000000000e+05
2.244800000000000000e+04
7.722000000000000000e+03
5.462600000000000000e+04
2.572500000000000000e+04
1.199550000000000000e+05
1.238920000000000000e+05
1.689290000000000000e+05
1.478250000000000000e+05
1.650420000000000000e+05
1.633840000000000000e+05
6.307400000000000000e+04
1.035300000000000000e+05
1.590850000000000000e+05
4.480300000000000000e+04
1.193000000000000000e+05
7.647600000000000000e+04
3.168700000000000000e+04
1.945300000000000000e+04
8.818600000000000000e+04
7.044000000000000000e+04
3.205000000000000000e+03
6.952200000000000000e+04
1.453840000000000000e+05
4.698100000000000000e+04
7.488400000000000000e+04
1.014200000000000000e+05
1.222700000000000000e+04
4.773200000000000000e+04
4.673000000000000000e+03
9.851000000000000000e+04
1.603390000000000000e+05
9.857300000000000000e+04
9.597300000000000000e+04
5.059800000000000000e+04
1.385230000000000000e+05
1.485090000000000000e+05
6.617000000000000000e+04
6.066600000000000000e+04
2.023200000000000000e+04
1.177320000000000000e+05
4.926000000000000000e+03
1.339410000000000000e+05
4.201400000000000000e+04
1.313880000000000000e+05
1.190350000000000000e+05
5.828100000000000000e+04
3.777200000000000000e+04
3.534000000000000000e+04
1.054650000000000000e+05
1.511280000000000000e+05
9.803300000000000000e+04
1.241440000000000000e+05
6.072000000000000000e+03
6.467400000000000000e+04
1.375100000000000000e+05
4.632300000000000000e+04
6.235300000000000000e+04
1.584870000000000000e+05
9.022600000000000000e+04
1.084530000000000000e+05
1.133690000000000000e+05
9.778800000000000000e+04
1.290300000000000000e+05
5.535300000000000000e+04
1.026440000000000000e+05
5.718600000000000000e+04
1.561610000000000000e+05
1.410760000000000000e+05
1.284120000000000000e+05
4.998000000000000000e+04
4.208600000000000000e+04
4.647300000000000000e+04
6.192500000000000000e+04
1.643410000000000000e+05
1.539700000000000000e+04
1.045170000000000000e+05
1.098670000000000000e+05
1.415660000000000000e+05
5.549100000000000000e+04
8.076900000000000000e+04
4.274500000000000000e+04
2.473900000000000000e+04
3.803100000000000000e+04
1.334540000000000000e+05
3.156700000000000000e+04
5.047300000000000000e+04
8.114900000000000000e+04
8.775300000000000000e+04
7.694100000000000000e+04
1.419080000000000000e+05
1.417510000000000000e+05
1.135300000000000000e+05
3.185300000000000000e+04
8.701500000000000000e+04
1.458440000000000000e+05
1.633060000000000000e+05
2.143100000000000000e+04
8.869700000000000000e+04
2.930900000000000000e+04
8.332900000000000000e+04
1.256870000000000000e+05
5.395800000000000000e+04
5.255000000000000000e+03
1.472820000000000000e+05
1.670710000000000000e+05
1.346470000000000000e+05
6.372600000000000000e+04
3.766100000000000000e+04
9.831000000000000000e+04
1.104370000000000000e+05
1.281800000000000000e+05
1.483050000000000000e+05
1.548700000000000000e+04
1.002360000000000000e+05
1.493700000000000000e+04
9.184500000000000000e+04
9.505000000000000000e+03
1.555890000000000000e+05
6.382900000000000000e+04
1.227140000000000000e+05
7.130700000000000000e+04
1.162090000000000000e+05
2.862000000000000000e+03
4.409000000000000000e+03
1.570720000000000000e+05
6.135800000000000000e+04
4.613000000000000000e+03
3.954500000000000000e+04
1.396290000000000000e+05
1.556110000000000000e+05
4.443000000000000000e+04
6.955600000000000000e+04
3.368200000000000000e+04
4.355700000000000000e+04
1.142150000000000000e+05
8.157300000000000000e+04
5.470300000000000000e+04
1.150530000000000000e+05
1.126300000000000000e+04
6.093200000000000000e+04
1.365700000000000000e+04
9.011500000000000000e+04
2.608200000000000000e+04
2.273400000000000000e+04
7.584100000000000000e+04
1.162840000000000000e+05
1.435260000000000000e+05
1.684900000000000000e+04
8.484700000000000000e+04
7.577000000000000000e+04
5.968600000000000000e+04
1.278600000000000000e+04
1.162590000000000000e+05
5.753700000000000000e+04
1.103080000000000000e+05
8.120900000000000000e+04
1.466830000000000000e+05
9.281700000000000000e+04
1.259210000000000000e+05
1.552530000000000000e+05
1.129040000000000000e+05
1.978000000000000000e+04
2.222000000000000000e+04
1.462280000000000000e+05
1.317630000000000000e+05
1.586900000000000000e+05
6.743300000000000000e+04
3.518000000000000000e+04
8.771800000000000000e+04
6.330100000000000000e+04
1.565370000000000000e+05
2.207000000000000000e+04
1.056970000000000000e+05
7.548700000000000000e+04
1.528890000000000000e+05
3.335400000000000000e+04
1.171050000000000000e+05
3.398900000000000000e+04
1.251760000000000000e+05
1.527840000000000000e+05
1.145590000000000000e+05
4.916000000000000000e+03
1.248800000000000000e+04
6.025800000000000000e+04
1.544850000000000000e+05
8.310500000000000000e+04
1.384500000000000000e+04
3.499200000000000000e+04
9.219400000000000000e+04
1.691090000000000000e+05
3.476600000000000000e+04
1.501900000000000000e+04
1.153790000000000000e+05
7.390000000000000000e+03
1.027880000000000000e+05
1.240080000000000000e+05
9.367100000000000000e+04
1.209790000000000000e+05
7.582200000000000000e+04
1.655490000000000000e+05
4.080200000000000000e+04
2.800800000000000000e+04
1.206250000000000000e+05
1.105820000000000000e+05
1.122970000000000000e+05
7.273900000000000000e+04
5.747000000000000000e+03
9.208600000000000000e+04
8.607900000000000000e+04
2.352500000000000000e+04
8.735800000000000000e+04
1.399210000000000000e+05
1.575300000000000000e+05
1.242870000000000000e+05
7.090200000000000000e+04
2.651100000000000000e+04
7.706200000000000000e+04
5.990500000000000000e+04
8.333800000000000000e+04
4.931400000000000000e+04
8.586700000000000000e+04
2.751400000000000000e+04
1.310390000000000000e+05
6.766300000000000000e+04
1.395000000000000000e+04
1.388500000000000000e+05
9.240800000000000000e+04
1.459610000000000000e+05
1.069130000000000000e+05
1.256670000000000000e+05
5.238100000000000000e+04
1.026210000000000000e+05
6.714800000000000000e+04
2.615600000000000000e+04
1.156630000000000000e+05
1.506130000000000000e+05
8.812100000000000000e+04
1.213680000000000000e+05
1.325240000000000000e+05
1.011530000000000000e+05
1.256760000000000000e+05
5.749800000000000000e+04
7.777100000000000000e+04
3.054200000000000000e+04
1.515880000000000000e+05
1.350490000000000000e+05
5.776700000000000000e+04
6.493700000000000000e+04
4.631000000000000000e+04
1.093390000000000000e+05
1.100580000000000000e+05
1.485000000000000000e+04
8.497000000000000000e+03
3.094900000000000000e+04
1.576240000000000000e+05
7.425200000000000000e+04
1.008300000000000000e+05
3.987800000000000000e+04
9.232700000000000000e+04
8.163000000000000000e+04
8.881800000000000000e+04
1.689470000000000000e+05
7.566900000000000000e+04
5.039400000000000000e+04
1.253140000000000000e+05
1.412400000000000000e+04
1.470650000000000000e+05
2.758100000000000000e+04
1.153890000000000000e+05
1.527170000000000000e+05
6.046200000000000000e+04
1.242750000000000000e+05
8.561800000000000000e+04
1.018530000000000000e+05
4.519300000000000000e+04
2.909300000000000000e+04
1.354730000000000000e+05
1.465970000000000000e+05
1.519720000000000000e+05
5.662800000000000000e+04
1.648220000000000000e+05
2.686100000000000000e+04
5.671400000000000000e+04
1.252920000000000000e+05
1.225650000000000000e+05
1.538030000000000000e+05
2.698800000000000000e+04
9.497100000000000000e+04
3.085200000000000000e+04
1.183640000000000000e+05
8.877100000000000000e+04
1.560300000000000000e+04
1.175910000000000000e+05
1.698500000000000000e+04
1.539810000000000000e+05
4.209500000000000000e+04
1.040220000000000000e+05
5.066800000000000000e+04
9.316700000000000000e+04
7.900000000000000000e+02
4.401000000000000000e+03
1.409300000000000000e+05
1.928700000000000000e+04
1.192250000000000000e+05
1.047520000000000000e+05
4.680100000000000000e+04
5.589300000000000000e+04
1.315940000000000000e+05
1.588570000000000000e+05
9.968200000000000000e+04
6.805600000000000000e+04
8.384700000000000000e+04
9.238700000000000000e+04
6.832600000000000000e+04
1.350020000000000000e+05
5.179400000000000000e+04
2.018000000000000000e+04
7.153000000000000000e+03
6.359200000000000000e+04
1.445160000000000000e+05
1.251410000000000000e+05
1.290720000000000000e+05
3.892300000000000000e+04
2.611700000000000000e+04
5.119900000000000000e+04
1.330400000000000000e+05
7.876000000000000000e+04
1.109750000000000000e+05
1.192300000000000000e+05
2.753400000000000000e+04
6.754900000000000000e+04
1.595150000000000000e+05
4.064600000000000000e+04
1.689480000000000000e+05
5.539400000000000000e+04
1.256110000000000000e+05
1.140800000000000000e+04
2.868000000000000000e+03
6.449700000000000000e+04
8.561600000000000000e+04
1.504950000000000000e+05
1.904600000000000000e+04
1.464760000000000000e+05
8.241000000000000000e+03
9.949800000000000000e+04
5.948200000000000000e+04
5.402900000000000000e+04
1.463560000000000000e+05
2.254000000000000000e+04
1.047190000000000000e+05
1.277780000000000000e+05
1.094070000000000000e+05
1.476580000000000000e+05
1.221980000000000000e+05
9.294500000000000000e+04
1.585240000000000000e+05
3.016000000000000000e+03
1.505410000000000000e+05
1.320750000000000000e+05
1.386830000000000000e+05
1.016350000000000000e+05
1.201840000000000000e+05
1.932200000000000000e+04
1.523370000000000000e+05
1.396000000000000000e+03
1.053350000000000000e+05
1.256470000000000000e+05
8.816100000000000000e+04
3.390100000000000000e+04
5.551100000000000000e+04
1.356270000000000000e+05
1.650490000000000000e+05
1.224500000000000000e+04
7.241300000000000000e+04
2.434000000000000000e+03
7.922300000000000000e+04
4.379900000000000000e+04
1.533100000000000000e+04
1.453150000000000000e+05
6.992000000000000000e+03
1.582310000000000000e+05
3.365300000000000000e+04
3.045600000000000000e+04
3.306600000000000000e+04
1.270650000000000000e+05
6.329200000000000000e+04
9.723200000000000000e+04
2.260600000000000000e+04
7.978300000000000000e+04
1.287200000000000000e+04
9.292200000000000000e+04
1.398390000000000000e+05
1.283500000000000000e+05
9.219000000000000000e+03
6.496600000000000000e+04
7.120600000000000000e+04
1.019810000000000000e+05
9.912000000000000000e+03
1.468130000000000000e+05
1.311090000000000000e+05
1.632340000000000000e+05
4.121100000000000000e+04
1.688500000000000000e+05
1.106030000000000000e+05
1.272170000000000000e+05
1.683560000000000000e+05
6.073000000000000000e+04
1.504280000000000000e+05
5.162300000000000000e+04
1.561290000000000000e+05
1.005610000000000000e+05
4.651000000000000000e+03
6.181900000000000000e+04
1.108860000000000000e+05
1.321700000000000000e+04
2.649100000000000000e+04
1.397290000000000000e+05
1.189890000000000000e+05
9.919100000000000000e+04
2.928600000000000000e+04
1.730000000000000000e+03
9.882100000000000000e+04
7.554500000000000000e+04
1.441270000000000000e+05
2.569600000000000000e+04
7.308500000000000000e+04
1.529000000000000000e+04
3.456500000000000000e+04
7.298000000000000000e+03
1.343830000000000000e+05
1.656430000000000000e+05
1.635920000000000000e+05
1.726800000000000000e+04
2.030300000000000000e+04
4.365000000000000000e+03
1.319560000000000000e+05
1.560930000000000000e+05
1.392670000000000000e+05
1.520150000000000000e+05
1.614520000000000000e+05
6.340200000000000000e+04
1.225370000000000000e+05
1.517140000000000000e+05
8.605900000000000000e+04
3.434000000000000000e+03
5.657200000000000000e+04
1.283480000000000000e+05
4.822000000000000000e+03
8.824700000000000000e+04
1.556380000000000000e+05
1.201550000000000000e+05
6.252000000000000000e+04
1.596020000000000000e+05
3.131400000000000000e+04
2.330200000000000000e+04
6.384800000000000000e+04
2.374900000000000000e+04
9.379200000000000000e+04
7.491900000000000000e+04
1.561570000000000000e+05
6.511200000000000000e+04
1.664560000000000000e+05
1.572740000000000000e+05
4.324400000000000000e+04
7.773500000000000000e+04
4.867900000000000000e+04
4.498200000000000000e+04
1.275710000000000000e+05
1.122070000000000000e+05
1.458010000000000000e+05
1.041070000000000000e+05
2.432500000000000000e+04
9.691900000000000000e+04
7.585400000000000000e+04
1.520420000000000000e+05
6.052200000000000000e+04
1.477790000000000000e+05
1.582990000000000000e+05
5.530800000000000000e+04
7.252000000000000000e+04
8.696400000000000000e+04
8.432100000000000000e+04
1.007290000000000000e+05
7.640400000000000000e+04
7.451900000000000000e+04
8.602800000000000000e+04
1.991200000000000000e+04
1.039630000000000000e+05
3.033800000000000000e+04
7.476400000000000000e+04
5.604500000000000000e+04
5.535900000000000000e+04
6.992700000000000000e+04
7.250000000000000000e+03
1.174010000000000000e+05
4.253400000000000000e+04
3.881900000000000000e+04
1.126800000000000000e+04
6.074400000000000000e+04
6.628900000000000000e+04
1.122860000000000000e+05
1.554450000000000000e+05
1.479960000000000000e+05
1.313900000000000000e+05
2.030700000000000000e+04
5.854800000000000000e+04
6.285600000000000000e+04
1.394200000000000000e+04
8.092000000000000000e+04
9.878400000000000000e+04
3.291200000000000000e+04
2.613100000000000000e+04
4.397700000000000000e+04
7.497700000000000000e+04
1.053270000000000000e+05
1.127680000000000000e+05
1.433810000000000000e+05
6.586500000000000000e+04
1.520700000000000000e+05
2.989700000000000000e+04
6.476000000000000000e+04
2.383000000000000000e+03
5.268700000000000000e+04
1.690910000000000000e+05
1.393200000000000000e+05
1.505630000000000000e+05
6.963600000000000000e+04
6.231000000000000000e+03
1.552290000000000000e+05
3.446000000000000000e+04
1.155720000000000000e+05
2.873300000000000000e+04
4.261500000000000000e+04
6.503800000000000000e+04
6.339100000000000000e+04
1.474130000000000000e+05
7.148500000000000000e+04
7.653300000000000000e+04
3.963100000000000000e+04
1.550550000000000000e+05
9.966000000000000000e+03
6.372900000000000000e+04
1.599650000000000000e+05
3.913300000000000000e+04
2.789100000000000000e+04
1.817200000000000000e+04
1.586360000000000000e+05
8.311100000000000000e+04
5.756300000000000000e+04
7.934100000000000000e+04
3.982000000000000000e+04
1.544550000000000000e+05
1.319800000000000000e+04
5.288600000000000000e+04
1.401940000000000000e+05
1.474170000000000000e+05
1.491620000000000000e+05
9.698600000000000000e+04
8.978300000000000000e+04
1.200140000000000000e+05
8.932100000000000000e+04
5.681100000000000000e+04
2.113000000000000000e+03
1.088970000000000000e+05
5.391100000000000000e+04
1.404800000000000000e+04
8.257200000000000000e+04
5.815300000000000000e+04
1.021490000000000000e+05
8.168300000000000000e+04
1.688860000000000000e+05
1.267450000000000000e+05
1.515430000000000000e+05
1.278120000000000000e+05
6.590800000000000000e+04
1.122670000000000000e+05
8.150100000000000000e+04
1.102900000000000000e+04
1.371800000000000000e+05
1.359600000000000000e+05
2.738700000000000000e+04
1.105600000000000000e+05
6.051100000000000000e+04
1.304960000000000000e+05
1.118640000000000000e+05
1.146520000000000000e+05
1.843100000000000000e+04
1.631900000000000000e+05
1.302820000000000000e+05
1.370300000000000000e+04
1.042130000000000000e+05
1.463810000000000000e+05
5.240000000000000000e+04
1.670400000000000000e+04
8.969900000000000000e+04
8.968300000000000000e+04
1.558680000000000000e+05
6.464800000000000000e+04
1.384630000000000000e+05
1.929000000000000000e+04
7.657600000000000000e+04
7.389000000000000000e+03
2.416600000000000000e+04
1.659000000000000000e+05
1.441850000000000000e+05
3.132300000000000000e+04
6.348400000000000000e+04
3.599900000000000000e+04
2.232500000000000000e+04
1.519800000000000000e+04
1.466130000000000000e+05
1.277210000000000000e+05
1.238790000000000000e+05
4.485400000000000000e+04
1.468440000000000000e+05
9.401400000000000000e+04
1.170600000000000000e+04
1.508520000000000000e+05
1.437150000000000000e+05
7.191700000000000000e+04
1.061830000000000000e+05
2.892000000000000000e+03
6.862300000000000000e+04
1.550380000000000000e+05
1.132710000000000000e+05
1.557830000000000000e+05
8.473400000000000000e+04
1.039490000000000000e+05
5.216200000000000000e+04
1.248440000000000000e+05
6.825100000000000000e+04
3.316700000000000000e+04
1.665670000000000000e+05
9.111000000000000000e+03
7.921600000000000000e+04
1.348110000000000000e+05
9.799900000000000000e+04
1.456900000000000000e+05
1.562320000000000000e+05
1.967000000000000000e+03
1.213610000000000000e+05
1.352220000000000000e+05
1.635540000000000000e+05
1.353300000000000000e+05
1.251800000000000000e+05
9.840500000000000000e+04
1.291360000000000000e+05
1.851000000000000000e+04
4.197700000000000000e+04
8.746600000000000000e+04
1.609650000000000000e+05
7.034800000000000000e+04
1.207660000000000000e+05
2.895300000000000000e+04
9.318000000000000000e+03
1.597390000000000000e+05
9.143700000000000000e+04
4.286600000000000000e+04
9.995200000000000000e+04
4.271600000000000000e+04
1.064100000000000000e+05
5.854500000000000000e+04
5.787300000000000000e+04
1.410770000000000000e+05
1.564590000000000000e+05
5.939400000000000000e+04
1.385200000000000000e+05
1.060140000000000000e+05
5.145000000000000000e+04
6.011100000000000000e+04
4.558500000000000000e+04
2.775800000000000000e+04
1.397020000000000000e+05
2.006600000000000000e+04
1.166450000000000000e+05
1.454690000000000000e+05
1.507420000000000000e+05
1.957400000000000000e+04
1.059810000000000000e+05
9.824400000000000000e+04
4.446800000000000000e+04
1.642450000000000000e+05
5.981100000000000000e+04
5.941700000000000000e+04
1.833400000000000000e+04
1.167370000000000000e+05
6.747000000000000000e+03
3.361400000000000000e+04
4.082000000000000000e+03
3.460600000000000000e+04
4.875900000000000000e+04
1.557960000000000000e+05
1.438740000000000000e+05
1.483650000000000000e+05
6.656700000000000000e+04
7.999000000000000000e+03
9.402800000000000000e+04
1.150100000000000000e+05
6.341600000000000000e+04
3.046000000000000000e+04
4.805800000000000000e+04
1.435290000000000000e+05
8.594600000000000000e+04
1.177980000000000000e+05
8.935400000000000000e+04
3.946900000000000000e+04
2.907900000000000000e+04
1.169720000000000000e+05
6.330000000000000000e+03
2.773600000000000000e+04
1.112980000000000000e+05
5.094000000000000000e+03
2.477800000000000000e+04
1.482290000000000000e+05
1.647400000000000000e+05
9.884800000000000000e+04
1.068250000000000000e+05
6.998000000000000000e+03
7.946600000000000000e+04
2.546100000000000000e+04
1.036110000000000000e+05
9.531600000000000000e+04
1.685240000000000000e+05
1.163350000000000000e+05
1.245940000000000000e+05
3.436900000000000000e+04
1.618780000000000000e+05
4.436000000000000000e+03
1.539390000000000000e+05
8.157800000000000000e+04
5.467500000000000000e+04
2.680500000000000000e+04
7.164900000000000000e+04
1.860600000000000000e+04
6.056100000000000000e+04
1.101110000000000000e+05
6.729800000000000000e+04
1.529000000000000000e+05
1.385060000000000000e+05
7.519400000000000000e+04
1.345220000000000000e+05
1.028220000000000000e+05
1.357600000000000000e+04
1.256980000000000000e+05
6.045300000000000000e+04
1.263010000000000000e+05
5.471000000000000000e+04
1.205330000000000000e+05
9.844700000000000000e+04
1.471860000000000000e+05
8.630000000000000000e+02
5.712700000000000000e+04
8.661800000000000000e+04
1.332360000000000000e+05
8.816200000000000000e+04
1.811400000000000000e+04
4.712200000000000000e+04
1.182970000000000000e+05
1.353200000000000000e+04
1.357920000000000000e+05
6.210300000000000000e+04
3.823200000000000000e+04
6.306000000000000000e+04
7.260000000000000000e+04
6.251400000000000000e+04
5.557800000000000000e+04
1.334000000000000000e+03
1.050690000000000000e+05
7.595800000000000000e+04
7.182600000000000000e+04
8.910000000000000000e+02
4.411400000000000000e+04
1.088520000000000000e+05
1.680180000000000000e+05
2.576000000000000000e+04
1.078370000000000000e+05
1.166520000000000000e+05
1.466880000000000000e+05
1.596620000000000000e+05
6.253400000000000000e+04
1.300550000000000000e+05
1.227000000000000000e+03
5.523200000000000000e+04
8.518500000000000000e+04
7.960900000000000000e+04
4.096700000000000000e+04
3.004200000000000000e+04
5.939300000000000000e+04
1.624100000000000000e+04
4.568400000000000000e+04
1.185180000000000000e+05
1.083150000000000000e+05
1.040590000000000000e+05
1.563970000000000000e+05
5.498100000000000000e+04
1.167560000000000000e+05
1.305860000000000000e+05
8.397800000000000000e+04
1.268930000000000000e+05
1.618100000000000000e+04
1.173420000000000000e+05
8.005000000000000000e+03
1.221940000000000000e+05
8.218100000000000000e+04
8.281000000000000000e+04
2.374000000000000000e+03
5.454700000000000000e+04
2.975000000000000000e+04
1.425650000000000000e+05
1.162920000000000000e+05
1.046310000000000000e+05
7.029500000000000000e+04
2.784000000000000000e+03
1.362900000000000000e+04
8.176300000000000000e+04
7.669000000000000000e+04
2.581800000000000000e+04
1.489760000000000000e+05
1.547410000000000000e+05
7.139200000000000000e+04
1.558450000000000000e+05
1.241700000000000000e+05
3.526100000000000000e+04
1.221070000000000000e+05
1.561940000000000000e+05
8.046600000000000000e+04
1.411730000000000000e+05
1.727100000000000000e+04
7.247600000000000000e+04
1.152090000000000000e+05
6.049200000000000000e+04
1.097310000000000000e+05
3.604200000000000000e+04
9.416400000000000000e+04
3.526800000000000000e+04
5.291500000000000000e+04
1.429570000000000000e+05
1.238650000000000000e+05
1.358030000000000000e+05
1.478450000000000000e+05
1.216930000000000000e+05
9.760800000000000000e+04
4.148600000000000000e+04
1.588970000000000000e+05
8.053000000000000000e+03
1.535890000000000000e+05
6.307800000000000000e+04
1.145230000000000000e+05
6.318500000000000000e+04
1.572790000000000000e+05
1.799700000000000000e+04
7.515300000000000000e+04
8.464500000000000000e+04
1.616800000000000000e+04
1.579600000000000000e+04
1.258480000000000000e+05
1.244230000000000000e+05
5.916000000000000000e+04
1.877900000000000000e+04
4.104300000000000000e+04
1.042340000000000000e+05
1.216440000000000000e+05
7.630700000000000000e+04
1.028310000000000000e+05
1.456630000000000000e+05
1.457330000000000000e+05
1.049900000000000000e+04
1.271610000000000000e+05
1.539960000000000000e+05
1.244760000000000000e+05
6.851500000000000000e+04
1.103370000000000000e+05
6.646300000000000000e+04
1.666310000000000000e+05
1.310940000000000000e+05
1.244910000000000000e+05
1.551670000000000000e+05
1.178130000000000000e+05
1.508880000000000000e+05
1.081360000000000000e+05
1.379180000000000000e+05
2.221400000000000000e+04
1.478640000000000000e+05
4.910500000000000000e+04
1.556690000000000000e+05
1.398540000000000000e+05
1.181740000000000000e+05
4.200400000000000000e+04
1.090350000000000000e+05
6.323700000000000000e+04
2.000100000000000000e+04
9.173000000000000000e+04
1.189640000000000000e+05
1.524340000000000000e+05
1.423690000000000000e+05
7.852100000000000000e+04
8.071300000000000000e+04
3.506000000000000000e+03
9.057100000000000000e+04
1.107900000000000000e+05
9.945500000000000000e+04
1.519200000000000000e+05
1.509000000000000000e+03
9.879700000000000000e+04
3.297000000000000000e+03
8.248200000000000000e+04
8.162000000000000000e+04
2.350000000000000000e+02
2.634200000000000000e+04
5.408100000000000000e+04
1.205400000000000000e+05
2.081200000000000000e+04
8.896500000000000000e+04
1.689680000000000000e+05
4.193800000000000000e+04
8.901800000000000000e+04
1.598840000000000000e+05
1.654840000000000000e+05
1.228600000000000000e+04
1.378910000000000000e+05
9.416000000000000000e+03
1.244710000000000000e+05
1.261760000000000000e+05
7.233900000000000000e+04
1.603150000000000000e+05
1.551210000000000000e+05
1.258180000000000000e+05
2.432000000000000000e+04
1.283160000000000000e+05
6.359600000000000000e+04
2.744900000000000000e+04
1.662380000000000000e+05
2.071800000000000000e+04
1.146600000000000000e+05
6.341900000000000000e+04
1.022000000000000000e+03
8.556300000000000000e+04
1.579880000000000000e+05
1.578060000000000000e+05
4.238000000000000000e+03
1.508090000000000000e+05
1.211460000000000000e+05
7.280600000000000000e+04
3.281100000000000000e+04
1.498180000000000000e+05
1.474530000000000000e+05
7.829100000000000000e+04
1.427040000000000000e+05
1.533600000000000000e+04
4.274200000000000000e+04
9.977300000000000000e+04
1.662370000000000000e+05
4.650300000000000000e+04
7.468500000000000000e+04
1.611460000000000000e+05
1.323890000000000000e+05
4.163400000000000000e+04
2.929800000000000000e+04
1.163360000000000000e+05
1.567360000000000000e+05
8.311000000000000000e+04
4.736100000000000000e+04
1.405550000000000000e+05
1.196510000000000000e+05
9.927700000000000000e+04
1.328940000000000000e+05
1.669330000000000000e+05
5.136500000000000000e+04
1.138140000000000000e+05
1.066070000000000000e+05
1.452140000000000000e+05
7.744000000000000000e+03
1.689990000000000000e+05
1.041200000000000000e+05
9.010000000000000000e+03
5.845800000000000000e+04
1.019080000000000000e+05
9.329900000000000000e+04
1.284890000000000000e+05
9.391600000000000000e+04
1.372240000000000000e+05
6.685300000000000000e+04
1.293210000000000000e+05
1.323350000000000000e+05
1.248200000000000000e+04
2.402000000000000000e+03
1.378000000000000000e+05
1.284920000000000000e+05
1.072310000000000000e+05
1.429780000000000000e+05
5.894600000000000000e+04
9.935700000000000000e+04
1.380730000000000000e+05
1.427580000000000000e+05
2.214500000000000000e+04
1.561270000000000000e+05
8.201000000000000000e+03
5.793000000000000000e+03
9.629200000000000000e+04
1.320080000000000000e+05
7.850300000000000000e+04
4.999600000000000000e+04
1.357530000000000000e+05
1.253780000000000000e+05
1.216450000000000000e+05
4.876800000000000000e+04
1.504700000000000000e+05
2.147000000000000000e+03
1.254830000000000000e+05
2.947500000000000000e+04
1.156850000000000000e+05
2.350400000000000000e+04
3.580400000000000000e+04
4.528600000000000000e+04
1.318700000000000000e+05
1.383670000000000000e+05
1.586420000000000000e+05
6.251300000000000000e+04
2.681100000000000000e+04
1.528160000000000000e+05
1.061200000000000000e+05
1.428920000000000000e+05
1.132500000000000000e+04
8.095600000000000000e+04
2.721600000000000000e+04
4.716000000000000000e+03
1.578900000000000000e+04
5.740000000000000000e+03
1.384510000000000000e+05
1.676240000000000000e+05
1.122200000000000000e+04
1.140780000000000000e+05
1.530600000000000000e+05
1.548820000000000000e+05
8.527200000000000000e+04
1.178750000000000000e+05
1.369940000000000000e+05
1.578180000000000000e+05
1.506750000000000000e+05
1.181360000000000000e+05
3.595900000000000000e+04
1.059800000000000000e+05
7.484900000000000000e+04
6.332000000000000000e+04
8.160000000000000000e+02
7.117100000000000000e+04
5.500600000000000000e+04
7.047600000000000000e+04
1.239960000000000000e+05
1.508940000000000000e+05
1.056700000000000000e+05
3.628000000000000000e+03
1.003520000000000000e+05
7.742100000000000000e+04
6.075000000000000000e+03
1.538760000000000000e+05
8.382100000000000000e+04
1.472770000000000000e+05
1.298990000000000000e+05
1.467410000000000000e+05
6.472900000000000000e+04
5.397400000000000000e+04
1.756500000000000000e+04
7.776900000000000000e+04
5.544600000000000000e+04
2.916400000000000000e+04
1.175220000000000000e+05
4.892700000000000000e+04
1.367580000000000000e+05
3.291000000000000000e+03
1.675370000000000000e+05
3.394300000000000000e+04
4.749400000000000000e+04
1.183220000000000000e+05
8.291000000000000000e+04
4.560400000000000000e+04
7.436900000000000000e+04
2.929200000000000000e+04
1.217990000000000000e+05
1.237870000000000000e+05
2.564500000000000000e+04
3.356800000000000000e+04
3.505900000000000000e+04
1.559620000000000000e+05
5.438700000000000000e+04
2.344500000000000000e+04
1.045300000000000000e+05
1.120300000000000000e+05
1.197750000000000000e+05
7.263300000000000000e+04
4.299200000000000000e+04
1.102860000000000000e+05
1.572330000000000000e+05
1.108260000000000000e+05
1.605100000000000000e+04
1.225050000000000000e+05
9.544800000000000000e+04
1.059700000000000000e+05
7.466500000000000000e+04
1.139360000000000000e+05
1.390570000000000000e+05
1.336020000000000000e+05
1.613400000000000000e+05
1.140340000000000000e+05
7.326300000000000000e+04
1.121480000000000000e+05
8.782700000000000000e+04
1.126490000000000000e+05
1.074730000000000000e+05
4.246000000000000000e+04
1.874500000000000000e+04
1.628610000000000000e+05
7.065400000000000000e+04
5.660400000000000000e+04
1.055420000000000000e+05
1.529920000000000000e+05
1.086020000000000000e+05
1.138770000000000000e+05
1.405000000000000000e+03
1.403190000000000000e+05
5.315900000000000000e+04
1.479300000000000000e+05
1.029390000000000000e+05
4.780700000000000000e+04
2.148900000000000000e+04
8.553100000000000000e+04
9.129000000000000000e+04
1.459420000000000000e+05
1.452230000000000000e+05
8.814300000000000000e+04
1.405280000000000000e+05
1.119910000000000000e+05
9.673300000000000000e+04
1.297860000000000000e+05
1.364500000000000000e+04
2.225800000000000000e+04
1.541190000000000000e+05
2.616000000000000000e+03
1.519610000000000000e+05
4.796000000000000000e+04
1.367680000000000000e+05
6.169700000000000000e+04
1.531510000000000000e+05
1.326220000000000000e+05
8.273800000000000000e+04
6.273100000000000000e+04
1.074120000000000000e+05
1.493300000000000000e+04
3.169700000000000000e+04
1.082080000000000000e+05
1.068890000000000000e+05
1.168360000000000000e+05
8.039100000000000000e+04
1.534600000000000000e+04
1.239260000000000000e+05
1.172340000000000000e+05
4.651200000000000000e+04
1.088790000000000000e+05
1.083660000000000000e+05
1.681100000000000000e+04
1.451840000000000000e+05
2.321000000000000000e+03
1.496640000000000000e+05
3.915200000000000000e+04
7.515600000000000000e+04
1.213890000000000000e+05
1.492230000000000000e+05
1.150330000000000000e+05
2.648600000000000000e+04
1.538170000000000000e+05
7.935000000000000000e+04
7.768500000000000000e+04
5.650000000000000000e+02
3.448900000000000000e+04
1.120170000000000000e+05
1.724500000000000000e+04
7.835400000000000000e+04
1.315170000000000000e+05
1.285830000000000000e+05
1.462900000000000000e+04
1.337740000000000000e+05
1.683810000000000000e+05
4.211000000000000000e+04
4.940700000000000000e+04
1.475290000000000000e+05
5.599100000000000000e+04
5.731600000000000000e+04
1.222160000000000000e+05
8.353400000000000000e+04
1.384390000000000000e+05
2.198500000000000000e+04
9.794900000000000000e+04
1.925800000000000000e+04
1.561150000000000000e+05
1.551150000000000000e+05
3.846400000000000000e+04
1.121250000000000000e+05
1.478200000000000000e+05
6.504500000000000000e+04
4.762800000000000000e+04
1.407660000000000000e+05
1.008950000000000000e+05
1.354050000000000000e+05
1.351200000000000000e+05
5.245600000000000000e+04
6.760900000000000000e+04
1.088210000000000000e+05
1.020410000000000000e+05
1.081500000000000000e+04
1.511390000000000000e+05
1.470040000000000000e+05
4.823400000000000000e+04
6.728200000000000000e+04
3.948700000000000000e+04
1.406570000000000000e+05
1.531280000000000000e+05
1.580120000000000000e+05
1.516920000000000000e+05
3.887800000000000000e+04
6.491100000000000000e+04
2.596200000000000000e+04
3.221000000000000000e+04
4.085200000000000000e+04
5.949900000000000000e+04
2.047800000000000000e+04
1.543610000000000000e+05
1.387920000000000000e+05
6.467600000000000000e+04
3.853200000000000000e+04
7.116100000000000000e+04
1.144620000000000000e+05
1.024680000000000000e+05
7.126200000000000000e+04
1.192340000000000000e+05
3.768900000000000000e+04
1.511800000000000000e+05
2.087500000000000000e+04
1.454100000000000000e+04
5.448800000000000000e+04
2.373000000000000000e+03
1.003160000000000000e+05
1.666760000000000000e+05
8.841400000000000000e+04
1.093300000000000000e+04
4.972700000000000000e+04
6.536400000000000000e+04
9.738000000000000000e+04
1.616460000000000000e+05
1.403420000000000000e+05
1.212510000000000000e+05
6.613800000000000000e+04
8.847200000000000000e+04
1.153640000000000000e+05
3.185600000000000000e+04
5.401100000000000000e+04
1.290400000000000000e+05
3.842600000000000000e+04
4.945600000000000000e+04
2.084100000000000000e+04
1.297600000000000000e+05
3.635500000000000000e+04
3.850600000000000000e+04
3.402500000000000000e+04
1.308770000000000000e+05
4.803000000000000000e+03
1.119100000000000000e+04
5.483500000000000000e+04
1.270840000000000000e+05
1.274600000000000000e+04
1.585900000000000000e+05
1.061860000000000000e+05
5.260100000000000000e+04
8.498000000000000000e+03
3.669400000000000000e+04
6.517900000000000000e+04
6.031300000000000000e+04
1.120330000000000000e+05
7.715900000000000000e+04
6.191300000000000000e+04
5.091500000000000000e+04
5.853600000000000000e+04
3.519300000000000000e+04
1.558100000000000000e+04
6.931800000000000000e+04
6.023300000000000000e+04
9.762600000000000000e+04
1.449100000000000000e+05
6.375900000000000000e+04
9.036500000000000000e+04
2.735300000000000000e+04
2.296200000000000000e+04
8.481100000000000000e+04
1.313650000000000000e+05
6.323800000000000000e+04
6.357000000000000000e+04
8.245000000000000000e+03
1.235340000000000000e+05
4.128200000000000000e+04
8.819900000000000000e+04
5.338900000000000000e+04
1.292210000000000000e+05
4.962500000000000000e+04
1.120800000000000000e+04
1.058480000000000000e+05
1.523630000000000000e+05
1.067220000000000000e+05
1.386430000000000000e+05
8.095900000000000000e+04
3.189600000000000000e+04
1.054700000000000000e+04
2.099000000000000000e+04
4.120000000000000000e+04
1.456860000000000000e+05
7.968600000000000000e+04
1.491310000000000000e+05
3.473900000000000000e+04
5.611400000000000000e+04
1.326450000000000000e+05
1.384920000000000000e+05
5.219000000000000000e+04
1.620910000000000000e+05
1.622400000000000000e+05
4.800100000000000000e+04
1.102050000000000000e+05
8.978900000000000000e+04
1.522730000000000000e+05
1.102690000000000000e+05
1.664450000000000000e+05
1.196700000000000000e+05
1.410850000000000000e+05
9.485000000000000000e+03
1.563370000000000000e+05
9.141900000000000000e+04
1.597220000000000000e+05
1.029590000000000000e+05
9.715200000000000000e+04
1.647200000000000000e+04
1.258990000000000000e+05
2.694000000000000000e+04
7.405600000000000000e+04
9.172300000000000000e+04
5.776900000000000000e+04
2.611200000000000000e+04
5.408900000000000000e+04
1.453190000000000000e+05
3.646900000000000000e+04
1.180890000000000000e+05
8.427500000000000000e+04
6.061300000000000000e+04
1.068800000000000000e+04
3.904700000000000000e+04
5.597200000000000000e+04
1.132880000000000000e+05
1.408370000000000000e+05
1.593900000000000000e+04
6.000900000000000000e+04
8.927800000000000000e+04
1.057500000000000000e+04
1.253710000000000000e+05
3.959700000000000000e+04
2.934900000000000000e+04
1.032900000000000000e+04
1.202660000000000000e+05
7.680100000000000000e+04
5.519400000000000000e+04
1.289010000000000000e+05
7.023400000000000000e+04
1.295560000000000000e+05
5.839600000000000000e+04
1.589460000000000000e+05
1.144300000000000000e+04
1.598890000000000000e+05
1.357870000000000000e+05
1.157650000000000000e+05
5.012400000000000000e+04
1.359470000000000000e+05
1.669190000000000000e+05
6.375000000000000000e+04
9.162900000000000000e+04
1.169090000000000000e+05
1.685110000000000000e+05
1.003590000000000000e+05
9.063900000000000000e+04
5.264100000000000000e+04
7.661900000000000000e+04
1.027070000000000000e+05
7.644100000000000000e+04
7.798000000000000000e+03
1.238010000000000000e+05
6.132000000000000000e+04
5.919700000000000000e+04
1.327460000000000000e+05
9.724900000000000000e+04
1.574240000000000000e+05
8.964400000000000000e+04
2.798500000000000000e+04
4.100800000000000000e+04
1.324230000000000000e+05
7.508000000000000000e+03
1.407940000000000000e+05
1.351250000000000000e+05
1.052500000000000000e+04
1.228900000000000000e+05
2.254300000000000000e+04
4.669900000000000000e+04
1.106600000000000000e+04
1.521230000000000000e+05
8.839400000000000000e+04
2.233700000000000000e+04
1.218700000000000000e+05
4.120500000000000000e+04
1.394230000000000000e+05
1.157970000000000000e+05
4.172700000000000000e+04
1.282160000000000000e+05
9.372300000000000000e+04
1.453890000000000000e+05
2.900000000000000000e+04
1.471430000000000000e+05
4.883900000000000000e+04
7.161600000000000000e+04
1.385930000000000000e+05
1.422860000000000000e+05
1.159340000000000000e+05
4.865500000000000000e+04
7.843900000000000000e+04
1.682080000000000000e+05
2.061500000000000000e+04
1.492360000000000000e+05
9.195400000000000000e+04
3.713700000000000000e+04
1.212630000000000000e+05
4.616900000000000000e+04
1.002990000000000000e+05
1.198980000000000000e+05
2.028400000000000000e+04
1.537730000000000000e+05
6.036500000000000000e+04
1.114200000000000000e+05
1.553200000000000000e+04
5.463400000000000000e+04
8.813600000000000000e+04
5.149600000000000000e+04
4.868700000000000000e+04
3.440700000000000000e+04
8.132700000000000000e+04
1.218340000000000000e+05
4.714000000000000000e+04
1.511840000000000000e+05
1.990700000000000000e+04
6.068200000000000000e+04
1.566770000000000000e+05
1.546100000000000000e+05
1.541250000000000000e+05
1.281300000000000000e+04
1.200350000000000000e+05
1.500500000000000000e+04
1.120700000000000000e+04
8.509500000000000000e+04
7.510000000000000000e+04
1.485350000000000000e+05
1.417340000000000000e+05
1.395340000000000000e+05
1.456680000000000000e+05
5.481400000000000000e+04
8.056200000000000000e+04
7.782000000000000000e+04
1.567060000000000000e+05
6.840700000000000000e+04
6.483200000000000000e+04
1.550750000000000000e+05
2.224600000000000000e+04
1.192430000000000000e+05
8.592200000000000000e+04
1.688900000000000000e+04
5.930200000000000000e+04
6.590000000000000000e+04
9.087100000000000000e+04
1.300500000000000000e+05
9.383000000000000000e+04
4.307700000000000000e+04
1.339970000000000000e+05
1.279040000000000000e+05
1.258620000000000000e+05
1.016400000000000000e+04
8.296200000000000000e+04
1.496900000000000000e+05
1.471560000000000000e+05
1.624900000000000000e+05
1.983100000000000000e+04
8.241800000000000000e+04
9.256100000000000000e+04
3.465700000000000000e+04
1.776500000000000000e+04
2.098400000000000000e+04
8.180600000000000000e+04
4.163900000000000000e+04
1.818300000000000000e+04
5.959200000000000000e+04
1.284830000000000000e+05
1.198510000000000000e+05
1.102210000000000000e+05
9.442900000000000000e+04
1.633470000000000000e+05
1.584270000000000000e+05
8.484200000000000000e+04
1.356000000000000000e+04
3.496000000000000000e+04
1.543630000000000000e+05
1.268190000000000000e+05
1.231660000000000000e+05
1.396500000000000000e+04
1.991900000000000000e+04
1.376690000000000000e+05
7.450500000000000000e+04
7.005400000000000000e+04
1.534520000000000000e+05
1.368140000000000000e+05
1.042820000000000000e+05
1.163130000000000000e+05
1.108400000000000000e+05
4.532800000000000000e+04
1.616400000000000000e+04
1.388200000000000000e+04
6.196000000000000000e+03
7.611000000000000000e+04
4.999000000000000000e+04
1.126250000000000000e+05
5.990200000000000000e+04
6.629400000000000000e+04
8.810900000000000000e+04
1.187550000000000000e+05
5.262000000000000000e+03
8.153900000000000000e+04
1.184260000000000000e+05
2.046700000000000000e+04
5.392400000000000000e+04
7.845300000000000000e+04
3.758800000000000000e+04
1.336470000000000000e+05
9.107200000000000000e+04
1.454010000000000000e+05
1.416630000000000000e+05
1.191990000000000000e+05
2.346200000000000000e+04
9.659600000000000000e+04
1.483340000000000000e+05
1.499810000000000000e+05
1.047080000000000000e+05
1.475900000000000000e+05
1.094500000000000000e+05
9.895800000000000000e+04
1.905500000000000000e+04
3.921200000000000000e+04
1.456700000000000000e+04
3.717500000000000000e+04
1.035200000000000000e+04
6.919400000000000000e+04
1.092240000000000000e+05
1.377990000000000000e+05
9.216900000000000000e+04
1.098470000000000000e+05
1.529400000000000000e+04
7.720500000000000000e+04
3.668900000000000000e+04
1.266260000000000000e+05
5.548400000000000000e+04
8.984300000000000000e+04
5.836000000000000000e+04
2.686000000000000000e+03
8.878400000000000000e+04
4.247000000000000000e+04
2.625000000000000000e+04
1.878000000000000000e+04
1.003300000000000000e+04
5.499900000000000000e+04
6.797800000000000000e+04
1.426670000000000000e+05
1.582630000000000000e+05
1.349050000000000000e+05
1.367560000000000000e+05
7.110900000000000000e+04
5.608400000000000000e+04
7.844300000000000000e+04
1.093960000000000000e+05
4.652600000000000000e+04
1.469980000000000000e+05
5.295800000000000000e+04
1.529580000000000000e+05
1.945500000000000000e+04
1.161700000000000000e+04
1.141340000000000000e+05
1.471500000000000000e+04
1.658340000000000000e+05
7.291000000000000000e+03
3.730500000000000000e+04
6.543700000000000000e+04
7.778500000000000000e+04
1.217900000000000000e+04
9.682300000000000000e+04
7.655600000000000000e+04
1.507610000000000000e+05
6.742400000000000000e+04
4.029600000000000000e+04
5.480800000000000000e+04
2.603000000000000000e+03
1.109230000000000000e+05
7.008200000000000000e+04
4.963000000000000000e+04
1.302900000000000000e+04
8.943500000000000000e+04
1.179140000000000000e+05
1.676250000000000000e+05
7.583100000000000000e+04
4.207000000000000000e+03
4.285100000000000000e+04
1.326560000000000000e+05
1.215300000000000000e+04
5.195600000000000000e+04
6.511000000000000000e+04
8.190400000000000000e+04
4.811100000000000000e+04
4.335100000000000000e+04
9.387500000000000000e+04
1.342870000000000000e+05
1.463550000000000000e+05
7.997400000000000000e+04
4.819900000000000000e+04
3.535400000000000000e+04
6.908800000000000000e+04
1.132410000000000000e+05
1.514250000000000000e+05
5.003000000000000000e+04
6.271100000000000000e+04
6.065900000000000000e+04
1.027390000000000000e+05
1.201740000000000000e+05
5.180900000000000000e+04
1.634890000000000000e+05
8.346700000000000000e+04
5.288000000000000000e+04
1.592140000000000000e+05
9.103000000000000000e+04
2.252400000000000000e+04
1.896800000000000000e+04
1.165340000000000000e+05
4.020000000000000000e+04
2.109700000000000000e+04
2.961300000000000000e+04
1.234250000000000000e+05
2.579800000000000000e+04
1.667580000000000000e+05
1.517760000000000000e+05
3.672200000000000000e+04
1.209780000000000000e+05
1.384800000000000000e+05
1.671970000000000000e+05
1.306120000000000000e+05
6.287900000000000000e+04
5.454200000000000000e+04
1.189660000000000000e+05
1.365850000000000000e+05
1.209220000000000000e+05
1.510610000000000000e+05
1.494580000000000000e+05
1.055390000000000000e+05
1.449810000000000000e+05
1.421700000000000000e+04
1.306700000000000000e+05
4.689500000000000000e+04
2.129400000000000000e+04
9.706200000000000000e+04
1.960700000000000000e+04
1.850800000000000000e+04
4.074900000000000000e+04
4.643200000000000000e+04
1.678200000000000000e+04
1.570560000000000000e+05
3.734400000000000000e+04
1.467460000000000000e+05
2.606600000000000000e+04
4.108800000000000000e+04
9.643000000000000000e+03
1.597920000000000000e+05
2.202000000000000000e+04
1.133060000000000000e+05
1.490140000000000000e+05
4.850700000000000000e+04
1.339720000000000000e+05
1.468150000000000000e+05
2.235600000000000000e+04
2.846000000000000000e+03
1.096920000000000000e+05
8.528700000000000000e+04
1.246410000000000000e+05
1.014780000000000000e+05
1.552770000000000000e+05
9.445400000000000000e+04
1.000350000000000000e+05
6.534000000000000000e+03
1.291070000000000000e+05
1.075040000000000000e+05
1.407340000000000000e+05
8.708500000000000000e+04
1.037000000000000000e+04
1.061520000000000000e+05
4.755400000000000000e+04
1.596630000000000000e+05
6.560300000000000000e+04
1.038650000000000000e+05
1.656140000000000000e+05
1.235300000000000000e+04
1.314370000000000000e+05
6.737300000000000000e+04
1.566190000000000000e+05
7.664900000000000000e+04
1.558050000000000000e+05
1.292740000000000000e+05
8.664400000000000000e+04
9.157000000000000000e+03
1.495780000000000000e+05
7.106900000000000000e+04
1.144390000000000000e+05
1.461540000000000000e+05
1.360690000000000000e+05
9.804800000000000000e+04
7.678900000000000000e+04
1.052440000000000000e+05
1.276190000000000000e+05
9.052600000000000000e+04
2.254600000000000000e+04
2.914600000000000000e+04
4.349300000000000000e+04
4.454900000000000000e+04
1.623650000000000000e+05
6.236700000000000000e+04
2.926700000000000000e+04
1.683890000000000000e+05
8.909900000000000000e+04
1.602590000000000000e+05
7.441800000000000000e+04
1.534930000000000000e+05
1.662480000000000000e+05
9.911000000000000000e+03
4.489500000000000000e+04
1.058800000000000000e+05
2.386200000000000000e+04
1.402430000000000000e+05
2.840900000000000000e+04
5.639600000000000000e+04
1.025570000000000000e+05
1.185100000000000000e+04
1.279870000000000000e+05
2.767800000000000000e+04
1.284100000000000000e+05
1.413000000000000000e+03
1.301480000000000000e+05
8.815700000000000000e+04
4.507300000000000000e+04
1.601920000000000000e+05
1.383740000000000000e+05
6.333900000000000000e+04
8.708100000000000000e+04
1.459280000000000000e+05
7.439200000000000000e+04
1.691100000000000000e+05
1.692430000000000000e+05
9.228000000000000000e+04
1.487180000000000000e+05
6.230700000000000000e+04
1.267120000000000000e+05
9.535200000000000000e+04
9.729000000000000000e+03
1.126200000000000000e+05
1.028320000000000000e+05
1.084140000000000000e+05
6.476900000000000000e+04
8.124300000000000000e+04
1.170850000000000000e+05
5.409300000000000000e+04
1.296590000000000000e+05
4.047500000000000000e+04
1.684770000000000000e+05
1.265590000000000000e+05
9.217000000000000000e+04
1.238170000000000000e+05
9.263800000000000000e+04
3.999700000000000000e+04
1.491350000000000000e+05
7.835900000000000000e+04
6.788300000000000000e+04
1.420470000000000000e+05
1.604730000000000000e+05
1.366790000000000000e+05
4.740000000000000000e+04
1.201130000000000000e+05
1.088930000000000000e+05
1.593190000000000000e+05
4.710000000000000000e+03
1.678130000000000000e+05
8.633400000000000000e+04
2.954800000000000000e+04
9.475000000000000000e+03
2.860800000000000000e+04
3.320500000000000000e+04
1.570590000000000000e+05
1.604260000000000000e+05
6.785200000000000000e+04
6.304200000000000000e+04
1.062520000000000000e+05
1.212850000000000000e+05
1.670600000000000000e+04
1.285070000000000000e+05
1.158170000000000000e+05
4.601800000000000000e+04
2.526000000000000000e+04
1.956100000000000000e+04
1.850400000000000000e+04
2.646500000000000000e+04
8.227200000000000000e+04
1.251730000000000000e+05
7.835300000000000000e+04
5.308200000000000000e+04
1.631140000000000000e+05
5.359000000000000000e+03
1.373270000000000000e+05
1.356770000000000000e+05
1.903400000000000000e+04
7.453100000000000000e+04
1.449320000000000000e+05
4.268400000000000000e+04
2.146700000000000000e+04
1.532440000000000000e+05
1.412970000000000000e+05
3.936000000000000000e+04
1.026240000000000000e+05
2.517000000000000000e+04
2.606400000000000000e+04
3.636800000000000000e+04
1.381250000000000000e+05
8.771600000000000000e+04
5.094500000000000000e+04
5.952900000000000000e+04
1.033810000000000000e+05
5.353100000000000000e+04
4.638800000000000000e+04
7.049900000000000000e+04
1.318400000000000000e+05
7.021000000000000000e+03
1.597910000000000000e+05
3.959200000000000000e+04
3.233000000000000000e+04
7.880000000000000000e+03
2.693400000000000000e+04
2.713700000000000000e+04
1.640220000000000000e+05
1.363250000000000000e+05
1.113300000000000000e+05
9.824200000000000000e+04
1.388900000000000000e+04
3.401200000000000000e+04
1.543490000000000000e+05
1.160350000000000000e+05
1.078070000000000000e+05
5.588700000000000000e+04
1.545080000000000000e+05
1.516950000000000000e+05
1.554070000000000000e+05
3.151700000000000000e+04
1.554430000000000000e+05
3.784700000000000000e+04
9.567800000000000000e+04
8.110000000000000000e+03
8.229000000000000000e+04
1.290440000000000000e+05
1.055630000000000000e+05
3.614500000000000000e+04
5.744100000000000000e+04
1.583260000000000000e+05
4.482200000000000000e+04
1.368860000000000000e+05
6.564700000000000000e+04
2.787800000000000000e+04
2.524400000000000000e+04
1.080760000000000000e+05
5.139700000000000000e+04
1.161940000000000000e+05
3.620000000000000000e+04
1.528130000000000000e+05
6.148000000000000000e+03
8.271000000000000000e+04
1.478500000000000000e+05
1.007360000000000000e+05
3.005700000000000000e+04
1.641700000000000000e+05
1.597740000000000000e+05
9.077800000000000000e+04
5.860500000000000000e+04
4.513500000000000000e+04
6.608100000000000000e+04
5.663800000000000000e+04
6.655400000000000000e+04
5.897500000000000000e+04
1.794900000000000000e+04
6.500200000000000000e+04
2.553000000000000000e+04
1.664490000000000000e+05
4.381900000000000000e+04
8.938900000000000000e+04
1.690110000000000000e+05
6.846600000000000000e+04
9.364200000000000000e+04
8.593600000000000000e+04
7.012800000000000000e+04
1.511260000000000000e+05
3.408500000000000000e+04
5.774400000000000000e+04
1.522670000000000000e+05
1.521630000000000000e+05
1.472630000000000000e+05
3.806100000000000000e+04
6.722900000000000000e+04
3.129800000000000000e+04
1.478870000000000000e+05
5.714800000000000000e+04
4.416500000000000000e+04
1.419890000000000000e+05
1.479810000000000000e+05
1.238290000000000000e+05
1.872600000000000000e+04
5.748700000000000000e+04
8.055500000000000000e+04
1.478600000000000000e+05
4.882000000000000000e+04
3.225000000000000000e+03
2.531200000000000000e+04
9.258000000000000000e+03
1.532140000000000000e+05
4.376000000000000000e+03
3.723800000000000000e+04
6.410700000000000000e+04
1.559100000000000000e+04
7.600700000000000000e+04
8.000800000000000000e+04
8.042500000000000000e+04
6.661100000000000000e+04
5.014900000000000000e+04
1.497190000000000000e+05
9.445900000000000000e+04
9.184000000000000000e+03
1.611680000000000000e+05
1.146700000000000000e+05
1.311580000000000000e+05
1.472700000000000000e+05
4.768100000000000000e+04
1.419970000000000000e+05
7.119600000000000000e+04
8.359800000000000000e+04
1.076820000000000000e+05
1.377510000000000000e+05
1.424380000000000000e+05
9.227300000000000000e+04
4.799500000000000000e+04
6.237500000000000000e+04
6.656900000000000000e+04
5.842600000000000000e+04
1.615260000000000000e+05
8.784200000000000000e+04
8.982800000000000000e+04
9.927800000000000000e+04
5.272000000000000000e+03
1.138300000000000000e+04
7.965200000000000000e+04
1.438020000000000000e+05
6.409700000000000000e+04
1.231500000000000000e+04
2.794400000000000000e+04
5.008200000000000000e+04
1.027360000000000000e+05
8.619300000000000000e+04
1.925900000000000000e+04
8.584000000000000000e+04
6.186300000000000000e+04
1.517850000000000000e+05
1.107270000000000000e+05
9.838300000000000000e+04
1.555000000000000000e+04
1.577180000000000000e+05
1.353040000000000000e+05
1.327680000000000000e+05
1.166770000000000000e+05
1.231550000000000000e+05
6.966400000000000000e+04
8.758300000000000000e+04
1.615600000000000000e+05
3.882600000000000000e+04
9.548900000000000000e+04
9.700800000000000000e+04
4.485200000000000000e+04
1.183300000000000000e+04
1.675770000000000000e+05
6.847700000000000000e+04
2.491400000000000000e+04
6.287000000000000000e+03
5.342800000000000000e+04
1.121200000000000000e+05
1.161680000000000000e+05
7.776600000000000000e+04
8.964100000000000000e+04
5.063100000000000000e+04
4.692800000000000000e+04
1.611400000000000000e+05
5.785700000000000000e+04
3.782000000000000000e+03
9.599700000000000000e+04
1.338830000000000000e+05
1.670680000000000000e+05
1.670200000000000000e+05
7.693800000000000000e+04
4.247600000000000000e+04
1.270910000000000000e+05
1.167600000000000000e+05
1.206290000000000000e+05
1.079910000000000000e+05
9.694900000000000000e+04
5.655500000000000000e+04
5.310000000000000000e+02
1.630100000000000000e+04
1.123120000000000000e+05
8.130000000000000000e+03
1.487510000000000000e+05
7.845400000000000000e+04
4.252000000000000000e+04
8.627700000000000000e+04
1.087100000000000000e+04
8.567400000000000000e+04
2.877000000000000000e+04
4.768400000000000000e+04
5.612000000000000000e+04
5.271100000000000000e+04
8.431900000000000000e+04
1.348100000000000000e+04
1.644570000000000000e+05
4.464900000000000000e+04
6.605200000000000000e+04
8.572100000000000000e+04
1.330900000000000000e+04
9.886600000000000000e+04
8.098900000000000000e+04
