1.011140000000000000e+05
1.673550000000000000e+05
1.600060000000000000e+05
4.574600000000000000e+04
2.442800000000000000e+04
7.950000000000000000e+03
1.507360000000000000e+05
1.262390000000000000e+05
4.361000000000000000e+04
4.692500000000000000e+04
2.843800000000000000e+04
8.196300000000000000e+04
6.350800000000000000e+04
2.624100000000000000e+04
4.629900000000000000e+04
5.645800000000000000e+04
6.971000000000000000e+04
1.691350000000000000e+05
1.037830000000000000e+05
8.977700000000000000e+04
1.658040000000000000e+05
1.197860000000000000e+05
9.011300000000000000e+04
1.202450000000000000e+05
1.430800000000000000e+05
5.082800000000000000e+04
1.146460000000000000e+05
9.602800000000000000e+04
2.160100000000000000e+04
1.110110000000000000e+05
1.636820000000000000e+05
9.925400000000000000e+04
1.441100000000000000e+04
1.623510000000000000e+05
3.323600000000000000e+04
9.551200000000000000e+04
4.373100000000000000e+04
5.439100000000000000e+04
4.404100000000000000e+04
1.270540000000000000e+05
1.050880000000000000e+05
1.355930000000000000e+05
1.163590000000000000e+05
1.052940000000000000e+05
4.443300000000000000e+04
1.003010000000000000e+05
1.789600000000000000e+04
3.445800000000000000e+04
5.563100000000000000e+04
1.383370000000000000e+05
5.257400000000000000e+04
5.756700000000000000e+04
9.056900000000000000e+04
1.554320000000000000e+05
7.772100000000000000e+04
1.438100000000000000e+04
1.300760000000000000e+05
3.236000000000000000e+03
2.487000000000000000e+03
9.524000000000000000e+04
1.625690000000000000e+05
5.306200000000000000e+04
7.565000000000000000e+03
1.453630000000000000e+05
1.193030000000000000e+05
6.608600000000000000e+04
9.398800000000000000e+04
1.658720000000000000e+05
1.290380000000000000e+05
1.582480000000000000e+05
1.672900000000000000e+05
1.256020000000000000e+05
2.704400000000000000e+04
1.443310000000000000e+05
1.030330000000000000e+05
8.294800000000000000e+04
7.037800000000000000e+04
3.073900000000000000e+04
8.458500000000000000e+04
1.113600000000000000e+05
1.024100000000000000e+04
1.158100000000000000e+04
2.897300000000000000e+04
1.501820000000000000e+05
1.273750000000000000e+05
1.422250000000000000e+05
7.150700000000000000e+04
1.405230000000000000e+05
1.982500000000000000e+04
1.154860000000000000e+05
8.536000000000000000e+04
1.636800000000000000e+04
1.661290000000000000e+05
1.632400000000000000e+04
8.173500000000000000e+04
1.001030000000000000e+05
1.544500000000000000e+04
2.615400000000000000e+04
1.043800000000000000e+05
1.216700000000000000e+04
9.108600000000000000e+04
1.382190000000000000e+05
6.632500000000000000e+04
4.256200000000000000e+04
1.100430000000000000e+05
9.051700000000000000e+04
2.342000000000000000e+04
1.364760000000000000e+05
1.229090000000000000e+05
1.263440000000000000e+05
1.652180000000000000e+05
9.301700000000000000e+04
1.587630000000000000e+05
5.694900000000000000e+04
1.001010000000000000e+05
9.740500000000000000e+04
1.647060000000000000e+05
2.418500000000000000e+04
3.246700000000000000e+04
3.569000000000000000e+03
1.095510000000000000e+05
9.518900000000000000e+04
1.234180000000000000e+05
1.474840000000000000e+05
1.581600000000000000e+05
8.674500000000000000e+04
1.599090000000000000e+05
3.925800000000000000e+04
1.308490000000000000e+05
4.317000000000000000e+04
9.283800000000000000e+04
1.652840000000000000e+05
1.030350000000000000e+05
7.676300000000000000e+04
7.880400000000000000e+04
1.357660000000000000e+05
6.403100000000000000e+04
2.995300000000000000e+04
1.184320000000000000e+05
1.557340000000000000e+05
1.155570000000000000e+05
1.940000000000000000e+04
2.233000000000000000e+03
9.341000000000000000e+04
2.609200000000000000e+04
2.844700000000000000e+04
2.638800000000000000e+04
8.671100000000000000e+04
2.427000000000000000e+04
4.825200000000000000e+04
7.600300000000000000e+04
1.329170000000000000e+05
5.109500000000000000e+04
1.542380000000000000e+05
2.550300000000000000e+04
1.557740000000000000e+05
1.191840000000000000e+05
3.256000000000000000e+03
6.213700000000000000e+04
1.774000000000000000e+03
9.441800000000000000e+04
1.969000000000000000e+04
1.473050000000000000e+05
3.093600000000000000e+04
1.596820000000000000e+05
9.067800000000000000e+04
1.599510000000000000e+05
1.527370000000000000e+05
1.048170000000000000e+05
1.078270000000000000e+05
3.407200000000000000e+04
1.479540000000000000e+05
1.302420000000000000e+05
1.355800000000000000e+05
6.807200000000000000e+04
1.295630000000000000e+05
1.639110000000000000e+05
1.649210000000000000e+05
1.872500000000000000e+04
3.927000000000000000e+04
8.132800000000000000e+04
1.062840000000000000e+05
1.076460000000000000e+05
6.267600000000000000e+04
4.019700000000000000e+04
7.204100000000000000e+04
1.342350000000000000e+05
5.350700000000000000e+04
1.518670000000000000e+05
7.354200000000000000e+04
7.685600000000000000e+04
1.311410000000000000e+05
1.268870000000000000e+05
1.665550000000000000e+05
2.529700000000000000e+04
4.533000000000000000e+04
8.460500000000000000e+04
6.804600000000000000e+04
1.776700000000000000e+04
1.395230000000000000e+05
1.645160000000000000e+05
4.407000000000000000e+04
1.513760000000000000e+05
6.090400000000000000e+04
2.317000000000000000e+04
9.441300000000000000e+04
1.559540000000000000e+05
6.956000000000000000e+03
1.528850000000000000e+05
6.454400000000000000e+04
5.870000000000000000e+03
3.886800000000000000e+04
6.895000000000000000e+04
1.478020000000000000e+05
9.709200000000000000e+04
7.291500000000000000e+04
1.184060000000000000e+05
3.416500000000000000e+04
1.409220000000000000e+05
7.639800000000000000e+04
1.185090000000000000e+05
1.378470000000000000e+05
7.374600000000000000e+04
1.524790000000000000e+05
3.611000000000000000e+03
1.566050000000000000e+05
9.680500000000000000e+04
1.034630000000000000e+05
1.604820000000000000e+05
3.795800000000000000e+04
9.670400000000000000e+04
5.508000000000000000e+03
5.459400000000000000e+04
9.559600000000000000e+04
1.260470000000000000e+05
1.956000000000000000e+04
2.152900000000000000e+04
1.180540000000000000e+05
3.069300000000000000e+04
1.359930000000000000e+05
3.082500000000000000e+04
6.536100000000000000e+04
