1.239190000000000000e+05
4.380800000000000000e+04
1.134140000000000000e+05
9.979900000000000000e+04
1.383630000000000000e+05
2.134900000000000000e+04
1.680720000000000000e+05
8.958900000000000000e+04
1.083280000000000000e+05
5.069600000000000000e+04
1.005760000000000000e+05
2.242800000000000000e+04
1.637900000000000000e+04
4.362900000000000000e+04
2.619000000000000000e+04
1.094810000000000000e+05
1.496300000000000000e+04
1.692390000000000000e+05
1.339790000000000000e+05
1.019980000000000000e+05
6.968600000000000000e+04
1.373940000000000000e+05
1.565510000000000000e+05
1.642430000000000000e+05
1.142020000000000000e+05
8.493500000000000000e+04
2.561900000000000000e+04
1.018410000000000000e+05
5.538200000000000000e+04
6.301500000000000000e+04
1.656950000000000000e+05
4.243000000000000000e+03
1.455960000000000000e+05
2.376500000000000000e+04
6.180600000000000000e+04
5.045600000000000000e+04
8.151900000000000000e+04
3.576500000000000000e+04
2.699000000000000000e+03
8.060000000000000000e+03
4.051400000000000000e+04
9.896700000000000000e+04
9.483900000000000000e+04
5.803500000000000000e+04
1.312960000000000000e+05
1.577600000000000000e+05
1.191980000000000000e+05
1.292730000000000000e+05
1.201670000000000000e+05
6.460100000000000000e+04
8.491400000000000000e+04
4.228100000000000000e+04
1.302620000000000000e+05
3.340000000000000000e+02
1.636100000000000000e+04
3.555600000000000000e+04
9.368900000000000000e+04
1.365930000000000000e+05
1.437780000000000000e+05
1.000380000000000000e+05
5.840000000000000000e+03
1.669780000000000000e+05
6.513600000000000000e+04
4.930000000000000000e+04
1.876500000000000000e+04
1.522860000000000000e+05
1.633090000000000000e+05
1.318600000000000000e+04
4.927900000000000000e+04
6.129000000000000000e+03
1.531260000000000000e+05
6.060100000000000000e+04
1.380820000000000000e+05
3.065100000000000000e+04
1.385800000000000000e+04
4.250400000000000000e+04
1.260760000000000000e+05
4.808200000000000000e+04
1.402420000000000000e+05
9.418000000000000000e+04
4.560900000000000000e+04
1.576320000000000000e+05
1.360280000000000000e+05
9.331700000000000000e+04
1.731700000000000000e+04
3.603100000000000000e+04
1.230750000000000000e+05
7.955400000000000000e+04
2.922500000000000000e+04
7.953000000000000000e+03
6.811400000000000000e+04
5.643000000000000000e+03
4.663000000000000000e+04
4.404300000000000000e+04
1.404880000000000000e+05
1.367940000000000000e+05
1.316130000000000000e+05
1.230080000000000000e+05
4.786200000000000000e+04
4.671100000000000000e+04
1.212100000000000000e+05
1.997300000000000000e+04
2.351600000000000000e+04
4.044100000000000000e+04
1.311500000000000000e+05
1.209600000000000000e+05
8.128600000000000000e+04
1.598780000000000000e+05
3.898000000000000000e+04
1.422290000000000000e+05
1.854000000000000000e+03
2.052000000000000000e+04
2.234000000000000000e+03
1.662800000000000000e+04
1.294530000000000000e+05
1.537010000000000000e+05
1.035690000000000000e+05
9.948600000000000000e+04
1.583980000000000000e+05
8.414400000000000000e+04
7.047500000000000000e+04
1.151320000000000000e+05
6.119100000000000000e+04
8.268000000000000000e+03
1.466760000000000000e+05
1.334270000000000000e+05
1.478630000000000000e+05
5.979200000000000000e+04
3.103500000000000000e+04
8.280500000000000000e+04
5.630900000000000000e+04
1.010770000000000000e+05
1.001670000000000000e+05
8.911800000000000000e+04
3.926400000000000000e+04
1.223520000000000000e+05
1.006460000000000000e+05
3.851900000000000000e+04
1.267040000000000000e+05
1.536070000000000000e+05
1.310100000000000000e+05
1.550720000000000000e+05
3.721100000000000000e+04
9.443000000000000000e+04
4.828900000000000000e+04
1.369580000000000000e+05
5.033100000000000000e+04
9.792100000000000000e+04
1.487000000000000000e+05
7.895600000000000000e+04
1.050430000000000000e+05
7.547100000000000000e+04
5.083000000000000000e+03
1.244600000000000000e+05
7.570600000000000000e+04
4.777700000000000000e+04
5.795800000000000000e+04
2.871600000000000000e+04
7.600000000000000000e+01
8.641800000000000000e+04
1.689110000000000000e+05
1.534310000000000000e+05
1.692880000000000000e+05
6.126800000000000000e+04
1.032200000000000000e+04
1.225700000000000000e+05
4.011900000000000000e+04
8.914200000000000000e+04
1.603560000000000000e+05
9.071000000000000000e+03
1.217920000000000000e+05
1.455900000000000000e+05
4.961300000000000000e+04
3.441500000000000000e+04
1.434230000000000000e+05
1.395990000000000000e+05
1.282650000000000000e+05
1.054200000000000000e+04
8.473500000000000000e+04
3.554200000000000000e+04
1.346000000000000000e+03
6.606400000000000000e+04
7.593900000000000000e+04
1.152540000000000000e+05
1.521900000000000000e+04
1.195040000000000000e+05
1.476330000000000000e+05
1.423290000000000000e+05
5.255700000000000000e+04
1.457770000000000000e+05
2.466100000000000000e+04
1.491230000000000000e+05
2.306900000000000000e+04
5.084700000000000000e+04
8.264200000000000000e+04
1.463990000000000000e+05
6.630300000000000000e+04
1.536060000000000000e+05
1.625140000000000000e+05
9.197800000000000000e+04
1.677700000000000000e+05
1.706800000000000000e+04
1.269140000000000000e+05
5.723900000000000000e+04
1.129600000000000000e+05
8.219500000000000000e+04
9.155700000000000000e+04
8.742900000000000000e+04
7.956100000000000000e+04
9.746200000000000000e+04
2.936000000000000000e+04
5.298600000000000000e+04
1.636260000000000000e+05
9.606900000000000000e+04
6.095700000000000000e+04
1.248770000000000000e+05
5.023200000000000000e+04
5.584400000000000000e+04
1.234990000000000000e+05
5.539200000000000000e+04
1.271140000000000000e+05
1.323980000000000000e+05
1.468820000000000000e+05
1.574800000000000000e+05
1.609660000000000000e+05
5.289500000000000000e+04
5.284300000000000000e+04
1.612880000000000000e+05
6.230000000000000000e+03
9.014000000000000000e+04
8.493000000000000000e+03
1.570900000000000000e+05
1.053630000000000000e+05
1.091110000000000000e+05
7.846700000000000000e+04
9.404700000000000000e+04
6.854800000000000000e+04
1.176640000000000000e+05
1.541870000000000000e+05
1.601480000000000000e+05
9.748300000000000000e+04
7.324700000000000000e+04
4.128000000000000000e+04
1.077700000000000000e+05
1.340260000000000000e+05
1.577660000000000000e+05
6.105700000000000000e+04
1.833000000000000000e+03
8.103500000000000000e+04
2.718900000000000000e+04
8.466100000000000000e+04
1.457090000000000000e+05
8.500000000000000000e+03
1.592380000000000000e+05
1.337910000000000000e+05
1.087980000000000000e+05
7.883000000000000000e+04
1.561880000000000000e+05
8.965400000000000000e+04
4.524400000000000000e+04
3.410000000000000000e+02
3.178800000000000000e+04
1.174600000000000000e+04
2.411800000000000000e+04
1.578620000000000000e+05
2.177800000000000000e+04
1.424450000000000000e+05
1.253890000000000000e+05
3.779900000000000000e+04
3.608700000000000000e+04
3.521300000000000000e+04
9.248000000000000000e+04
1.588500000000000000e+05
1.017680000000000000e+05
1.419590000000000000e+05
1.612400000000000000e+04
1.389080000000000000e+05
8.614400000000000000e+04
4.038800000000000000e+04
1.451080000000000000e+05
1.381500000000000000e+05
6.472600000000000000e+04
1.104930000000000000e+05
1.418600000000000000e+04
2.792200000000000000e+04
1.614910000000000000e+05
1.040720000000000000e+05
1.459260000000000000e+05
3.691300000000000000e+04
1.522810000000000000e+05
8.224400000000000000e+04
3.732600000000000000e+04
2.797700000000000000e+04
1.347140000000000000e+05
1.126010000000000000e+05
4.914500000000000000e+04
1.219710000000000000e+05
1.123980000000000000e+05
1.541050000000000000e+05
3.087600000000000000e+04
1.059850000000000000e+05
8.460300000000000000e+04
9.788000000000000000e+03
4.177300000000000000e+04
2.750800000000000000e+04
6.847100000000000000e+04
1.632940000000000000e+05
1.086130000000000000e+05
1.770000000000000000e+03
1.047160000000000000e+05
3.649000000000000000e+03
5.284000000000000000e+04
1.461570000000000000e+05
1.077320000000000000e+05
1.643870000000000000e+05
1.007900000000000000e+04
2.540600000000000000e+04
1.123690000000000000e+05
1.259860000000000000e+05
6.233100000000000000e+04
1.323450000000000000e+05
1.914400000000000000e+04
5.984200000000000000e+04
1.325850000000000000e+05
6.524000000000000000e+04
1.653010000000000000e+05
7.386500000000000000e+04
1.111940000000000000e+05
6.420300000000000000e+04
1.210500000000000000e+04
1.073120000000000000e+05
1.438700000000000000e+05
1.205300000000000000e+05
3.734300000000000000e+04
1.021020000000000000e+05
1.109490000000000000e+05
7.356300000000000000e+04
4.658700000000000000e+04
2.532700000000000000e+04
1.167710000000000000e+05
2.262000000000000000e+04
1.430410000000000000e+05
1.285550000000000000e+05
1.678170000000000000e+05
5.055700000000000000e+04
1.285100000000000000e+04
1.171410000000000000e+05
3.040000000000000000e+02
1.465960000000000000e+05
3.916400000000000000e+04
7.075800000000000000e+04
1.009950000000000000e+05
3.348800000000000000e+04
9.926700000000000000e+04
1.007180000000000000e+05
6.439300000000000000e+04
4.531900000000000000e+04
2.007600000000000000e+04
1.049640000000000000e+05
6.532700000000000000e+04
5.723100000000000000e+04
1.592580000000000000e+05
1.090900000000000000e+05
1.585450000000000000e+05
1.045380000000000000e+05
8.367100000000000000e+04
5.917600000000000000e+04
7.567300000000000000e+04
1.255880000000000000e+05
1.241320000000000000e+05
2.584200000000000000e+04
3.799500000000000000e+04
3.081600000000000000e+04
6.288400000000000000e+04
1.035680000000000000e+05
1.940500000000000000e+04
6.928100000000000000e+04
3.628800000000000000e+04
1.883800000000000000e+04
1.376930000000000000e+05
4.396000000000000000e+03
1.362910000000000000e+05
1.366540000000000000e+05
3.798100000000000000e+04
6.493000000000000000e+03
9.821000000000000000e+03
6.971800000000000000e+04
1.660610000000000000e+05
8.635900000000000000e+04
1.873000000000000000e+03
1.453200000000000000e+04
4.804300000000000000e+04
9.599500000000000000e+04
9.314400000000000000e+04
1.549700000000000000e+04
1.488250000000000000e+05
9.709500000000000000e+04
1.152350000000000000e+05
1.498150000000000000e+05
6.687500000000000000e+04
3.915000000000000000e+03
1.209200000000000000e+04
1.053170000000000000e+05
1.161600000000000000e+04
1.339470000000000000e+05
1.308660000000000000e+05
1.525770000000000000e+05
7.633200000000000000e+04
1.499590000000000000e+05
1.003540000000000000e+05
6.278000000000000000e+03
1.250990000000000000e+05
1.626900000000000000e+05
1.459250000000000000e+05
9.819400000000000000e+04
1.279400000000000000e+05
8.868600000000000000e+04
1.316400000000000000e+05
8.250100000000000000e+04
5.830800000000000000e+04
1.247210000000000000e+05
1.300000000000000000e+05
1.501570000000000000e+05
8.027100000000000000e+04
3.818300000000000000e+04
1.550190000000000000e+05
4.871500000000000000e+04
1.248020000000000000e+05
1.467390000000000000e+05
9.727900000000000000e+04
5.186800000000000000e+04
9.662200000000000000e+04
1.021570000000000000e+05
9.541000000000000000e+04
1.113700000000000000e+05
2.353900000000000000e+04
1.368020000000000000e+05
1.175560000000000000e+05
9.876000000000000000e+03
1.434300000000000000e+05
5.268000000000000000e+03
1.653450000000000000e+05
8.845200000000000000e+04
8.222700000000000000e+04
9.367700000000000000e+04
1.644120000000000000e+05
1.138970000000000000e+05
9.180200000000000000e+04
4.525300000000000000e+04
1.287820000000000000e+05
1.598160000000000000e+05
3.390700000000000000e+04
4.563600000000000000e+04
5.356300000000000000e+04
1.661720000000000000e+05
3.524400000000000000e+04
3.482300000000000000e+04
1.243720000000000000e+05
1.191670000000000000e+05
3.460200000000000000e+04
9.910100000000000000e+04
1.459230000000000000e+05
7.801300000000000000e+04
1.287730000000000000e+05
4.586100000000000000e+04
1.152290000000000000e+05
1.112950000000000000e+05
6.847400000000000000e+04
7.943000000000000000e+03
8.211800000000000000e+04
4.619600000000000000e+04
5.560800000000000000e+04
5.363700000000000000e+04
9.322200000000000000e+04
8.085700000000000000e+04
2.217900000000000000e+04
1.109620000000000000e+05
7.976300000000000000e+04
7.838000000000000000e+03
2.019000000000000000e+03
4.513200000000000000e+04
1.259760000000000000e+05
3.017700000000000000e+04
1.412540000000000000e+05
1.311070000000000000e+05
1.138000000000000000e+04
1.570450000000000000e+05
2.280000000000000000e+03
3.715100000000000000e+04
4.023900000000000000e+04
1.092700000000000000e+04
2.296700000000000000e+04
7.279900000000000000e+04
3.872300000000000000e+04
1.036370000000000000e+05
1.310510000000000000e+05
8.374700000000000000e+04
3.444800000000000000e+04
2.544400000000000000e+04
7.315500000000000000e+04
9.278300000000000000e+04
1.386100000000000000e+04
4.373600000000000000e+04
7.272900000000000000e+04
1.043700000000000000e+05
1.203950000000000000e+05
1.461230000000000000e+05
1.393970000000000000e+05
2.290900000000000000e+04
1.509220000000000000e+05
3.674300000000000000e+04
1.466160000000000000e+05
1.084300000000000000e+05
2.577400000000000000e+04
1.207850000000000000e+05
5.417400000000000000e+04
1.268330000000000000e+05
1.044220000000000000e+05
6.129700000000000000e+04
1.882200000000000000e+04
1.656730000000000000e+05
9.710300000000000000e+04
7.437100000000000000e+04
2.774700000000000000e+04
7.448600000000000000e+04
1.023750000000000000e+05
3.756800000000000000e+04
6.412700000000000000e+04
7.572600000000000000e+04
9.578700000000000000e+04
7.807700000000000000e+04
1.568890000000000000e+05
1.018880000000000000e+05
8.472500000000000000e+04
6.731400000000000000e+04
1.137880000000000000e+05
2.477600000000000000e+04
1.489820000000000000e+05
4.931300000000000000e+04
1.252100000000000000e+04
6.079200000000000000e+04
1.474190000000000000e+05
1.358920000000000000e+05
6.706600000000000000e+04
7.718400000000000000e+04
1.578610000000000000e+05
1.083630000000000000e+05
5.330300000000000000e+04
1.545910000000000000e+05
3.429800000000000000e+04
1.269980000000000000e+05
1.343900000000000000e+05
1.629700000000000000e+04
1.541930000000000000e+05
2.171600000000000000e+04
1.082750000000000000e+05
1.682590000000000000e+05
4.946700000000000000e+04
1.010000000000000000e+05
1.513140000000000000e+05
1.507980000000000000e+05
2.480100000000000000e+04
3.374200000000000000e+04
4.667800000000000000e+04
1.302460000000000000e+05
7.919600000000000000e+04
5.491000000000000000e+04
1.496510000000000000e+05
1.767000000000000000e+03
3.107100000000000000e+04
1.114360000000000000e+05
3.744700000000000000e+04
7.987000000000000000e+04
1.128370000000000000e+05
1.232860000000000000e+05
7.710000000000000000e+04
7.530000000000000000e+04
1.265880000000000000e+05
3.739800000000000000e+04
5.603200000000000000e+04
3.173000000000000000e+04
1.427120000000000000e+05
7.780500000000000000e+04
1.482580000000000000e+05
1.402460000000000000e+05
1.481400000000000000e+05
1.157250000000000000e+05
1.472950000000000000e+05
1.422000000000000000e+03
1.055250000000000000e+05
1.168990000000000000e+05
1.298660000000000000e+05
1.583130000000000000e+05
1.012380000000000000e+05
4.511900000000000000e+04
5.711000000000000000e+03
1.404830000000000000e+05
2.362900000000000000e+04
8.878900000000000000e+04
2.335700000000000000e+04
1.238050000000000000e+05
1.644110000000000000e+05
2.017700000000000000e+04
2.086700000000000000e+04
2.264300000000000000e+04
8.291000000000000000e+03
5.670500000000000000e+04
1.310730000000000000e+05
1.735200000000000000e+04
1.296280000000000000e+05
3.602700000000000000e+04
1.293130000000000000e+05
7.574100000000000000e+04
1.449620000000000000e+05
1.674550000000000000e+05
1.310900000000000000e+04
1.867200000000000000e+04
1.404330000000000000e+05
2.152100000000000000e+04
1.372450000000000000e+05
3.447900000000000000e+04
9.806000000000000000e+04
6.635400000000000000e+04
1.488670000000000000e+05
1.486860000000000000e+05
1.656350000000000000e+05
1.003420000000000000e+05
1.354200000000000000e+04
1.469940000000000000e+05
4.132900000000000000e+04
5.019300000000000000e+04
2.031800000000000000e+04
1.166960000000000000e+05
6.839300000000000000e+04
1.495930000000000000e+05
1.551470000000000000e+05
1.222960000000000000e+05
1.087090000000000000e+05
1.555300000000000000e+04
1.611730000000000000e+05
7.465700000000000000e+04
4.044600000000000000e+04
1.443230000000000000e+05
3.331400000000000000e+04
7.760200000000000000e+04
1.524960000000000000e+05
9.213300000000000000e+04
1.788000000000000000e+04
6.840600000000000000e+04
1.410500000000000000e+05
6.571100000000000000e+04
6.662000000000000000e+03
8.767900000000000000e+04
1.379960000000000000e+05
9.315900000000000000e+04
1.825400000000000000e+04
8.251000000000000000e+04
1.013580000000000000e+05
8.492800000000000000e+04
6.478000000000000000e+03
1.146700000000000000e+04
8.980100000000000000e+04
1.548800000000000000e+04
2.249300000000000000e+04
6.992600000000000000e+04
1.678350000000000000e+05
1.478700000000000000e+05
1.207410000000000000e+05
9.681000000000000000e+03
3.901200000000000000e+04
1.043540000000000000e+05
1.515320000000000000e+05
1.589730000000000000e+05
7.861300000000000000e+04
1.504900000000000000e+04
1.581450000000000000e+05
7.223400000000000000e+04
4.964700000000000000e+04
4.560000000000000000e+02
3.199600000000000000e+04
1.040840000000000000e+05
1.481510000000000000e+05
1.098870000000000000e+05
9.013500000000000000e+04
5.134000000000000000e+04
1.372940000000000000e+05
8.287400000000000000e+04
6.530400000000000000e+04
1.112160000000000000e+05
1.192720000000000000e+05
1.261520000000000000e+05
1.245800000000000000e+05
7.616700000000000000e+04
3.048300000000000000e+04
2.357800000000000000e+04
9.190300000000000000e+04
6.657400000000000000e+04
7.595500000000000000e+04
4.338200000000000000e+04
6.237000000000000000e+04
5.639200000000000000e+04
1.352960000000000000e+05
6.683400000000000000e+04
1.226220000000000000e+05
4.339000000000000000e+04
1.376780000000000000e+05
1.568780000000000000e+05
4.566900000000000000e+04
1.248080000000000000e+05
4.332400000000000000e+04
3.228700000000000000e+04
6.636000000000000000e+03
6.929000000000000000e+04
3.585400000000000000e+04
1.370610000000000000e+05
1.070860000000000000e+05
5.989300000000000000e+04
1.523200000000000000e+05
7.708000000000000000e+03
7.836700000000000000e+04
1.297150000000000000e+05
5.348600000000000000e+04
1.109590000000000000e+05
1.638520000000000000e+05
9.838600000000000000e+04
3.220000000000000000e+02
9.405700000000000000e+04
1.282590000000000000e+05
3.378600000000000000e+04
7.527100000000000000e+04
3.550200000000000000e+04
1.493070000000000000e+05
2.060800000000000000e+04
6.460000000000000000e+03
1.403030000000000000e+05
1.531400000000000000e+05
6.992500000000000000e+04
2.016400000000000000e+04
5.188100000000000000e+04
1.367500000000000000e+05
8.920600000000000000e+04
9.610200000000000000e+04
1.986700000000000000e+04
1.486000000000000000e+03
6.514000000000000000e+04
9.398200000000000000e+04
4.856400000000000000e+04
6.135300000000000000e+04
4.876000000000000000e+03
1.468040000000000000e+05
1.255540000000000000e+05
2.913700000000000000e+04
1.514550000000000000e+05
5.744800000000000000e+04
7.122000000000000000e+03
2.602700000000000000e+04
1.186590000000000000e+05
7.801200000000000000e+04
5.481000000000000000e+04
1.404090000000000000e+05
1.004990000000000000e+05
1.207570000000000000e+05
6.268600000000000000e+04
8.215800000000000000e+04
1.289490000000000000e+05
1.346680000000000000e+05
8.395100000000000000e+04
8.740700000000000000e+04
1.453390000000000000e+05
1.358760000000000000e+05
1.511160000000000000e+05
1.341740000000000000e+05
5.980100000000000000e+04
2.387400000000000000e+04
1.773000000000000000e+03
1.560280000000000000e+05
6.944000000000000000e+04
1.160440000000000000e+05
7.603700000000000000e+04
3.547100000000000000e+04
1.296380000000000000e+05
1.203310000000000000e+05
1.020530000000000000e+05
1.063180000000000000e+05
1.299550000000000000e+05
1.641920000000000000e+05
1.141610000000000000e+05
5.604100000000000000e+04
8.640300000000000000e+04
3.874100000000000000e+04
5.374600000000000000e+04
1.659150000000000000e+05
6.752100000000000000e+04
1.359460000000000000e+05
1.169510000000000000e+05
3.052700000000000000e+04
4.068600000000000000e+04
4.031500000000000000e+04
1.108110000000000000e+05
1.366920000000000000e+05
6.204900000000000000e+04
1.086910000000000000e+05
1.319530000000000000e+05
1.526230000000000000e+05
2.763800000000000000e+04
2.621600000000000000e+04
7.794400000000000000e+04
6.934100000000000000e+04
1.276630000000000000e+05
1.272430000000000000e+05
1.459510000000000000e+05
4.255400000000000000e+04
1.300660000000000000e+05
8.474100000000000000e+04
1.151720000000000000e+05
2.823600000000000000e+04
1.448170000000000000e+05
1.186640000000000000e+05
5.819000000000000000e+03
2.281400000000000000e+04
1.500740000000000000e+05
9.720100000000000000e+04
1.341600000000000000e+04
1.142140000000000000e+05
1.234600000000000000e+05
1.179100000000000000e+05
1.416410000000000000e+05
2.117600000000000000e+04
4.562700000000000000e+04
1.281280000000000000e+05
1.257180000000000000e+05
1.180390000000000000e+05
5.669200000000000000e+04
4.236900000000000000e+04
2.573800000000000000e+04
1.125790000000000000e+05
8.817000000000000000e+03
3.434400000000000000e+04
1.454240000000000000e+05
1.422840000000000000e+05
1.640830000000000000e+05
1.152080000000000000e+05
6.391000000000000000e+04
1.108440000000000000e+05
2.029000000000000000e+03
1.496750000000000000e+05
9.976700000000000000e+04
1.130800000000000000e+04
1.353140000000000000e+05
8.070000000000000000e+02
1.172620000000000000e+05
1.419480000000000000e+05
1.153100000000000000e+04
4.314600000000000000e+04
2.778900000000000000e+04
9.325000000000000000e+03
1.270700000000000000e+05
1.353790000000000000e+05
7.737800000000000000e+04
3.459100000000000000e+04
1.180210000000000000e+05
7.066000000000000000e+03
1.025540000000000000e+05
1.206690000000000000e+05
1.634380000000000000e+05
1.134190000000000000e+05
1.117430000000000000e+05
1.312380000000000000e+05
1.892300000000000000e+04
7.690900000000000000e+04
1.349980000000000000e+05
4.237100000000000000e+04
7.092500000000000000e+04
8.592000000000000000e+04
1.100180000000000000e+05
1.086890000000000000e+05
6.229000000000000000e+04
3.742200000000000000e+04
1.105380000000000000e+05
1.331890000000000000e+05
1.256710000000000000e+05
7.756800000000000000e+04
2.929100000000000000e+04
1.220900000000000000e+04
3.604000000000000000e+04
9.006000000000000000e+04
7.373200000000000000e+04
1.982900000000000000e+04
2.933900000000000000e+04
5.482500000000000000e+04
1.658230000000000000e+05
9.514600000000000000e+04
9.429700000000000000e+04
7.382100000000000000e+04
9.430300000000000000e+04
9.757600000000000000e+04
4.831500000000000000e+04
1.114020000000000000e+05
9.664600000000000000e+04
1.645540000000000000e+05
1.220570000000000000e+05
1.064230000000000000e+05
1.605770000000000000e+05
6.414500000000000000e+04
5.218200000000000000e+04
1.100100000000000000e+05
6.719900000000000000e+04
7.876600000000000000e+04
8.807600000000000000e+04
1.047760000000000000e+05
1.254470000000000000e+05
9.937300000000000000e+04
1.200600000000000000e+05
1.309460000000000000e+05
1.479070000000000000e+05
1.802400000000000000e+04
1.104140000000000000e+05
1.540240000000000000e+05
5.185500000000000000e+04
1.495380000000000000e+05
1.623010000000000000e+05
2.681800000000000000e+04
1.496400000000000000e+04
2.123600000000000000e+04
1.686730000000000000e+05
1.680800000000000000e+04
9.464000000000000000e+04
4.985600000000000000e+04
2.072800000000000000e+04
4.545000000000000000e+03
1.162610000000000000e+05
1.689150000000000000e+05
5.711700000000000000e+04
7.725200000000000000e+04
6.368100000000000000e+04
5.589000000000000000e+04
7.650200000000000000e+04
7.968800000000000000e+04
1.048800000000000000e+04
1.192790000000000000e+05
2.899200000000000000e+04
6.481700000000000000e+04
1.616100000000000000e+04
1.484530000000000000e+05
3.907400000000000000e+04
9.281800000000000000e+04
1.674200000000000000e+04
1.570350000000000000e+05
1.381290000000000000e+05
1.344000000000000000e+03
1.487560000000000000e+05
7.834200000000000000e+04
1.207000000000000000e+05
3.977000000000000000e+03
3.551100000000000000e+04
2.098500000000000000e+04
1.429880000000000000e+05
9.884100000000000000e+04
1.465760000000000000e+05
5.907500000000000000e+04
1.559010000000000000e+05
1.046920000000000000e+05
7.553000000000000000e+03
1.190780000000000000e+05
3.587200000000000000e+04
2.059100000000000000e+04
3.195000000000000000e+03
1.440660000000000000e+05
7.839000000000000000e+03
1.648740000000000000e+05
5.223100000000000000e+04
1.210000000000000000e+04
2.990300000000000000e+04
6.872100000000000000e+04
4.432700000000000000e+04
8.172500000000000000e+04
8.013800000000000000e+04
9.154600000000000000e+04
8.734900000000000000e+04
1.172560000000000000e+05
3.613300000000000000e+04
1.275650000000000000e+05
1.191850000000000000e+05
1.597610000000000000e+05
4.670300000000000000e+04
7.918500000000000000e+04
1.329690000000000000e+05
6.341000000000000000e+04
4.852200000000000000e+04
1.384100000000000000e+04
1.185880000000000000e+05
6.872600000000000000e+04
2.122600000000000000e+04
3.593900000000000000e+04
5.508600000000000000e+04
9.552000000000000000e+04
6.851600000000000000e+04
3.175500000000000000e+04
8.052000000000000000e+03
8.234100000000000000e+04
1.145010000000000000e+05
1.221600000000000000e+04
1.201600000000000000e+04
6.480700000000000000e+04
6.533300000000000000e+04
1.484900000000000000e+04
1.358830000000000000e+05
1.321710000000000000e+05
1.354000000000000000e+03
1.321610000000000000e+05
1.163500000000000000e+04
1.471730000000000000e+05
8.964900000000000000e+04
9.372000000000000000e+03
1.631340000000000000e+05
1.762700000000000000e+04
1.579750000000000000e+05
1.393470000000000000e+05
1.183300000000000000e+05
1.608320000000000000e+05
1.382620000000000000e+05
1.039000000000000000e+04
3.814600000000000000e+04
3.627300000000000000e+04
8.875300000000000000e+04
2.684000000000000000e+03
4.680300000000000000e+04
1.056020000000000000e+05
5.405000000000000000e+03
7.179500000000000000e+04
1.165900000000000000e+05
1.689320000000000000e+05
1.442720000000000000e+05
1.597110000000000000e+05
1.125620000000000000e+05
2.534500000000000000e+04
5.236600000000000000e+04
5.498600000000000000e+04
9.751300000000000000e+04
5.496900000000000000e+04
2.151700000000000000e+04
3.589200000000000000e+04
4.928300000000000000e+04
2.772500000000000000e+04
6.686000000000000000e+04
1.031050000000000000e+05
8.157100000000000000e+04
7.485000000000000000e+03
1.217600000000000000e+05
6.433400000000000000e+04
6.519500000000000000e+04
4.193900000000000000e+04
1.377410000000000000e+05
1.351170000000000000e+05
1.488800000000000000e+04
1.559650000000000000e+05
3.184100000000000000e+04
3.220900000000000000e+04
1.613720000000000000e+05
4.093200000000000000e+04
1.187900000000000000e+04
3.799200000000000000e+04
9.038400000000000000e+04
1.203810000000000000e+05
1.559130000000000000e+05
7.740000000000000000e+03
1.545460000000000000e+05
3.474800000000000000e+04
3.917100000000000000e+04
1.539570000000000000e+05
1.309810000000000000e+05
8.515000000000000000e+04
5.196900000000000000e+04
8.910400000000000000e+04
1.558530000000000000e+05
4.571700000000000000e+04
1.311810000000000000e+05
5.489000000000000000e+03
1.133980000000000000e+05
2.395300000000000000e+04
4.446300000000000000e+04
8.782200000000000000e+04
8.167500000000000000e+04
1.603880000000000000e+05
1.506870000000000000e+05
9.369000000000000000e+03
3.562000000000000000e+04
4.227800000000000000e+04
1.612540000000000000e+05
8.382000000000000000e+04
6.729900000000000000e+04
9.981700000000000000e+04
4.647800000000000000e+04
7.596800000000000000e+04
1.515130000000000000e+05
1.188260000000000000e+05
1.052180000000000000e+05
1.347100000000000000e+04
6.857400000000000000e+04
3.258900000000000000e+04
1.620100000000000000e+05
3.211000000000000000e+04
1.213860000000000000e+05
1.179500000000000000e+04
1.522700000000000000e+05
1.528520000000000000e+05
1.831300000000000000e+04
1.590570000000000000e+05
1.076550000000000000e+05
9.093600000000000000e+04
1.739300000000000000e+04
5.712100000000000000e+04
1.300210000000000000e+05
5.339400000000000000e+04
1.601880000000000000e+05
1.552440000000000000e+05
1.668280000000000000e+05
7.020000000000000000e+02
1.225870000000000000e+05
2.453100000000000000e+04
6.624900000000000000e+04
3.767300000000000000e+04
8.240100000000000000e+04
1.316610000000000000e+05
1.361970000000000000e+05
1.061200000000000000e+04
5.452000000000000000e+04
1.713800000000000000e+04
3.593300000000000000e+04
1.327140000000000000e+05
1.103070000000000000e+05
8.277900000000000000e+04
8.962500000000000000e+04
4.430800000000000000e+04
1.061440000000000000e+05
1.643400000000000000e+05
9.707100000000000000e+04
1.046120000000000000e+05
2.091100000000000000e+04
1.302100000000000000e+05
1.328990000000000000e+05
1.149600000000000000e+04
1.178470000000000000e+05
1.363420000000000000e+05
1.398180000000000000e+05
8.006700000000000000e+04
3.992500000000000000e+04
1.674890000000000000e+05
1.171480000000000000e+05
1.644650000000000000e+05
1.685000000000000000e+03
1.429000000000000000e+05
7.166000000000000000e+03
6.062400000000000000e+04
3.994700000000000000e+04
1.426720000000000000e+05
1.012080000000000000e+05
1.118460000000000000e+05
7.023000000000000000e+04
8.761400000000000000e+04
9.621200000000000000e+04
4.139000000000000000e+03
1.498900000000000000e+04
1.300450000000000000e+05
1.813100000000000000e+04
1.111790000000000000e+05
1.462860000000000000e+05
1.588280000000000000e+05
4.434700000000000000e+04
7.692100000000000000e+04
5.490000000000000000e+02
2.209900000000000000e+04
4.527700000000000000e+04
1.283860000000000000e+05
1.550510000000000000e+05
8.885700000000000000e+04
2.121000000000000000e+04
1.691160000000000000e+05
1.120900000000000000e+05
1.326990000000000000e+05
3.243900000000000000e+04
4.844800000000000000e+04
1.023540000000000000e+05
1.970600000000000000e+04
4.912400000000000000e+04
1.820300000000000000e+04
1.446180000000000000e+05
7.622000000000000000e+04
7.069100000000000000e+04
1.451200000000000000e+05
1.009730000000000000e+05
1.412830000000000000e+05
2.586200000000000000e+04
1.447460000000000000e+05
1.562100000000000000e+05
4.147400000000000000e+04
3.099600000000000000e+04
3.556500000000000000e+04
8.987600000000000000e+04
9.973700000000000000e+04
1.402770000000000000e+05
1.373530000000000000e+05
9.751100000000000000e+04
1.644550000000000000e+05
1.653810000000000000e+05
7.262500000000000000e+04
1.395500000000000000e+04
1.473010000000000000e+05
1.244040000000000000e+05
1.001900000000000000e+04
3.731700000000000000e+04
7.844500000000000000e+04
1.649010000000000000e+05
6.622900000000000000e+04
9.066600000000000000e+04
1.229420000000000000e+05
4.687900000000000000e+04
1.628150000000000000e+05
1.675420000000000000e+05
2.958600000000000000e+04
4.703500000000000000e+04
1.039350000000000000e+05
3.978200000000000000e+04
1.399800000000000000e+04
1.474100000000000000e+04
1.375850000000000000e+05
7.940500000000000000e+04
4.333900000000000000e+04
4.352000000000000000e+03
1.597200000000000000e+04
1.284650000000000000e+05
4.315400000000000000e+04
6.797600000000000000e+04
4.932500000000000000e+04
9.993900000000000000e+04
1.362360000000000000e+05
5.839000000000000000e+03
1.640940000000000000e+05
7.618000000000000000e+04
7.259100000000000000e+04
1.578120000000000000e+05
9.412500000000000000e+04
1.211760000000000000e+05
8.342500000000000000e+04
4.667400000000000000e+04
1.610800000000000000e+05
7.700500000000000000e+04
1.580870000000000000e+05
5.059700000000000000e+04
1.037480000000000000e+05
9.007500000000000000e+04
3.229000000000000000e+03
1.242600000000000000e+05
3.013300000000000000e+04
1.179370000000000000e+05
3.851500000000000000e+04
2.291600000000000000e+04
6.090000000000000000e+03
1.390380000000000000e+05
5.617400000000000000e+04
1.231760000000000000e+05
5.167900000000000000e+04
5.452700000000000000e+04
1.279810000000000000e+05
1.687060000000000000e+05
7.265200000000000000e+04
3.262700000000000000e+04
1.481540000000000000e+05
1.589830000000000000e+05
1.103820000000000000e+05
1.519910000000000000e+05
7.955300000000000000e+04
1.893800000000000000e+04
1.198270000000000000e+05
1.394400000000000000e+04
1.176390000000000000e+05
1.045780000000000000e+05
1.621460000000000000e+05
7.304700000000000000e+04
3.682900000000000000e+04
8.074500000000000000e+04
1.227650000000000000e+05
5.316000000000000000e+03
1.054390000000000000e+05
1.232930000000000000e+05
8.701000000000000000e+04
8.969800000000000000e+04
1.419710000000000000e+05
1.018280000000000000e+05
8.793000000000000000e+03
6.502400000000000000e+04
5.147500000000000000e+04
5.340500000000000000e+04
1.060040000000000000e+05
7.168000000000000000e+04
2.943700000000000000e+04
8.520600000000000000e+04
9.148500000000000000e+04
1.477160000000000000e+05
9.059800000000000000e+04
7.084000000000000000e+04
1.008050000000000000e+05
6.406200000000000000e+04
1.087340000000000000e+05
7.191900000000000000e+04
7.539700000000000000e+04
1.269820000000000000e+05
9.793000000000000000e+04
1.106420000000000000e+05
7.164400000000000000e+04
1.643640000000000000e+05
1.249780000000000000e+05
9.364800000000000000e+04
7.600600000000000000e+04
1.298600000000000000e+05
6.555500000000000000e+04
7.953300000000000000e+04
2.401300000000000000e+04
5.156800000000000000e+04
6.296900000000000000e+04
5.406100000000000000e+04
1.033990000000000000e+05
8.367900000000000000e+04
3.359500000000000000e+04
4.982200000000000000e+04
3.237300000000000000e+04
9.673100000000000000e+04
1.486170000000000000e+05
3.252200000000000000e+04
3.410600000000000000e+04
1.644240000000000000e+05
4.581900000000000000e+04
8.370600000000000000e+04
1.226100000000000000e+05
1.076700000000000000e+04
2.915000000000000000e+03
1.063560000000000000e+05
2.306600000000000000e+04
1.141680000000000000e+05
7.871000000000000000e+04
3.188600000000000000e+04
2.181700000000000000e+04
2.415500000000000000e+04
1.553840000000000000e+05
1.352910000000000000e+05
6.740500000000000000e+04
4.597200000000000000e+04
4.401100000000000000e+04
5.058400000000000000e+04
9.613400000000000000e+04
3.088200000000000000e+04
5.805300000000000000e+04
3.174900000000000000e+04
4.202500000000000000e+04
7.036700000000000000e+04
7.303100000000000000e+04
1.585060000000000000e+05
1.474820000000000000e+05
1.621470000000000000e+05
1.434120000000000000e+05
7.380600000000000000e+04
1.373080000000000000e+05
4.262200000000000000e+04
1.417490000000000000e+05
1.277190000000000000e+05
1.517720000000000000e+05
7.454000000000000000e+04
1.110710000000000000e+05
1.580540000000000000e+05
1.034860000000000000e+05
1.152960000000000000e+05
1.684930000000000000e+05
9.272700000000000000e+04
7.118200000000000000e+04
9.428500000000000000e+04
1.219460000000000000e+05
1.131500000000000000e+05
1.497300000000000000e+05
8.873700000000000000e+04
7.947600000000000000e+04
1.314720000000000000e+05
4.404800000000000000e+04
4.496000000000000000e+03
1.017090000000000000e+05
3.378900000000000000e+04
1.345900000000000000e+04
1.245360000000000000e+05
1.108170000000000000e+05
4.871600000000000000e+04
1.247650000000000000e+05
6.879000000000000000e+04
4.004800000000000000e+04
1.016140000000000000e+05
3.001900000000000000e+04
2.712500000000000000e+04
9.609900000000000000e+04
1.807200000000000000e+04
3.496700000000000000e+04
4.798800000000000000e+04
1.636050000000000000e+05
6.582500000000000000e+04
9.919500000000000000e+04
1.327180000000000000e+05
1.269080000000000000e+05
5.973000000000000000e+04
6.943500000000000000e+04
1.459340000000000000e+05
1.233490000000000000e+05
1.632790000000000000e+05
1.977800000000000000e+04
1.438600000000000000e+05
1.529150000000000000e+05
8.913500000000000000e+04
9.626400000000000000e+04
1.603690000000000000e+05
1.153950000000000000e+05
1.459850000000000000e+05
3.671200000000000000e+04
1.604600000000000000e+04
1.428950000000000000e+05
2.829000000000000000e+04
8.635300000000000000e+04
1.683290000000000000e+05
1.731000000000000000e+03
4.255700000000000000e+04
1.643680000000000000e+05
1.428520000000000000e+05
6.201100000000000000e+04
2.555400000000000000e+04
1.689350000000000000e+05
3.796100000000000000e+04
1.472160000000000000e+05
9.546800000000000000e+04
1.270240000000000000e+05
9.116000000000000000e+04
8.652000000000000000e+03
4.288400000000000000e+04
8.084300000000000000e+04
1.649340000000000000e+05
1.020900000000000000e+05
6.570000000000000000e+04
1.312110000000000000e+05
9.401000000000000000e+04
1.549910000000000000e+05
1.325450000000000000e+05
1.118920000000000000e+05
1.190220000000000000e+05
1.344950000000000000e+05
9.058400000000000000e+04
2.247900000000000000e+04
1.016320000000000000e+05
5.504900000000000000e+04
1.440360000000000000e+05
8.801700000000000000e+04
1.624430000000000000e+05
1.516060000000000000e+05
1.190600000000000000e+05
1.266720000000000000e+05
1.622720000000000000e+05
2.222700000000000000e+04
1.108010000000000000e+05
9.007300000000000000e+04
1.529290000000000000e+05
6.747400000000000000e+04
1.615550000000000000e+05
5.545200000000000000e+04
1.688740000000000000e+05
2.748700000000000000e+04
1.554000000000000000e+03
1.160190000000000000e+05
4.545800000000000000e+04
4.793800000000000000e+04
1.084920000000000000e+05
1.363090000000000000e+05
1.416280000000000000e+05
1.678800000000000000e+05
8.983700000000000000e+04
1.567160000000000000e+05
2.711900000000000000e+04
1.678190000000000000e+05
1.617630000000000000e+05
1.525830000000000000e+05
5.340600000000000000e+04
7.023500000000000000e+04
3.528200000000000000e+04
1.478970000000000000e+05
1.505540000000000000e+05
1.218430000000000000e+05
9.128100000000000000e+04
4.810600000000000000e+04
7.708900000000000000e+04
1.408620000000000000e+05
1.101350000000000000e+05
8.103200000000000000e+04
1.610760000000000000e+05
6.480000000000000000e+03
1.190500000000000000e+04
8.872800000000000000e+04
5.193600000000000000e+04
1.112410000000000000e+05
8.479500000000000000e+04
1.298910000000000000e+05
1.575430000000000000e+05
5.420600000000000000e+04
2.952300000000000000e+04
2.581000000000000000e+03
6.655000000000000000e+03
1.415940000000000000e+05
5.157000000000000000e+04
1.717800000000000000e+04
1.355080000000000000e+05
9.820400000000000000e+04
7.919000000000000000e+03
1.583880000000000000e+05
1.265290000000000000e+05
7.987800000000000000e+04
2.535500000000000000e+04
1.668820000000000000e+05
1.290940000000000000e+05
1.384470000000000000e+05
4.030000000000000000e+02
7.957300000000000000e+04
1.058270000000000000e+05
2.696400000000000000e+04
2.775000000000000000e+04
1.187500000000000000e+05
1.563150000000000000e+05
1.462840000000000000e+05
4.031700000000000000e+04
1.316900000000000000e+04
2.191900000000000000e+04
1.537220000000000000e+05
1.156240000000000000e+05
8.362200000000000000e+04
2.572300000000000000e+04
1.364110000000000000e+05
8.593500000000000000e+04
1.598820000000000000e+05
1.560200000000000000e+05
1.311320000000000000e+05
1.459590000000000000e+05
8.526900000000000000e+04
1.795100000000000000e+04
1.522240000000000000e+05
1.137870000000000000e+05
9.389000000000000000e+03
3.929000000000000000e+04
7.240600000000000000e+04
7.971000000000000000e+03
3.486500000000000000e+04
8.875000000000000000e+04
2.882600000000000000e+04
7.056800000000000000e+04
5.314400000000000000e+04
9.129400000000000000e+04
1.484410000000000000e+05
1.299300000000000000e+04
1.265530000000000000e+05
1.290290000000000000e+05
3.775200000000000000e+04
1.003690000000000000e+05
6.199200000000000000e+04
6.033700000000000000e+04
1.112070000000000000e+05
8.768300000000000000e+04
5.529100000000000000e+04
1.254240000000000000e+05
5.718800000000000000e+04
4.026000000000000000e+03
1.087920000000000000e+05
9.611400000000000000e+04
1.882300000000000000e+04
9.609000000000000000e+04
1.047660000000000000e+05
1.461660000000000000e+05
9.378000000000000000e+03
1.651060000000000000e+05
5.235000000000000000e+03
4.519000000000000000e+04
5.263400000000000000e+04
1.008920000000000000e+05
1.136900000000000000e+05
1.493990000000000000e+05
3.913800000000000000e+04
1.240600000000000000e+04
1.435330000000000000e+05
2.141800000000000000e+04
1.606800000000000000e+05
6.949000000000000000e+03
5.076700000000000000e+04
1.591210000000000000e+05
4.636500000000000000e+04
1.112480000000000000e+05
9.361000000000000000e+03
2.813000000000000000e+03
4.863600000000000000e+04
1.438720000000000000e+05
5.462300000000000000e+04
1.736700000000000000e+04
1.686400000000000000e+05
1.369680000000000000e+05
1.108230000000000000e+05
1.508300000000000000e+05
1.125880000000000000e+05
8.825000000000000000e+04
1.186520000000000000e+05
4.766000000000000000e+04
5.212800000000000000e+04
1.340730000000000000e+05
2.876000000000000000e+03
3.622000000000000000e+03
1.322580000000000000e+05
9.951200000000000000e+04
1.413090000000000000e+05
2.027300000000000000e+04
4.620200000000000000e+04
2.408600000000000000e+04
1.453600000000000000e+04
1.430670000000000000e+05
4.815000000000000000e+03
7.310900000000000000e+04
5.388000000000000000e+04
4.439700000000000000e+04
1.603290000000000000e+05
1.239060000000000000e+05
1.551200000000000000e+04
1.234720000000000000e+05
1.065310000000000000e+05
6.185300000000000000e+04
5.350000000000000000e+03
1.376840000000000000e+05
1.242080000000000000e+05
5.222200000000000000e+04
1.473170000000000000e+05
8.523500000000000000e+04
1.388940000000000000e+05
1.083130000000000000e+05
3.767800000000000000e+04
3.733000000000000000e+04
3.377100000000000000e+04
9.722800000000000000e+04
1.538410000000000000e+05
8.757100000000000000e+04
9.195500000000000000e+04
6.396900000000000000e+04
7.827200000000000000e+04
1.318810000000000000e+05
1.644160000000000000e+05
1.236250000000000000e+05
7.177500000000000000e+04
3.591800000000000000e+04
1.602570000000000000e+05
1.231190000000000000e+05
9.399500000000000000e+04
3.664300000000000000e+04
6.448900000000000000e+04
5.957600000000000000e+04
1.311930000000000000e+05
5.655600000000000000e+04
1.274910000000000000e+05
1.610390000000000000e+05
1.110010000000000000e+05
1.222000000000000000e+05
8.053500000000000000e+04
8.799200000000000000e+04
9.175500000000000000e+04
1.990100000000000000e+04
5.987900000000000000e+04
9.394500000000000000e+04
7.297200000000000000e+04
5.343300000000000000e+04
1.116320000000000000e+05
4.786900000000000000e+04
1.164800000000000000e+04
8.623900000000000000e+04
9.015700000000000000e+04
1.631270000000000000e+05
3.121300000000000000e+04
3.361100000000000000e+04
1.219320000000000000e+05
5.843500000000000000e+04
1.233190000000000000e+05
1.588390000000000000e+05
1.597170000000000000e+05
7.012000000000000000e+04
1.519790000000000000e+05
5.415900000000000000e+04
3.109100000000000000e+04
1.033700000000000000e+05
4.429500000000000000e+04
1.428370000000000000e+05
2.216000000000000000e+04
1.257000000000000000e+04
1.134670000000000000e+05
1.220540000000000000e+05
4.596800000000000000e+04
1.050480000000000000e+05
5.840600000000000000e+04
7.634000000000000000e+04
8.422000000000000000e+04
8.702900000000000000e+04
2.683000000000000000e+04
3.039100000000000000e+04
1.258840000000000000e+05
1.566170000000000000e+05
1.480400000000000000e+04
1.434880000000000000e+05
5.519200000000000000e+04
6.675600000000000000e+04
1.455400000000000000e+04
5.943300000000000000e+04
7.150100000000000000e+04
8.120300000000000000e+04
1.533030000000000000e+05
5.466300000000000000e+04
1.186510000000000000e+05
1.117640000000000000e+05
2.496600000000000000e+04
1.365770000000000000e+05
3.576600000000000000e+04
1.167670000000000000e+05
1.181820000000000000e+05
2.153300000000000000e+04
1.398780000000000000e+05
9.237500000000000000e+04
8.425800000000000000e+04
5.356000000000000000e+03
1.206220000000000000e+05
5.409700000000000000e+04
4.429900000000000000e+04
1.156840000000000000e+05
7.641600000000000000e+04
1.578390000000000000e+05
1.633120000000000000e+05
7.769200000000000000e+04
2.987300000000000000e+04
9.936600000000000000e+04
1.074320000000000000e+05
1.370910000000000000e+05
1.099330000000000000e+05
1.240880000000000000e+05
2.223600000000000000e+04
1.301570000000000000e+05
9.980400000000000000e+04
2.131000000000000000e+04
1.161610000000000000e+05
5.734700000000000000e+04
6.921700000000000000e+04
3.649600000000000000e+04
2.619100000000000000e+04
2.837800000000000000e+04
6.218700000000000000e+04
1.293830000000000000e+05
6.917900000000000000e+04
1.059880000000000000e+05
6.994500000000000000e+04
6.649500000000000000e+04
2.432700000000000000e+04
3.344200000000000000e+04
4.140500000000000000e+04
8.240000000000000000e+04
9.618300000000000000e+04
1.204780000000000000e+05
5.876800000000000000e+04
6.431000000000000000e+03
5.134300000000000000e+04
1.590800000000000000e+04
6.317500000000000000e+04
8.817100000000000000e+04
1.325580000000000000e+05
1.038020000000000000e+05
4.192100000000000000e+04
1.013630000000000000e+05
1.059030000000000000e+05
1.587720000000000000e+05
7.567500000000000000e+04
9.887100000000000000e+04
1.591770000000000000e+05
1.517280000000000000e+05
1.503760000000000000e+05
1.577110000000000000e+05
9.489200000000000000e+04
1.603160000000000000e+05
1.110430000000000000e+05
1.154450000000000000e+05
2.524900000000000000e+04
1.682340000000000000e+05
3.915700000000000000e+04
1.402940000000000000e+05
6.220000000000000000e+03
1.426510000000000000e+05
1.155390000000000000e+05
1.289110000000000000e+05
5.752700000000000000e+04
2.372200000000000000e+04
8.208100000000000000e+04
1.172680000000000000e+05
5.869100000000000000e+04
1.248840000000000000e+05
5.299800000000000000e+04
6.927300000000000000e+04
1.229860000000000000e+05
6.235000000000000000e+04
9.556300000000000000e+04
9.026700000000000000e+04
5.583700000000000000e+04
1.078790000000000000e+05
5.410000000000000000e+02
1.206830000000000000e+05
1.551600000000000000e+05
4.001000000000000000e+03
4.211800000000000000e+04
4.020200000000000000e+04
3.428400000000000000e+04
2.075600000000000000e+04
1.522500000000000000e+04
4.627700000000000000e+04
1.292270000000000000e+05
9.736800000000000000e+04
3.790800000000000000e+04
2.240000000000000000e+02
1.225000000000000000e+04
1.298170000000000000e+05
4.626700000000000000e+04
1.363610000000000000e+05
1.208300000000000000e+05
1.175050000000000000e+05
1.372020000000000000e+05
1.101060000000000000e+05
5.052200000000000000e+04
3.277400000000000000e+04
1.199100000000000000e+04
3.347500000000000000e+04
5.760000000000000000e+03
1.257200000000000000e+04
1.379110000000000000e+05
6.474000000000000000e+04
1.651730000000000000e+05
1.216960000000000000e+05
5.590700000000000000e+04
1.117130000000000000e+05
1.131310000000000000e+05
4.222100000000000000e+04
1.588600000000000000e+04
5.786000000000000000e+04
1.626240000000000000e+05
5.119000000000000000e+04
5.592000000000000000e+04
8.766000000000000000e+03
1.322710000000000000e+05
6.406300000000000000e+04
9.658900000000000000e+04
1.654360000000000000e+05
1.206270000000000000e+05
1.136700000000000000e+05
1.404810000000000000e+05
9.919600000000000000e+04
1.656910000000000000e+05
1.055770000000000000e+05
8.601700000000000000e+04
1.394450000000000000e+05
9.426900000000000000e+04
8.270000000000000000e+04
4.894100000000000000e+04
5.781800000000000000e+04
1.506720000000000000e+05
1.881000000000000000e+04
7.504000000000000000e+03
6.000400000000000000e+04
8.171800000000000000e+04
4.824200000000000000e+04
1.685970000000000000e+05
4.491800000000000000e+04
1.873800000000000000e+04
1.258500000000000000e+05
7.239000000000000000e+03
1.186710000000000000e+05
2.908100000000000000e+04
1.657170000000000000e+05
1.218290000000000000e+05
8.814000000000000000e+03
5.409000000000000000e+04
3.455600000000000000e+04
5.456800000000000000e+04
9.265800000000000000e+04
1.466600000000000000e+04
5.183900000000000000e+04
1.228750000000000000e+05
5.966200000000000000e+04
1.505910000000000000e+05
8.529300000000000000e+04
1.602810000000000000e+05
1.382660000000000000e+05
1.363320000000000000e+05
5.403000000000000000e+03
7.101200000000000000e+04
3.623500000000000000e+04
2.448800000000000000e+04
9.297200000000000000e+04
3.052900000000000000e+04
1.486350000000000000e+05
6.349100000000000000e+04
1.308060000000000000e+05
1.288260000000000000e+05
1.557370000000000000e+05
1.140020000000000000e+05
1.369200000000000000e+05
8.740100000000000000e+04
1.674700000000000000e+04
7.843700000000000000e+04
1.430120000000000000e+05
1.248720000000000000e+05
2.080300000000000000e+04
7.457700000000000000e+04
1.299470000000000000e+05
2.320600000000000000e+04
1.298320000000000000e+05
1.410320000000000000e+05
9.206600000000000000e+04
1.337410000000000000e+05
1.093140000000000000e+05
1.015520000000000000e+05
1.318240000000000000e+05
7.614000000000000000e+04
5.848600000000000000e+04
1.984900000000000000e+04
8.118100000000000000e+04
7.779000000000000000e+04
1.248390000000000000e+05
3.532000000000000000e+03
3.954000000000000000e+03
1.267380000000000000e+05
1.605890000000000000e+05
7.747800000000000000e+04
1.371740000000000000e+05
6.772000000000000000e+03
3.479900000000000000e+04
2.399600000000000000e+04
7.938200000000000000e+04
1.685830000000000000e+05
9.026000000000000000e+04
1.513560000000000000e+05
1.023300000000000000e+05
1.361010000000000000e+05
1.071660000000000000e+05
5.616500000000000000e+04
1.332950000000000000e+05
1.337870000000000000e+05
1.053150000000000000e+05
7.325100000000000000e+04
4.531500000000000000e+04
2.322400000000000000e+04
9.187300000000000000e+04
3.110100000000000000e+04
9.106300000000000000e+04
4.497100000000000000e+04
1.460560000000000000e+05
7.700600000000000000e+04
4.276100000000000000e+04
2.965200000000000000e+04
1.058550000000000000e+05
1.451590000000000000e+05
1.378660000000000000e+05
1.378100000000000000e+04
7.811400000000000000e+04
1.485750000000000000e+05
6.304000000000000000e+04
6.614300000000000000e+04
9.380000000000000000e+03
1.170640000000000000e+05
1.342530000000000000e+05
1.485830000000000000e+05
9.051800000000000000e+04
6.540400000000000000e+04
1.232850000000000000e+05
5.503700000000000000e+04
1.097250000000000000e+05
1.118000000000000000e+03
1.538710000000000000e+05
7.418800000000000000e+04
1.281780000000000000e+05
1.482200000000000000e+04
2.259100000000000000e+04
6.528300000000000000e+04
3.926300000000000000e+04
1.385980000000000000e+05
5.089300000000000000e+04
1.649290000000000000e+05
1.232490000000000000e+05
1.421400000000000000e+04
1.031720000000000000e+05
5.298200000000000000e+04
5.621500000000000000e+04
7.928900000000000000e+04
4.174800000000000000e+04
7.793300000000000000e+04
8.592500000000000000e+04
6.697400000000000000e+04
1.271840000000000000e+05
1.370090000000000000e+05
1.779800000000000000e+04
3.852100000000000000e+04
8.831800000000000000e+04
9.688700000000000000e+04
1.563700000000000000e+04
3.196100000000000000e+04
4.965800000000000000e+04
1.429790000000000000e+05
1.240480000000000000e+05
7.904700000000000000e+04
1.229000000000000000e+05
8.333200000000000000e+04
9.101000000000000000e+04
9.362100000000000000e+04
1.238630000000000000e+05
4.718800000000000000e+04
9.823900000000000000e+04
3.589300000000000000e+04
1.045750000000000000e+05
1.382890000000000000e+05
7.569000000000000000e+04
1.616100000000000000e+05
8.840600000000000000e+04
7.206900000000000000e+04
1.392980000000000000e+05
7.011500000000000000e+04
1.084360000000000000e+05
1.580320000000000000e+05
7.352300000000000000e+04
1.489130000000000000e+05
1.466470000000000000e+05
1.677820000000000000e+05
9.838000000000000000e+04
6.130900000000000000e+04
2.647100000000000000e+04
1.420650000000000000e+05
3.200300000000000000e+04
1.403660000000000000e+05
1.516680000000000000e+05
9.274000000000000000e+03
8.142600000000000000e+04
8.300000000000000000e+01
1.921500000000000000e+04
1.301810000000000000e+05
1.207500000000000000e+05
4.864600000000000000e+04
1.275160000000000000e+05
1.206490000000000000e+05
1.636250000000000000e+05
4.038900000000000000e+04
7.063700000000000000e+04
2.146000000000000000e+03
7.415800000000000000e+04
3.807100000000000000e+04
2.010200000000000000e+04
2.641100000000000000e+04
9.147500000000000000e+04
1.068820000000000000e+05
7.187600000000000000e+04
4.076000000000000000e+04
1.472230000000000000e+05
7.994000000000000000e+04
1.620000000000000000e+04
5.950000000000000000e+02
1.611000000000000000e+03
1.616210000000000000e+05
1.690480000000000000e+05
2.702300000000000000e+04
1.246610000000000000e+05
1.153050000000000000e+05
7.711000000000000000e+03
5.727300000000000000e+04
6.676000000000000000e+04
1.176150000000000000e+05
1.259530000000000000e+05
4.163500000000000000e+04
1.530740000000000000e+05
9.893700000000000000e+04
1.120230000000000000e+05
4.536300000000000000e+04
4.961400000000000000e+04
3.769900000000000000e+04
2.141700000000000000e+04
1.235160000000000000e+05
1.655510000000000000e+05
1.508790000000000000e+05
1.601410000000000000e+05
1.610190000000000000e+05
1.487620000000000000e+05
1.297340000000000000e+05
4.716400000000000000e+04
1.272710000000000000e+05
9.095400000000000000e+04
1.538000000000000000e+05
2.918400000000000000e+04
1.017720000000000000e+05
1.985100000000000000e+04
4.904800000000000000e+04
7.718000000000000000e+03
1.684030000000000000e+05
1.583570000000000000e+05
6.880000000000000000e+04
5.871000000000000000e+03
2.430300000000000000e+04
7.228700000000000000e+04
1.544530000000000000e+05
1.514800000000000000e+05
1.124720000000000000e+05
3.781100000000000000e+04
2.807200000000000000e+04
1.239780000000000000e+05
1.142790000000000000e+05
9.851600000000000000e+04
1.175800000000000000e+04
5.051100000000000000e+04
1.220080000000000000e+05
4.641800000000000000e+04
1.350000000000000000e+05
1.045940000000000000e+05
8.912000000000000000e+04
9.128000000000000000e+03
1.197540000000000000e+05
1.114310000000000000e+05
4.717000000000000000e+03
6.637600000000000000e+04
1.687310000000000000e+05
4.399800000000000000e+04
7.962600000000000000e+04
5.377800000000000000e+04
1.514700000000000000e+04
1.932100000000000000e+04
1.339570000000000000e+05
7.631600000000000000e+04
1.229540000000000000e+05
1.026370000000000000e+05
1.209800000000000000e+04
5.401300000000000000e+04
8.548400000000000000e+04
1.195520000000000000e+05
1.606680000000000000e+05
6.007100000000000000e+04
1.963700000000000000e+04
1.193360000000000000e+05
1.040330000000000000e+05
3.263500000000000000e+04
8.839600000000000000e+04
3.240900000000000000e+04
7.700700000000000000e+04
1.425860000000000000e+05
4.430300000000000000e+04
3.332400000000000000e+04
6.046900000000000000e+04
1.434990000000000000e+05
1.200170000000000000e+05
1.508840000000000000e+05
8.177800000000000000e+04
6.122600000000000000e+04
1.390740000000000000e+05
4.516900000000000000e+04
3.757000000000000000e+03
4.636800000000000000e+04
1.580230000000000000e+05
1.532750000000000000e+05
3.009600000000000000e+04
5.808200000000000000e+04
7.371600000000000000e+04
7.881000000000000000e+03
1.551930000000000000e+05
1.265840000000000000e+05
3.291400000000000000e+04
5.979300000000000000e+04
3.526000000000000000e+03
1.148280000000000000e+05
1.617240000000000000e+05
9.139200000000000000e+04
1.311790000000000000e+05
1.088180000000000000e+05
1.072740000000000000e+05
1.182140000000000000e+05
1.247810000000000000e+05
1.378830000000000000e+05
1.551840000000000000e+05
2.904400000000000000e+04
7.716000000000000000e+03
5.629900000000000000e+04
4.429000000000000000e+03
1.186850000000000000e+05
3.982200000000000000e+04
2.966300000000000000e+04
6.425900000000000000e+04
1.284970000000000000e+05
6.439800000000000000e+04
1.192260000000000000e+05
5.713600000000000000e+04
1.267440000000000000e+05
2.925800000000000000e+04
4.200000000000000000e+02
9.620800000000000000e+04
9.655000000000000000e+03
7.719100000000000000e+04
8.647300000000000000e+04
3.774700000000000000e+04
2.915000000000000000e+04
1.497310000000000000e+05
5.725800000000000000e+04
4.121000000000000000e+04
4.437300000000000000e+04
3.779300000000000000e+04
7.488500000000000000e+04
2.147700000000000000e+04
4.497700000000000000e+04
1.416320000000000000e+05
5.002200000000000000e+04
2.017300000000000000e+04
1.643930000000000000e+05
8.979600000000000000e+04
1.550130000000000000e+05
3.047500000000000000e+04
5.935300000000000000e+04
8.978100000000000000e+04
7.624800000000000000e+04
1.588740000000000000e+05
9.147200000000000000e+04
1.509050000000000000e+05
9.225000000000000000e+03
1.287050000000000000e+05
1.282960000000000000e+05
1.534250000000000000e+05
1.103460000000000000e+05
2.390600000000000000e+04
1.087970000000000000e+05
1.588690000000000000e+05
1.151490000000000000e+05
4.524600000000000000e+04
8.780700000000000000e+04
9.603700000000000000e+04
1.430300000000000000e+05
8.157200000000000000e+04
4.363400000000000000e+04
1.688840000000000000e+05
1.679810000000000000e+05
1.440600000000000000e+04
1.120190000000000000e+05
1.168200000000000000e+04
4.123400000000000000e+04
1.057450000000000000e+05
1.167150000000000000e+05
3.380400000000000000e+04
8.243700000000000000e+04
6.493100000000000000e+04
1.551910000000000000e+05
1.217240000000000000e+05
5.724000000000000000e+03
1.368080000000000000e+05
3.548000000000000000e+03
1.203710000000000000e+05
3.423400000000000000e+04
2.379500000000000000e+04
4.156200000000000000e+04
6.240900000000000000e+04
1.677500000000000000e+04
1.219380000000000000e+05
1.193940000000000000e+05
6.789000000000000000e+03
5.860000000000000000e+02
6.907100000000000000e+04
1.543480000000000000e+05
1.317180000000000000e+05
1.313680000000000000e+05
1.129650000000000000e+05
7.043800000000000000e+04
1.417910000000000000e+05
8.649800000000000000e+04
3.270400000000000000e+04
4.741000000000000000e+03
1.517090000000000000e+05
7.088400000000000000e+04
9.014500000000000000e+04
2.051700000000000000e+04
1.200200000000000000e+05
1.186190000000000000e+05
1.197850000000000000e+05
8.944500000000000000e+04
1.460310000000000000e+05
1.188280000000000000e+05
2.663500000000000000e+04
1.000540000000000000e+05
8.590000000000000000e+02
1.212680000000000000e+05
1.518710000000000000e+05
1.057200000000000000e+04
1.095190000000000000e+05
1.155740000000000000e+05
1.418230000000000000e+05
1.691800000000000000e+04
1.108320000000000000e+05
2.389800000000000000e+04
5.345000000000000000e+03
4.609000000000000000e+03
1.636690000000000000e+05
3.046300000000000000e+04
1.392950000000000000e+05
1.086400000000000000e+05
1.554840000000000000e+05
1.615980000000000000e+05
5.390900000000000000e+04
1.050130000000000000e+05
1.203040000000000000e+05
8.339200000000000000e+04
1.363170000000000000e+05
1.635640000000000000e+05
8.670800000000000000e+04
7.410600000000000000e+04
6.207400000000000000e+04
1.094290000000000000e+05
9.009600000000000000e+04
1.123440000000000000e+05
2.950600000000000000e+04
1.606800000000000000e+04
1.548460000000000000e+05
1.045350000000000000e+05
8.149600000000000000e+04
1.110900000000000000e+05
7.951200000000000000e+04
1.140060000000000000e+05
9.080000000000000000e+03
1.510400000000000000e+05
1.472410000000000000e+05
1.286620000000000000e+05
1.327200000000000000e+04
2.297400000000000000e+04
2.806700000000000000e+04
9.614400000000000000e+04
4.660100000000000000e+04
1.539500000000000000e+04
1.630170000000000000e+05
7.231300000000000000e+04
1.219240000000000000e+05
8.480500000000000000e+04
1.602270000000000000e+05
2.988700000000000000e+04
9.021700000000000000e+04
1.128740000000000000e+05
3.584500000000000000e+04
1.532040000000000000e+05
8.872200000000000000e+04
1.447020000000000000e+05
1.607200000000000000e+05
1.328740000000000000e+05
1.294900000000000000e+05
7.407200000000000000e+04
5.248000000000000000e+03
6.792100000000000000e+04
1.456290000000000000e+05
1.042110000000000000e+05
8.300700000000000000e+04
2.917000000000000000e+03
1.658470000000000000e+05
2.708400000000000000e+04
8.040800000000000000e+04
1.488030000000000000e+05
6.927000000000000000e+03
8.022400000000000000e+04
3.955100000000000000e+04
7.306200000000000000e+04
1.507300000000000000e+05
9.326800000000000000e+04
1.467090000000000000e+05
2.092400000000000000e+04
4.478300000000000000e+04
8.019000000000000000e+04
1.583870000000000000e+05
5.156400000000000000e+04
1.634340000000000000e+05
4.024000000000000000e+04
1.055300000000000000e+04
3.546800000000000000e+04
6.837000000000000000e+03
1.508870000000000000e+05
1.627300000000000000e+05
1.318940000000000000e+05
1.551990000000000000e+05
1.503830000000000000e+05
1.331170000000000000e+05
1.214860000000000000e+05
3.056400000000000000e+04
1.244480000000000000e+05
6.880000000000000000e+03
2.671400000000000000e+04
9.049900000000000000e+04
1.194130000000000000e+05
8.360900000000000000e+04
1.407020000000000000e+05
2.670100000000000000e+04
1.069450000000000000e+05
6.313600000000000000e+04
1.345080000000000000e+05
6.041500000000000000e+04
1.036820000000000000e+05
8.387300000000000000e+04
1.067060000000000000e+05
4.749800000000000000e+04
9.899200000000000000e+04
8.818700000000000000e+04
1.430330000000000000e+05
1.645240000000000000e+05
1.000960000000000000e+05
5.184000000000000000e+04
3.725300000000000000e+04
3.555100000000000000e+04
1.788300000000000000e+04
6.713900000000000000e+04
1.623940000000000000e+05
9.472000000000000000e+03
1.127380000000000000e+05
1.378620000000000000e+05
6.781400000000000000e+04
1.661180000000000000e+05
2.758300000000000000e+04
1.622200000000000000e+05
1.103210000000000000e+05
1.263290000000000000e+05
1.682480000000000000e+05
5.973500000000000000e+04
1.668670000000000000e+05
7.125800000000000000e+04
1.085330000000000000e+05
6.516300000000000000e+04
4.389200000000000000e+04
4.390900000000000000e+04
1.352650000000000000e+05
1.193110000000000000e+05
1.654190000000000000e+05
1.381320000000000000e+05
7.523100000000000000e+04
1.734000000000000000e+04
3.999600000000000000e+04
2.124400000000000000e+04
3.603900000000000000e+04
4.465400000000000000e+04
1.293610000000000000e+05
3.179000000000000000e+03
7.602500000000000000e+04
5.953600000000000000e+04
1.480650000000000000e+05
1.412100000000000000e+04
4.053000000000000000e+03
5.396400000000000000e+04
1.905300000000000000e+04
4.664200000000000000e+04
1.363430000000000000e+05
3.496300000000000000e+04
4.667600000000000000e+04
8.522600000000000000e+04
1.093360000000000000e+05
4.229000000000000000e+03
7.504300000000000000e+04
1.034000000000000000e+03
1.044580000000000000e+05
1.492150000000000000e+05
5.600000000000000000e+02
1.302900000000000000e+05
1.392640000000000000e+05
1.407890000000000000e+05
4.053800000000000000e+04
1.190200000000000000e+04
1.079700000000000000e+05
7.581900000000000000e+04
1.507820000000000000e+05
4.546200000000000000e+04
1.546120000000000000e+05
1.181420000000000000e+05
1.013810000000000000e+05
1.024180000000000000e+05
9.215400000000000000e+04
2.921800000000000000e+04
8.936500000000000000e+04
2.697400000000000000e+04
1.059410000000000000e+05
1.373520000000000000e+05
1.075290000000000000e+05
1.506930000000000000e+05
1.068650000000000000e+05
6.120200000000000000e+04
8.570500000000000000e+04
1.132360000000000000e+05
1.200430000000000000e+05
1.361270000000000000e+05
1.072140000000000000e+05
6.854200000000000000e+04
4.936900000000000000e+04
1.223210000000000000e+05
6.820500000000000000e+04
1.525720000000000000e+05
8.124900000000000000e+04
2.026400000000000000e+04
1.562740000000000000e+05
1.326400000000000000e+04
1.346880000000000000e+05
1.679550000000000000e+05
1.140530000000000000e+05
1.316410000000000000e+05
1.112940000000000000e+05
1.076570000000000000e+05
1.673680000000000000e+05
3.994900000000000000e+04
1.597300000000000000e+04
6.127000000000000000e+04
7.360400000000000000e+04
1.681140000000000000e+05
1.490990000000000000e+05
1.019430000000000000e+05
9.522900000000000000e+04
1.063380000000000000e+05
1.041420000000000000e+05
1.539830000000000000e+05
3.210300000000000000e+04
1.137660000000000000e+05
1.224780000000000000e+05
1.147860000000000000e+05
1.124550000000000000e+05
2.644100000000000000e+04
7.392400000000000000e+04
8.707000000000000000e+03
4.387300000000000000e+04
1.210770000000000000e+05
2.307900000000000000e+04
6.088500000000000000e+04
6.276300000000000000e+04
5.654200000000000000e+04
6.986600000000000000e+04
9.683100000000000000e+04
1.643000000000000000e+05
1.025270000000000000e+05
1.536120000000000000e+05
2.883600000000000000e+04
1.135560000000000000e+05
1.575810000000000000e+05
2.172400000000000000e+04
6.757700000000000000e+04
6.288600000000000000e+04
4.995000000000000000e+04
9.375300000000000000e+04
9.674700000000000000e+04
1.687960000000000000e+05
1.353840000000000000e+05
8.134800000000000000e+04
3.210100000000000000e+04
1.008900000000000000e+05
1.022690000000000000e+05
1.620780000000000000e+05
1.615990000000000000e+05
1.278540000000000000e+05
1.456610000000000000e+05
1.107790000000000000e+05
8.042600000000000000e+04
5.351000000000000000e+03
2.651300000000000000e+04
1.677400000000000000e+04
1.081030000000000000e+05
5.251200000000000000e+04
7.957500000000000000e+04
7.367100000000000000e+04
2.878300000000000000e+04
1.081590000000000000e+05
1.550540000000000000e+05
7.156000000000000000e+03
4.526500000000000000e+04
1.576130000000000000e+05
1.088820000000000000e+05
8.555000000000000000e+04
5.710400000000000000e+04
1.100520000000000000e+05
4.297600000000000000e+04
1.306500000000000000e+04
1.082900000000000000e+05
1.350820000000000000e+05
5.177100000000000000e+04
4.810000000000000000e+03
1.323300000000000000e+04
1.022380000000000000e+05
1.624750000000000000e+05
1.139860000000000000e+05
3.191300000000000000e+04
4.221200000000000000e+04
6.655300000000000000e+04
1.167070000000000000e+05
1.097800000000000000e+05
1.326700000000000000e+04
1.419900000000000000e+04
9.597000000000000000e+04
1.403510000000000000e+05
1.096080000000000000e+05
7.525500000000000000e+04
4.738300000000000000e+04
8.171400000000000000e+04
4.994000000000000000e+03
1.152320000000000000e+05
7.565700000000000000e+04
9.948400000000000000e+04
9.460000000000000000e+02
8.337400000000000000e+04
5.729100000000000000e+04
1.404070000000000000e+05
1.219770000000000000e+05
7.687600000000000000e+04
3.532500000000000000e+04
8.038200000000000000e+04
1.083980000000000000e+05
1.247180000000000000e+05
1.535200000000000000e+05
1.443620000000000000e+05
7.945000000000000000e+03
1.657250000000000000e+05
8.133100000000000000e+04
3.844300000000000000e+04
7.414300000000000000e+04
1.316740000000000000e+05
5.595000000000000000e+04
5.900900000000000000e+04
6.257800000000000000e+04
7.108600000000000000e+04
9.628400000000000000e+04
1.287130000000000000e+05
7.669700000000000000e+04
4.775400000000000000e+04
4.093900000000000000e+04
1.072610000000000000e+05
6.788400000000000000e+04
2.804000000000000000e+04
7.573900000000000000e+04
1.422800000000000000e+05
1.262280000000000000e+05
8.291400000000000000e+04
5.184300000000000000e+04
1.322270000000000000e+05
1.257050000000000000e+05
9.400800000000000000e+04
1.675640000000000000e+05
5.560000000000000000e+02
7.088600000000000000e+04
7.018500000000000000e+04
1.164830000000000000e+05
5.163800000000000000e+04
1.143150000000000000e+05
1.366310000000000000e+05
1.668880000000000000e+05
1.423240000000000000e+05
1.219990000000000000e+05
1.212020000000000000e+05
1.780900000000000000e+04
6.866400000000000000e+04
1.464900000000000000e+05
1.154200000000000000e+05
1.239850000000000000e+05
1.311470000000000000e+05
1.480030000000000000e+05
2.507600000000000000e+04
1.353470000000000000e+05
1.327400000000000000e+04
2.394300000000000000e+04
4.028800000000000000e+04
1.655540000000000000e+05
5.658000000000000000e+04
1.660220000000000000e+05
1.046380000000000000e+05
1.283360000000000000e+05
2.656300000000000000e+04
1.634510000000000000e+05
1.221040000000000000e+05
5.456100000000000000e+04
1.426380000000000000e+05
1.734400000000000000e+04
4.269700000000000000e+04
1.390990000000000000e+05
1.316120000000000000e+05
1.443440000000000000e+05
1.077450000000000000e+05
1.039520000000000000e+05
9.679500000000000000e+04
7.569900000000000000e+04
1.233250000000000000e+05
6.004100000000000000e+04
5.397800000000000000e+04
1.161280000000000000e+05
3.120000000000000000e+02
4.787200000000000000e+04
4.071900000000000000e+04
2.817000000000000000e+03
3.412500000000000000e+04
1.015000000000000000e+03
1.209020000000000000e+05
6.221500000000000000e+04
7.625700000000000000e+04
1.605610000000000000e+05
1.531900000000000000e+04
2.200800000000000000e+04
1.007760000000000000e+05
1.512710000000000000e+05
5.614600000000000000e+04
1.443470000000000000e+05
8.242800000000000000e+04
6.133900000000000000e+04
8.198400000000000000e+04
6.590500000000000000e+04
8.541300000000000000e+04
1.138820000000000000e+05
3.595300000000000000e+04
2.500700000000000000e+04
9.937600000000000000e+04
9.137800000000000000e+04
1.294180000000000000e+05
1.185940000000000000e+05
1.313540000000000000e+05
5.146800000000000000e+04
1.583180000000000000e+05
1.464500000000000000e+04
1.670610000000000000e+05
4.219300000000000000e+04
1.457800000000000000e+05
6.313200000000000000e+04
6.280600000000000000e+04
2.695200000000000000e+04
6.977600000000000000e+04
3.469000000000000000e+03
1.242050000000000000e+05
9.242600000000000000e+04
1.142040000000000000e+05
2.092500000000000000e+04
5.749700000000000000e+04
8.917400000000000000e+04
9.643600000000000000e+04
9.109400000000000000e+04
6.979200000000000000e+04
9.390900000000000000e+04
8.189500000000000000e+04
1.252980000000000000e+05
2.485500000000000000e+04
1.128160000000000000e+05
6.581900000000000000e+04
7.286800000000000000e+04
1.527360000000000000e+05
8.234700000000000000e+04
8.032600000000000000e+04
1.209000000000000000e+05
1.118260000000000000e+05
1.542340000000000000e+05
1.391010000000000000e+05
7.791000000000000000e+03
6.100400000000000000e+04
1.617230000000000000e+05
3.711300000000000000e+04
4.543800000000000000e+04
1.364800000000000000e+05
1.088320000000000000e+05
7.816500000000000000e+04
6.532400000000000000e+04
1.433740000000000000e+05
1.067800000000000000e+05
1.656190000000000000e+05
4.121000000000000000e+03
5.124600000000000000e+04
1.665000000000000000e+04
8.850000000000000000e+04
7.917100000000000000e+04
4.033900000000000000e+04
1.055840000000000000e+05
1.485270000000000000e+05
3.315600000000000000e+04
7.456000000000000000e+03
1.751600000000000000e+04
2.209200000000000000e+04
1.573000000000000000e+03
1.555570000000000000e+05
8.754800000000000000e+04
1.245240000000000000e+05
1.535150000000000000e+05
8.099900000000000000e+04
1.215680000000000000e+05
9.459000000000000000e+04
3.389600000000000000e+04
7.573000000000000000e+03
4.928000000000000000e+04
9.778700000000000000e+04
1.386300000000000000e+04
1.692080000000000000e+05
1.306660000000000000e+05
1.746700000000000000e+04
1.179230000000000000e+05
3.799000000000000000e+04
1.449170000000000000e+05
3.362700000000000000e+04
1.447030000000000000e+05
2.392800000000000000e+04
1.214500000000000000e+04
1.457760000000000000e+05
7.053300000000000000e+04
1.058870000000000000e+05
7.447200000000000000e+04
1.180400000000000000e+04
2.504700000000000000e+04
7.180000000000000000e+04
1.425450000000000000e+05
1.562940000000000000e+05
8.092400000000000000e+04
2.756100000000000000e+04
9.759300000000000000e+04
8.210000000000000000e+04
5.985900000000000000e+04
1.153600000000000000e+05
2.429800000000000000e+04
9.019100000000000000e+04
2.296000000000000000e+04
8.435500000000000000e+04
9.082600000000000000e+04
7.383000000000000000e+03
8.159300000000000000e+04
7.582900000000000000e+04
2.141000000000000000e+04
8.644900000000000000e+04
5.939100000000000000e+04
8.558700000000000000e+04
1.443520000000000000e+05
9.669400000000000000e+04
9.225400000000000000e+04
2.462800000000000000e+04
1.608590000000000000e+05
1.112880000000000000e+05
9.841900000000000000e+04
3.317200000000000000e+04
7.785700000000000000e+04
1.534050000000000000e+05
1.592330000000000000e+05
1.037410000000000000e+05
8.611900000000000000e+04
3.580200000000000000e+04
8.564300000000000000e+04
3.052000000000000000e+03
1.183900000000000000e+04
1.204890000000000000e+05
5.338700000000000000e+04
7.594000000000000000e+03
1.550220000000000000e+05
8.361500000000000000e+04
1.565830000000000000e+05
9.205400000000000000e+04
6.506500000000000000e+04
1.141690000000000000e+05
7.046300000000000000e+04
1.146400000000000000e+04
3.243000000000000000e+03
1.463630000000000000e+05
2.699000000000000000e+04
1.419600000000000000e+04
1.656640000000000000e+05
1.249860000000000000e+05
1.255400000000000000e+04
9.780400000000000000e+04
1.435070000000000000e+05
1.531210000000000000e+05
1.646260000000000000e+05
8.857800000000000000e+04
1.285540000000000000e+05
1.488530000000000000e+05
1.073950000000000000e+05
1.608240000000000000e+05
1.654720000000000000e+05
1.309290000000000000e+05
1.679880000000000000e+05
1.692360000000000000e+05
3.640400000000000000e+04
1.575800000000000000e+04
1.080690000000000000e+05
1.191310000000000000e+05
3.352000000000000000e+04
7.092600000000000000e+04
1.192440000000000000e+05
1.045560000000000000e+05
4.275500000000000000e+04
1.073300000000000000e+05
8.886400000000000000e+04
6.679500000000000000e+04
5.724800000000000000e+04
6.916600000000000000e+04
7.244800000000000000e+04
8.362700000000000000e+04
4.170000000000000000e+04
3.263300000000000000e+04
1.688310000000000000e+05
1.666610000000000000e+05
5.961300000000000000e+04
9.347400000000000000e+04
1.573900000000000000e+04
2.120000000000000000e+02
9.051500000000000000e+04
1.049380000000000000e+05
3.216100000000000000e+04
3.703500000000000000e+04
6.766000000000000000e+03
1.119170000000000000e+05
6.065100000000000000e+04
3.501000000000000000e+04
6.723800000000000000e+04
1.466900000000000000e+05
1.681050000000000000e+05
1.635130000000000000e+05
1.514300000000000000e+05
1.622240000000000000e+05
1.278480000000000000e+05
4.168900000000000000e+04
7.448400000000000000e+04
7.576600000000000000e+04
6.541700000000000000e+04
1.629640000000000000e+05
8.490000000000000000e+04
7.747200000000000000e+04
6.488000000000000000e+03
1.123300000000000000e+04
1.636080000000000000e+05
1.564930000000000000e+05
5.552900000000000000e+04
1.283180000000000000e+05
1.644580000000000000e+05
1.938600000000000000e+04
1.043050000000000000e+05
1.270870000000000000e+05
1.426070000000000000e+05
2.705400000000000000e+04
4.021000000000000000e+03
2.227500000000000000e+04
1.675590000000000000e+05
8.723000000000000000e+03
1.051680000000000000e+05
3.414200000000000000e+04
1.601790000000000000e+05
4.908000000000000000e+04
6.392500000000000000e+04
6.109200000000000000e+04
1.655960000000000000e+05
1.460600000000000000e+05
2.121300000000000000e+04
2.183000000000000000e+03
1.509770000000000000e+05
7.776800000000000000e+04
8.233700000000000000e+04
1.009400000000000000e+05
7.480500000000000000e+04
1.515920000000000000e+05
1.397470000000000000e+05
1.124040000000000000e+05
7.450400000000000000e+04
3.179600000000000000e+04
8.818300000000000000e+04
9.270000000000000000e+02
4.971800000000000000e+04
1.689500000000000000e+05
2.360100000000000000e+04
9.958000000000000000e+04
1.446270000000000000e+05
1.123750000000000000e+05
1.147170000000000000e+05
1.197550000000000000e+05
1.606730000000000000e+05
1.313430000000000000e+05
1.146560000000000000e+05
1.039600000000000000e+04
4.550800000000000000e+04
1.382080000000000000e+05
1.166180000000000000e+05
1.158180000000000000e+05
8.746200000000000000e+04
1.040140000000000000e+05
7.835600000000000000e+04
4.887500000000000000e+04
1.049300000000000000e+05
4.683300000000000000e+04
1.199980000000000000e+05
1.462680000000000000e+05
7.482100000000000000e+04
1.214770000000000000e+05
1.167000000000000000e+03
1.564170000000000000e+05
5.882900000000000000e+04
1.266960000000000000e+05
6.723000000000000000e+04
4.313100000000000000e+04
1.444400000000000000e+05
4.408000000000000000e+03
7.105800000000000000e+04
9.000400000000000000e+04
2.007300000000000000e+04
1.136240000000000000e+05
1.285440000000000000e+05
1.671800000000000000e+05
1.234440000000000000e+05
9.669000000000000000e+03
2.179500000000000000e+04
1.521850000000000000e+05
7.327900000000000000e+04
1.134060000000000000e+05
1.244060000000000000e+05
4.581600000000000000e+04
4.636600000000000000e+04
1.591610000000000000e+05
1.325260000000000000e+05
1.418160000000000000e+05
6.119500000000000000e+04
5.141300000000000000e+04
7.233800000000000000e+04
2.367600000000000000e+04
2.127200000000000000e+04
1.093500000000000000e+05
2.486800000000000000e+04
1.680780000000000000e+05
4.010500000000000000e+04
6.250600000000000000e+04
7.745200000000000000e+04
2.797600000000000000e+04
1.530170000000000000e+05
1.151270000000000000e+05
1.061540000000000000e+05
3.935400000000000000e+04
9.230100000000000000e+04
1.028370000000000000e+05
7.381400000000000000e+04
9.933500000000000000e+04
1.408330000000000000e+05
3.267000000000000000e+03
9.150500000000000000e+04
1.631990000000000000e+05
1.060620000000000000e+05
1.333200000000000000e+05
1.575670000000000000e+05
5.098500000000000000e+04
8.510900000000000000e+04
1.240300000000000000e+05
1.272950000000000000e+05
4.780400000000000000e+04
6.592200000000000000e+04
1.506610000000000000e+05
5.881400000000000000e+04
1.236350000000000000e+05
1.596360000000000000e+05
1.208150000000000000e+05
8.500400000000000000e+04
5.891400000000000000e+04
8.914000000000000000e+03
1.409100000000000000e+04
1.002190000000000000e+05
9.997700000000000000e+04
1.654240000000000000e+05
5.401000000000000000e+04
1.219600000000000000e+04
1.388960000000000000e+05
9.737400000000000000e+04
1.566510000000000000e+05
1.425550000000000000e+05
1.265510000000000000e+05
4.118200000000000000e+04
1.124150000000000000e+05
1.587650000000000000e+05
1.034370000000000000e+05
1.552260000000000000e+05
1.540210000000000000e+05
1.538250000000000000e+05
1.602190000000000000e+05
1.046460000000000000e+05
1.207250000000000000e+05
8.547100000000000000e+04
7.099600000000000000e+04
1.464690000000000000e+05
5.101600000000000000e+04
1.269030000000000000e+05
1.236970000000000000e+05
1.525200000000000000e+05
6.904800000000000000e+04
1.202030000000000000e+05
1.260000000000000000e+04
7.959300000000000000e+04
1.007320000000000000e+05
2.827600000000000000e+04
1.380020000000000000e+05
1.376880000000000000e+05
8.542600000000000000e+04
1.389840000000000000e+05
2.752000000000000000e+03
6.729600000000000000e+04
1.220200000000000000e+04
6.439400000000000000e+04
1.262480000000000000e+05
6.282900000000000000e+04
1.076760000000000000e+05
1.353320000000000000e+05
1.557820000000000000e+05
1.133230000000000000e+05
4.032000000000000000e+03
4.381300000000000000e+04
1.610960000000000000e+05
7.123000000000000000e+03
3.088000000000000000e+04
1.677860000000000000e+05
8.655000000000000000e+04
5.604300000000000000e+04
9.863000000000000000e+04
1.184150000000000000e+05
7.824100000000000000e+04
1.229230000000000000e+05
9.507600000000000000e+04
1.324220000000000000e+05
1.274290000000000000e+05
4.280900000000000000e+04
1.682010000000000000e+05
1.154530000000000000e+05
1.429050000000000000e+05
1.125090000000000000e+05
4.207700000000000000e+04
1.204980000000000000e+05
2.989800000000000000e+04
4.888200000000000000e+04
1.319600000000000000e+04
2.945300000000000000e+04
6.726600000000000000e+04
7.010500000000000000e+04
1.107510000000000000e+05
1.250160000000000000e+05
1.035160000000000000e+05
3.361000000000000000e+04
2.919300000000000000e+04
1.046320000000000000e+05
7.835500000000000000e+04
1.076500000000000000e+04
1.644270000000000000e+05
9.958400000000000000e+04
7.392700000000000000e+04
2.450100000000000000e+04
2.580000000000000000e+02
7.308000000000000000e+04
1.490810000000000000e+05
1.077150000000000000e+05
1.087910000000000000e+05
4.403300000000000000e+04
1.415680000000000000e+05
1.403500000000000000e+05
8.371300000000000000e+04
1.112200000000000000e+05
5.708800000000000000e+04
6.486300000000000000e+04
1.575840000000000000e+05
6.220200000000000000e+04
2.424200000000000000e+04
1.369380000000000000e+05
1.505900000000000000e+05
1.662990000000000000e+05
8.310800000000000000e+04
1.326280000000000000e+05
3.186700000000000000e+04
1.314270000000000000e+05
1.711100000000000000e+04
5.233000000000000000e+04
8.553500000000000000e+04
1.283580000000000000e+05
9.770800000000000000e+04
3.332900000000000000e+04
1.274350000000000000e+05
9.751400000000000000e+04
3.586100000000000000e+04
1.508780000000000000e+05
8.390800000000000000e+04
1.677280000000000000e+05
6.816000000000000000e+03
6.445500000000000000e+04
1.299180000000000000e+05
6.208000000000000000e+04
1.657500000000000000e+05
1.431950000000000000e+05
1.144070000000000000e+05
9.163900000000000000e+04
1.489410000000000000e+05
2.663000000000000000e+03
6.784000000000000000e+03
9.990900000000000000e+04
1.297940000000000000e+05
2.203000000000000000e+03
6.623000000000000000e+04
1.647820000000000000e+05
3.536200000000000000e+04
7.483700000000000000e+04
5.083000000000000000e+04
1.589520000000000000e+05
1.019720000000000000e+05
1.375480000000000000e+05
8.414700000000000000e+04
1.111630000000000000e+05
3.748700000000000000e+04
9.543800000000000000e+04
7.872000000000000000e+03
2.530300000000000000e+04
1.557950000000000000e+05
1.132200000000000000e+04
3.765800000000000000e+04
8.627000000000000000e+04
5.919100000000000000e+04
5.409200000000000000e+04
1.450380000000000000e+05
9.158000000000000000e+04
1.570630000000000000e+05
1.057440000000000000e+05
2.481100000000000000e+04
8.485000000000000000e+03
2.219700000000000000e+04
5.861200000000000000e+04
3.991200000000000000e+04
2.213100000000000000e+04
6.485900000000000000e+04
7.808000000000000000e+03
7.032700000000000000e+04
1.644140000000000000e+05
1.575790000000000000e+05
4.111800000000000000e+04
1.430770000000000000e+05
1.220250000000000000e+05
8.489200000000000000e+04
1.404530000000000000e+05
9.844300000000000000e+04
8.220400000000000000e+04
5.272600000000000000e+04
5.083600000000000000e+04
3.906900000000000000e+04
1.508290000000000000e+05
1.252630000000000000e+05
3.009000000000000000e+03
1.361690000000000000e+05
8.329300000000000000e+04
1.523680000000000000e+05
1.671060000000000000e+05
3.350000000000000000e+04
7.902400000000000000e+04
7.635000000000000000e+04
1.219640000000000000e+05
3.158300000000000000e+04
2.216400000000000000e+04
1.493680000000000000e+05
5.302000000000000000e+03
7.045500000000000000e+04
4.331300000000000000e+04
6.720400000000000000e+04
7.668600000000000000e+04
1.157620000000000000e+05
1.490760000000000000e+05
1.256540000000000000e+05
1.548750000000000000e+05
1.092200000000000000e+05
2.781900000000000000e+04
1.173630000000000000e+05
6.592700000000000000e+04
4.538900000000000000e+04
1.498390000000000000e+05
7.544000000000000000e+04
1.210330000000000000e+05
1.498450000000000000e+05
1.011230000000000000e+05
3.174700000000000000e+04
4.399100000000000000e+04
1.074030000000000000e+05
1.126500000000000000e+05
1.371810000000000000e+05
8.740200000000000000e+04
4.768300000000000000e+04
9.009300000000000000e+04
1.217360000000000000e+05
1.231540000000000000e+05
6.072000000000000000e+04
3.461700000000000000e+04
9.440600000000000000e+04
3.776100000000000000e+04
5.457500000000000000e+04
1.515360000000000000e+05
1.457530000000000000e+05
1.285270000000000000e+05
7.590200000000000000e+04
6.383900000000000000e+04
7.914500000000000000e+04
5.410700000000000000e+04
1.589870000000000000e+05
1.492530000000000000e+05
8.413100000000000000e+04
2.270200000000000000e+04
6.953400000000000000e+04
7.828000000000000000e+03
1.224660000000000000e+05
2.048600000000000000e+04
1.335560000000000000e+05
6.127000000000000000e+03
1.149620000000000000e+05
1.050210000000000000e+05
1.213960000000000000e+05
1.468710000000000000e+05
6.823000000000000000e+03
6.147700000000000000e+04
1.487600000000000000e+04
1.683230000000000000e+05
3.300900000000000000e+04
1.585680000000000000e+05
6.379400000000000000e+04
1.672000000000000000e+04
1.217570000000000000e+05
1.524000000000000000e+04
1.129400000000000000e+05
8.086600000000000000e+04
1.185860000000000000e+05
1.031900000000000000e+05
6.333800000000000000e+04
9.265500000000000000e+04
1.344880000000000000e+05
1.551330000000000000e+05
4.204300000000000000e+04
4.524800000000000000e+04
1.291970000000000000e+05
6.607800000000000000e+04
5.573700000000000000e+04
1.107200000000000000e+05
2.265200000000000000e+04
1.111300000000000000e+05
6.807600000000000000e+04
1.320560000000000000e+05
9.910000000000000000e+03
9.188900000000000000e+04
1.663730000000000000e+05
1.607280000000000000e+05
2.251900000000000000e+04
1.664680000000000000e+05
1.354360000000000000e+05
4.426700000000000000e+04
2.525200000000000000e+04
2.454500000000000000e+04
1.045800000000000000e+04
1.687940000000000000e+05
1.265480000000000000e+05
8.836700000000000000e+04
1.224900000000000000e+05
6.274800000000000000e+04
9.677900000000000000e+04
7.323000000000000000e+04
7.042600000000000000e+04
9.146000000000000000e+03
1.876300000000000000e+04
9.007900000000000000e+04
2.525100000000000000e+04
1.399280000000000000e+05
7.189400000000000000e+04
9.960000000000000000e+02
9.570700000000000000e+04
1.584450000000000000e+05
1.007060000000000000e+05
1.006090000000000000e+05
1.023080000000000000e+05
1.590180000000000000e+05
1.516650000000000000e+05
4.909900000000000000e+04
8.293500000000000000e+04
7.483800000000000000e+04
4.240900000000000000e+04
4.976100000000000000e+04
6.029200000000000000e+04
1.271940000000000000e+05
1.560940000000000000e+05
1.337480000000000000e+05
1.041340000000000000e+05
1.342090000000000000e+05
1.481000000000000000e+03
1.142730000000000000e+05
1.203560000000000000e+05
1.111970000000000000e+05
8.024200000000000000e+04
1.240950000000000000e+05
1.165420000000000000e+05
1.407870000000000000e+05
1.258250000000000000e+05
8.559700000000000000e+04
4.198100000000000000e+04
6.352100000000000000e+04
8.653500000000000000e+04
1.440940000000000000e+05
3.858000000000000000e+04
1.393030000000000000e+05
1.191890000000000000e+05
1.127970000000000000e+05
7.277600000000000000e+04
2.778300000000000000e+04
1.540640000000000000e+05
2.293000000000000000e+03
6.422800000000000000e+04
4.047800000000000000e+04
4.063000000000000000e+03
1.344190000000000000e+05
1.390070000000000000e+05
8.646600000000000000e+04
3.234500000000000000e+04
5.669900000000000000e+04
9.537800000000000000e+04
1.680600000000000000e+04
1.108130000000000000e+05
9.257200000000000000e+04
1.629660000000000000e+05
7.228300000000000000e+04
4.191800000000000000e+04
9.845500000000000000e+04
6.518900000000000000e+04
9.450000000000000000e+03
6.536200000000000000e+04
8.434500000000000000e+04
2.900000000000000000e+01
4.797300000000000000e+04
1.231030000000000000e+05
1.523420000000000000e+05
1.553000000000000000e+04
1.248230000000000000e+05
1.613520000000000000e+05
1.066760000000000000e+05
1.037030000000000000e+05
5.017300000000000000e+04
1.238070000000000000e+05
1.233630000000000000e+05
4.658500000000000000e+04
1.022420000000000000e+05
1.022370000000000000e+05
1.596780000000000000e+05
1.478520000000000000e+05
1.498470000000000000e+05
3.666600000000000000e+04
9.227500000000000000e+04
1.479090000000000000e+05
1.383980000000000000e+05
1.550460000000000000e+05
1.072570000000000000e+05
