1.663920000000000000e+05
7.394200000000000000e+04
1.151510000000000000e+05
7.590800000000000000e+04
1.597230000000000000e+05
1.021140000000000000e+05
1.237820000000000000e+05
1.271450000000000000e+05
5.581700000000000000e+04
1.481230000000000000e+05
1.602450000000000000e+05
6.784400000000000000e+04
1.822600000000000000e+04
1.344400000000000000e+04
1.206760000000000000e+05
1.244980000000000000e+05
7.250100000000000000e+04
2.651400000000000000e+04
9.145500000000000000e+04
1.346070000000000000e+05
1.605410000000000000e+05
6.264300000000000000e+04
7.926300000000000000e+04
1.941500000000000000e+04
7.398000000000000000e+04
9.556000000000000000e+04
1.820100000000000000e+04
6.813500000000000000e+04
3.181500000000000000e+04
1.118120000000000000e+05
1.139130000000000000e+05
7.330900000000000000e+04
5.997900000000000000e+04
4.917500000000000000e+04
7.606000000000000000e+04
9.964900000000000000e+04
2.689100000000000000e+04
9.936700000000000000e+04
4.735500000000000000e+04
9.970000000000000000e+04
1.460880000000000000e+05
6.314100000000000000e+04
7.190900000000000000e+04
5.085700000000000000e+04
7.967700000000000000e+04
7.172200000000000000e+04
1.042450000000000000e+05
1.281690000000000000e+05
4.097000000000000000e+03
2.509600000000000000e+04
3.738600000000000000e+04
1.635710000000000000e+05
4.111100000000000000e+04
6.927700000000000000e+04
1.216670000000000000e+05
4.273400000000000000e+04
1.065420000000000000e+05
2.721000000000000000e+03
2.305000000000000000e+04
1.641200000000000000e+05
8.738300000000000000e+04
1.632300000000000000e+04
1.013940000000000000e+05
1.262580000000000000e+05
7.307600000000000000e+04
6.991600000000000000e+04
1.340180000000000000e+05
1.153580000000000000e+05
1.154630000000000000e+05
1.546330000000000000e+05
2.280200000000000000e+04
1.031970000000000000e+05
1.651110000000000000e+05
6.589800000000000000e+04
3.122200000000000000e+04
8.645400000000000000e+04
4.778800000000000000e+04
7.564200000000000000e+04
1.066400000000000000e+04
1.036620000000000000e+05
1.458740000000000000e+05
1.162800000000000000e+05
1.320520000000000000e+05
9.902100000000000000e+04
8.711800000000000000e+04
1.180160000000000000e+05
1.442130000000000000e+05
1.687590000000000000e+05
3.042500000000000000e+04
6.551200000000000000e+04
1.575560000000000000e+05
1.352560000000000000e+05
1.644890000000000000e+05
6.465400000000000000e+04
3.446700000000000000e+04
4.707800000000000000e+04
1.738300000000000000e+04
1.181200000000000000e+05
1.554650000000000000e+05
9.082800000000000000e+04
5.782600000000000000e+04
1.391560000000000000e+05
2.154000000000000000e+03
3.879600000000000000e+04
1.282770000000000000e+05
1.444030000000000000e+05
1.442840000000000000e+05
4.193000000000000000e+03
1.198720000000000000e+05
9.537000000000000000e+04
9.356000000000000000e+03
6.588300000000000000e+04
5.797200000000000000e+04
8.662400000000000000e+04
6.023700000000000000e+04
1.343150000000000000e+05
1.529120000000000000e+05
4.596400000000000000e+04
1.623620000000000000e+05
3.544500000000000000e+04
4.703300000000000000e+04
8.988000000000000000e+04
6.502000000000000000e+04
1.397350000000000000e+05
1.436970000000000000e+05
1.388050000000000000e+05
5.573000000000000000e+04
1.633710000000000000e+05
3.290700000000000000e+04
1.354180000000000000e+05
7.309600000000000000e+04
1.345780000000000000e+05
5.908100000000000000e+04
1.232090000000000000e+05
1.467940000000000000e+05
4.748000000000000000e+04
1.218460000000000000e+05
1.103560000000000000e+05
1.344700000000000000e+04
7.981000000000000000e+04
1.368820000000000000e+05
1.591630000000000000e+05
1.319210000000000000e+05
9.078300000000000000e+04
8.787900000000000000e+04
7.353300000000000000e+04
1.054400000000000000e+04
2.527200000000000000e+04
9.040200000000000000e+04
1.090660000000000000e+05
2.226700000000000000e+04
6.400900000000000000e+04
1.527460000000000000e+05
1.262370000000000000e+05
3.742400000000000000e+04
3.882000000000000000e+03
1.273810000000000000e+05
1.080540000000000000e+05
1.470020000000000000e+05
1.393320000000000000e+05
1.171540000000000000e+05
1.020420000000000000e+05
1.123500000000000000e+04
