8.126000000000000000e+03
1.260640000000000000e+05
1.213310000000000000e+05
2.673200000000000000e+04
1.631830000000000000e+05
1.208870000000000000e+05
2.935200000000000000e+04
4.812100000000000000e+04
7.363600000000000000e+04
1.407610000000000000e+05
1.186910000000000000e+05
1.583420000000000000e+05
1.024890000000000000e+05
1.541310000000000000e+05
1.561790000000000000e+05
9.286700000000000000e+04
2.791800000000000000e+04
4.007900000000000000e+04
1.268540000000000000e+05
1.433460000000000000e+05
1.375600000000000000e+05
1.174950000000000000e+05
7.870300000000000000e+04
1.144660000000000000e+05
1.005070000000000000e+05
3.074600000000000000e+04
9.349000000000000000e+03
9.845900000000000000e+04
1.593130000000000000e+05
1.535640000000000000e+05
1.283300000000000000e+05
1.216870000000000000e+05
9.587200000000000000e+04
8.678700000000000000e+04
2.171200000000000000e+04
1.390460000000000000e+05
5.598800000000000000e+04
1.040990000000000000e+05
2.083100000000000000e+04
2.513900000000000000e+04
3.772900000000000000e+04
1.374260000000000000e+05
8.318500000000000000e+04
3.606500000000000000e+04
8.711000000000000000e+04
9.704300000000000000e+04
