1.500100000000000000e+04
9.619300000000000000e+04
1.220270000000000000e+05
1.245900000000000000e+04
1.654330000000000000e+05
4.227600000000000000e+04
1.237000000000000000e+03
6.710900000000000000e+04
8.218600000000000000e+04
7.698000000000000000e+04
3.513700000000000000e+04
5.213800000000000000e+04
2.981100000000000000e+04
8.942000000000000000e+03
5.670000000000000000e+04
7.059800000000000000e+04
1.166190000000000000e+05
6.369400000000000000e+04
1.137820000000000000e+05
2.708700000000000000e+04
1.367710000000000000e+05
6.915200000000000000e+04
1.007900000000000000e+05
1.664930000000000000e+05
1.576250000000000000e+05
3.706200000000000000e+04
1.420830000000000000e+05
8.132100000000000000e+04
1.612870000000000000e+05
1.668710000000000000e+05
1.374830000000000000e+05
4.785800000000000000e+04
1.644600000000000000e+04
1.465810000000000000e+05
9.547300000000000000e+04
7.004600000000000000e+04
7.629900000000000000e+04
7.081300000000000000e+04
1.406270000000000000e+05
7.543700000000000000e+04
6.868800000000000000e+04
9.257600000000000000e+04
1.226180000000000000e+05
1.647330000000000000e+05
1.126760000000000000e+05
1.350640000000000000e+05
1.128970000000000000e+05
5.379500000000000000e+04
2.043700000000000000e+04
1.577750000000000000e+05
1.538350000000000000e+05
1.411380000000000000e+05
