1.802700000000000000e+04
1.336540000000000000e+05
1.353940000000000000e+05
1.615890000000000000e+05
1.449930000000000000e+05
1.333500000000000000e+05
9.557600000000000000e+04
1.235630000000000000e+05
1.105000000000000000e+04
1.218950000000000000e+05
1.491000000000000000e+03
1.420860000000000000e+05
2.826000000000000000e+03
7.233000000000000000e+03
7.989400000000000000e+04
1.446230000000000000e+05
1.403700000000000000e+05
3.893000000000000000e+03
4.872000000000000000e+04
5.467600000000000000e+04
1.444400000000000000e+04
8.234000000000000000e+03
5.394600000000000000e+04
7.220700000000000000e+04
6.912300000000000000e+04
7.571300000000000000e+04
2.614200000000000000e+04
1.095400000000000000e+05
7.336800000000000000e+04
1.376450000000000000e+05
1.435000000000000000e+05
1.160790000000000000e+05
2.359600000000000000e+04
4.340000000000000000e+04
1.127500000000000000e+04
1.358500000000000000e+04
1.407700000000000000e+04
3.735700000000000000e+04
3.062400000000000000e+04
2.920700000000000000e+04
1.469480000000000000e+05
1.009800000000000000e+05
1.106760000000000000e+05
6.156000000000000000e+03
1.554330000000000000e+05
7.126500000000000000e+04
1.432120000000000000e+05
6.584700000000000000e+04
1.526380000000000000e+05
1.359800000000000000e+05
1.248850000000000000e+05
4.794300000000000000e+04
4.431800000000000000e+04
