8.877000000000000000e+04
3.724100000000000000e+04
1.250040000000000000e+05
4.086700000000000000e+04
1.460000000000000000e+03
5.425700000000000000e+04
8.860700000000000000e+04
9.753400000000000000e+04
1.402100000000000000e+05
9.571600000000000000e+04
5.523300000000000000e+04
1.163120000000000000e+05
1.611360000000000000e+05
1.559950000000000000e+05
1.997600000000000000e+04
1.288350000000000000e+05
7.296700000000000000e+04
1.169300000000000000e+04
1.187720000000000000e+05
1.190400000000000000e+05
1.192840000000000000e+05
8.926200000000000000e+04
1.138360000000000000e+05
1.508720000000000000e+05
3.015600000000000000e+04
1.590640000000000000e+05
6.582900000000000000e+04
3.710000000000000000e+04
1.071550000000000000e+05
4.316000000000000000e+04
3.631300000000000000e+04
3.232800000000000000e+04
1.593340000000000000e+05
3.657600000000000000e+04
3.466600000000000000e+04
3.403700000000000000e+04
9.932000000000000000e+04
1.659730000000000000e+05
1.491870000000000000e+05
1.547180000000000000e+05
5.000500000000000000e+04
9.273500000000000000e+04
6.600000000000000000e+03
2.921600000000000000e+04
1.951900000000000000e+04
1.354870000000000000e+05
3.639500000000000000e+04
6.474200000000000000e+04
1.044470000000000000e+05
6.616000000000000000e+03
1.504390000000000000e+05
7.820100000000000000e+04
5.347000000000000000e+03
1.369400000000000000e+04
3.957400000000000000e+04
8.487500000000000000e+04
2.782000000000000000e+04
8.247200000000000000e+04
8.250700000000000000e+04
4.767200000000000000e+04
6.709900000000000000e+04
1.603070000000000000e+05
1.959000000000000000e+04
1.234500000000000000e+04
6.490000000000000000e+02
3.013900000000000000e+04
6.238600000000000000e+04
1.074750000000000000e+05
7.169400000000000000e+04
2.840000000000000000e+03
4.301600000000000000e+04
7.819700000000000000e+04
9.269400000000000000e+04
1.119210000000000000e+05
1.112170000000000000e+05
1.615680000000000000e+05
6.129900000000000000e+04
1.283560000000000000e+05
3.980700000000000000e+04
1.140000000000000000e+02
7.728700000000000000e+04
1.328600000000000000e+04
2.542900000000000000e+04
1.203980000000000000e+05
1.069500000000000000e+05
9.101200000000000000e+04
6.308200000000000000e+04
7.684900000000000000e+04
7.856500000000000000e+04
7.976600000000000000e+04
1.575120000000000000e+05
1.112150000000000000e+05
1.309820000000000000e+05
8.041100000000000000e+04
5.846400000000000000e+04
1.589350000000000000e+05
1.471030000000000000e+05
4.269600000000000000e+04
1.165740000000000000e+05
6.609700000000000000e+04
4.923500000000000000e+04
9.415900000000000000e+04
1.208130000000000000e+05
1.102430000000000000e+05
8.922900000000000000e+04
1.405670000000000000e+05
3.435300000000000000e+04
7.555300000000000000e+04
1.309880000000000000e+05
1.023790000000000000e+05
1.387410000000000000e+05
1.020240000000000000e+05
5.395700000000000000e+04
5.492400000000000000e+04
6.715400000000000000e+04
1.623470000000000000e+05
1.324100000000000000e+05
1.593650000000000000e+05
1.040030000000000000e+05
1.101660000000000000e+05
1.113280000000000000e+05
4.991100000000000000e+04
1.392040000000000000e+05
1.204450000000000000e+05
3.815400000000000000e+04
1.051770000000000000e+05
6.089900000000000000e+04
1.453000000000000000e+04
3.042800000000000000e+04
9.678500000000000000e+04
1.420740000000000000e+05
1.277900000000000000e+04
1.641870000000000000e+05
7.480000000000000000e+03
1.681760000000000000e+05
1.510400000000000000e+04
2.737000000000000000e+04
8.082000000000000000e+04
9.790400000000000000e+04
5.745800000000000000e+04
7.956800000000000000e+04
3.281500000000000000e+04
1.358400000000000000e+05
1.547830000000000000e+05
7.008000000000000000e+04
3.256800000000000000e+04
1.668150000000000000e+05
1.070780000000000000e+05
2.890500000000000000e+04
3.353500000000000000e+04
1.388200000000000000e+05
1.023900000000000000e+05
8.354100000000000000e+04
1.634630000000000000e+05
6.795700000000000000e+04
9.641800000000000000e+04
1.519680000000000000e+05
1.019410000000000000e+05
3.480000000000000000e+04
1.761000000000000000e+04
1.229460000000000000e+05
1.204210000000000000e+05
1.729900000000000000e+04
1.483360000000000000e+05
2.606300000000000000e+04
1.534350000000000000e+05
1.682360000000000000e+05
1.724900000000000000e+04
1.421600000000000000e+04
1.504930000000000000e+05
1.456890000000000000e+05
7.329400000000000000e+04
1.115650000000000000e+05
5.988000000000000000e+03
1.394740000000000000e+05
1.628590000000000000e+05
7.690000000000000000e+03
4.496300000000000000e+04
1.679860000000000000e+05
4.237500000000000000e+04
6.027200000000000000e+04
1.114210000000000000e+05
1.314300000000000000e+04
5.023800000000000000e+04
1.554390000000000000e+05
9.880800000000000000e+04
1.291880000000000000e+05
1.146230000000000000e+05
1.647290000000000000e+05
1.991400000000000000e+04
1.061600000000000000e+04
1.887800000000000000e+04
7.148200000000000000e+04
3.500700000000000000e+04
1.003530000000000000e+05
1.250000000000000000e+03
1.276830000000000000e+05
9.072200000000000000e+04
5.044700000000000000e+04
7.170700000000000000e+04
1.313410000000000000e+05
3.378300000000000000e+04
2.389100000000000000e+04
4.655700000000000000e+04
6.884800000000000000e+04
2.964800000000000000e+04
3.610000000000000000e+03
9.358900000000000000e+04
1.434370000000000000e+05
5.227300000000000000e+04
1.077110000000000000e+05
3.618100000000000000e+04
7.311400000000000000e+04
2.387200000000000000e+04
6.120600000000000000e+04
8.322000000000000000e+03
8.374100000000000000e+04
1.363810000000000000e+05
1.325000000000000000e+05
1.375840000000000000e+05
7.465000000000000000e+04
1.187110000000000000e+05
1.668540000000000000e+05
1.072330000000000000e+05
4.539900000000000000e+04
1.215700000000000000e+04
7.913200000000000000e+04
1.249070000000000000e+05
5.848300000000000000e+04
3.329800000000000000e+04
8.988200000000000000e+04
3.208200000000000000e+04
8.479900000000000000e+04
6.196800000000000000e+04
9.281100000000000000e+04
1.068110000000000000e+05
4.134400000000000000e+04
1.517770000000000000e+05
8.211600000000000000e+04
7.114000000000000000e+04
8.345300000000000000e+04
3.336000000000000000e+03
1.617700000000000000e+04
6.758100000000000000e+04
1.304430000000000000e+05
1.459210000000000000e+05
1.310500000000000000e+04
3.324200000000000000e+04
1.230000000000000000e+05
1.308800000000000000e+05
1.008320000000000000e+05
1.587900000000000000e+05
1.052220000000000000e+05
9.219500000000000000e+04
1.403710000000000000e+05
8.876900000000000000e+04
4.551800000000000000e+04
1.274180000000000000e+05
8.582900000000000000e+04
2.363900000000000000e+04
1.178690000000000000e+05
1.408550000000000000e+05
4.875800000000000000e+04
3.134700000000000000e+04
8.872300000000000000e+04
1.573560000000000000e+05
6.106200000000000000e+04
9.138400000000000000e+04
1.283720000000000000e+05
1.442480000000000000e+05
1.406000000000000000e+04
1.611650000000000000e+05
1.597070000000000000e+05
7.535200000000000000e+04
3.097800000000000000e+04
4.958900000000000000e+04
1.644300000000000000e+04
7.553500000000000000e+04
8.077600000000000000e+04
6.252400000000000000e+04
9.436900000000000000e+04
9.796100000000000000e+04
1.428450000000000000e+05
1.447070000000000000e+05
3.364700000000000000e+04
1.683150000000000000e+05
1.601500000000000000e+04
1.197100000000000000e+04
2.904300000000000000e+04
3.051900000000000000e+04
9.656000000000000000e+03
3.918000000000000000e+03
1.931000000000000000e+03
1.352350000000000000e+05
1.218320000000000000e+05
1.535330000000000000e+05
1.464200000000000000e+05
1.158580000000000000e+05
2.064800000000000000e+04
4.698500000000000000e+04
5.772700000000000000e+04
1.206260000000000000e+05
1.180920000000000000e+05
1.544220000000000000e+05
1.290750000000000000e+05
1.223680000000000000e+05
1.079300000000000000e+05
1.084220000000000000e+05
3.706500000000000000e+04
1.422700000000000000e+04
3.435200000000000000e+04
1.580200000000000000e+04
2.529500000000000000e+04
6.345900000000000000e+04
4.212700000000000000e+04
1.402970000000000000e+05
7.918700000000000000e+04
1.284680000000000000e+05
5.421800000000000000e+04
1.564950000000000000e+05
1.596430000000000000e+05
1.640840000000000000e+05
1.667110000000000000e+05
1.556460000000000000e+05
5.864400000000000000e+04
1.684410000000000000e+05
1.203740000000000000e+05
1.060060000000000000e+05
9.649200000000000000e+04
5.901700000000000000e+04
3.390800000000000000e+04
9.495000000000000000e+03
8.794400000000000000e+04
1.031440000000000000e+05
1.176060000000000000e+05
2.551900000000000000e+04
6.105400000000000000e+04
9.440000000000000000e+04
1.102030000000000000e+05
1.373160000000000000e+05
7.687300000000000000e+04
7.105400000000000000e+04
7.571200000000000000e+04
3.294400000000000000e+04
3.694600000000000000e+04
8.995600000000000000e+04
1.295080000000000000e+05
6.502300000000000000e+04
2.834000000000000000e+03
8.209000000000000000e+03
6.630100000000000000e+04
1.362970000000000000e+05
1.209330000000000000e+05
3.514300000000000000e+04
1.583960000000000000e+05
1.385380000000000000e+05
1.019250000000000000e+05
1.415390000000000000e+05
2.247500000000000000e+04
1.181940000000000000e+05
5.962300000000000000e+04
3.633900000000000000e+04
9.215200000000000000e+04
1.557860000000000000e+05
1.025240000000000000e+05
1.090000000000000000e+04
4.801000000000000000e+03
2.852300000000000000e+04
1.541010000000000000e+05
1.616830000000000000e+05
1.527030000000000000e+05
1.647110000000000000e+05
1.039500000000000000e+04
1.342240000000000000e+05
7.376000000000000000e+04
1.320830000000000000e+05
9.872800000000000000e+04
1.385390000000000000e+05
3.690200000000000000e+04
3.133300000000000000e+04
1.499770000000000000e+05
1.674600000000000000e+04
1.094550000000000000e+05
1.460970000000000000e+05
8.139600000000000000e+04
1.019670000000000000e+05
1.439030000000000000e+05
1.508300000000000000e+04
1.522100000000000000e+05
4.827200000000000000e+04
2.794900000000000000e+04
1.008990000000000000e+05
1.244570000000000000e+05
1.111470000000000000e+05
1.427850000000000000e+05
1.456430000000000000e+05
3.775400000000000000e+04
1.153960000000000000e+05
8.850400000000000000e+04
1.919100000000000000e+04
1.372290000000000000e+05
1.278020000000000000e+05
6.908200000000000000e+04
1.059530000000000000e+05
6.535500000000000000e+04
1.140970000000000000e+05
6.246900000000000000e+04
1.193450000000000000e+05
6.452300000000000000e+04
1.485300000000000000e+05
1.043400000000000000e+04
1.359720000000000000e+05
1.526890000000000000e+05
1.637660000000000000e+05
3.638600000000000000e+04
1.547560000000000000e+05
2.809700000000000000e+04
1.036340000000000000e+05
1.410250000000000000e+05
1.687540000000000000e+05
3.137000000000000000e+03
1.468430000000000000e+05
1.404240000000000000e+05
4.202400000000000000e+04
1.629810000000000000e+05
8.749300000000000000e+04
4.540000000000000000e+02
7.741600000000000000e+04
1.462150000000000000e+05
5.179900000000000000e+04
7.711800000000000000e+04
4.394500000000000000e+04
1.906800000000000000e+04
7.705300000000000000e+04
1.685090000000000000e+05
1.220790000000000000e+05
1.609720000000000000e+05
1.602460000000000000e+05
8.726600000000000000e+04
1.587100000000000000e+04
3.711000000000000000e+04
5.601300000000000000e+04
1.248010000000000000e+05
7.414000000000000000e+04
1.362740000000000000e+05
4.871200000000000000e+04
1.393200000000000000e+04
1.598420000000000000e+05
3.545600000000000000e+04
3.577100000000000000e+04
5.936400000000000000e+04
6.706700000000000000e+04
2.222100000000000000e+04
1.911200000000000000e+04
1.337590000000000000e+05
1.403980000000000000e+05
8.951700000000000000e+04
1.223550000000000000e+05
9.364600000000000000e+04
2.802000000000000000e+03
1.377070000000000000e+05
8.439000000000000000e+04
1.429240000000000000e+05
1.110870000000000000e+05
2.333900000000000000e+04
1.119790000000000000e+05
2.006200000000000000e+04
1.132200000000000000e+05
1.596700000000000000e+04
1.328290000000000000e+05
1.461640000000000000e+05
1.453970000000000000e+05
6.243800000000000000e+04
1.270020000000000000e+05
7.321000000000000000e+04
1.369230000000000000e+05
1.604740000000000000e+05
1.604300000000000000e+04
1.233950000000000000e+05
1.396910000000000000e+05
3.654100000000000000e+04
1.329100000000000000e+05
4.179500000000000000e+04
1.064800000000000000e+05
3.998100000000000000e+04
1.346950000000000000e+05
3.349700000000000000e+04
1.030870000000000000e+05
3.536800000000000000e+04
9.006400000000000000e+04
5.161700000000000000e+04
8.954400000000000000e+04
5.432400000000000000e+04
1.019900000000000000e+04
1.650910000000000000e+05
5.873500000000000000e+04
1.732600000000000000e+04
1.264850000000000000e+05
2.299100000000000000e+04
7.518600000000000000e+04
1.139700000000000000e+05
3.107700000000000000e+04
6.129100000000000000e+04
1.465850000000000000e+05
1.420480000000000000e+05
1.140430000000000000e+05
1.212590000000000000e+05
1.051850000000000000e+05
1.413910000000000000e+05
1.310760000000000000e+05
9.529100000000000000e+04
1.896200000000000000e+04
6.951500000000000000e+04
6.004000000000000000e+03
6.084800000000000000e+04
1.124840000000000000e+05
4.112500000000000000e+04
7.936000000000000000e+03
4.815100000000000000e+04
9.996000000000000000e+04
1.262300000000000000e+05
1.446990000000000000e+05
3.987700000000000000e+04
9.772100000000000000e+04
1.101600000000000000e+04
1.040980000000000000e+05
5.701900000000000000e+04
1.508390000000000000e+05
3.723000000000000000e+03
1.048130000000000000e+05
1.996200000000000000e+04
8.731400000000000000e+04
1.166020000000000000e+05
3.485200000000000000e+04
1.147970000000000000e+05
3.538400000000000000e+04
1.659470000000000000e+05
1.678250000000000000e+05
2.024100000000000000e+04
6.911100000000000000e+04
1.149840000000000000e+05
5.730300000000000000e+04
1.655690000000000000e+05
1.684540000000000000e+05
1.428900000000000000e+04
5.670800000000000000e+04
4.879000000000000000e+03
1.077800000000000000e+04
1.431410000000000000e+05
6.116000000000000000e+04
4.554900000000000000e+04
1.045860000000000000e+05
7.443800000000000000e+04
2.795400000000000000e+04
4.222800000000000000e+04
1.173860000000000000e+05
1.572690000000000000e+05
3.932600000000000000e+04
1.010830000000000000e+05
1.613230000000000000e+05
6.242000000000000000e+04
1.797700000000000000e+04
4.167800000000000000e+04
4.906100000000000000e+04
4.171300000000000000e+04
1.256800000000000000e+04
6.919600000000000000e+04
9.671000000000000000e+03
6.381900000000000000e+04
1.038510000000000000e+05
9.886000000000000000e+04
1.206800000000000000e+04
1.118590000000000000e+05
1.086460000000000000e+05
7.838700000000000000e+04
1.254020000000000000e+05
6.733800000000000000e+04
2.654000000000000000e+03
3.703800000000000000e+04
1.549980000000000000e+05
5.922700000000000000e+04
7.850200000000000000e+04
1.400420000000000000e+05
1.326230000000000000e+05
1.580500000000000000e+05
3.292300000000000000e+04
1.720000000000000000e+02
1.051600000000000000e+05
6.124600000000000000e+04
1.388180000000000000e+05
5.454300000000000000e+04
3.955700000000000000e+04
9.875700000000000000e+04
1.565790000000000000e+05
3.110900000000000000e+04
1.343950000000000000e+05
3.296200000000000000e+04
1.379610000000000000e+05
1.364420000000000000e+05
2.143500000000000000e+04
9.810500000000000000e+04
4.794400000000000000e+04
1.029090000000000000e+05
7.805200000000000000e+04
1.063090000000000000e+05
1.364300000000000000e+04
1.519460000000000000e+05
1.657800000000000000e+04
1.414110000000000000e+05
5.889500000000000000e+04
1.571010000000000000e+05
1.048370000000000000e+05
1.543300000000000000e+05
5.737800000000000000e+04
1.304930000000000000e+05
4.789700000000000000e+04
6.466700000000000000e+04
1.550870000000000000e+05
1.302450000000000000e+05
9.667600000000000000e+04
1.686950000000000000e+05
9.638200000000000000e+04
7.717100000000000000e+04
1.461920000000000000e+05
2.074400000000000000e+04
1.257980000000000000e+05
1.072220000000000000e+05
1.630290000000000000e+05
3.157300000000000000e+04
4.447000000000000000e+03
8.825100000000000000e+04
7.469900000000000000e+04
1.548670000000000000e+05
8.268900000000000000e+04
1.229900000000000000e+05
1.167100000000000000e+04
4.412100000000000000e+04
1.168260000000000000e+05
1.078400000000000000e+04
9.934200000000000000e+04
5.857100000000000000e+04
9.907600000000000000e+04
1.452100000000000000e+04
1.119880000000000000e+05
1.130930000000000000e+05
4.544500000000000000e+04
1.552180000000000000e+05
6.725200000000000000e+04
2.667200000000000000e+04
1.561160000000000000e+05
5.693900000000000000e+04
5.903200000000000000e+04
1.081970000000000000e+05
1.243220000000000000e+05
1.204740000000000000e+05
7.378700000000000000e+04
1.358990000000000000e+05
3.946000000000000000e+03
5.225000000000000000e+04
7.084600000000000000e+04
9.154200000000000000e+04
3.853300000000000000e+04
1.065680000000000000e+05
9.029700000000000000e+04
1.085740000000000000e+05
7.706300000000000000e+04
1.684130000000000000e+05
3.782300000000000000e+04
9.920500000000000000e+04
1.345720000000000000e+05
5.980700000000000000e+04
1.044360000000000000e+05
6.137500000000000000e+04
7.979100000000000000e+04
4.795100000000000000e+04
1.355700000000000000e+05
4.259700000000000000e+04
2.534600000000000000e+04
6.805200000000000000e+04
6.522500000000000000e+04
5.569500000000000000e+04
4.729100000000000000e+04
2.052300000000000000e+04
3.782500000000000000e+04
6.187700000000000000e+04
8.314600000000000000e+04
1.008830000000000000e+05
1.528420000000000000e+05
1.212210000000000000e+05
1.580990000000000000e+05
1.009900000000000000e+05
4.130000000000000000e+02
4.677400000000000000e+04
1.269400000000000000e+04
9.115700000000000000e+04
1.578780000000000000e+05
2.823200000000000000e+04
1.176490000000000000e+05
1.267900000000000000e+04
8.381100000000000000e+04
1.230990000000000000e+05
1.298380000000000000e+05
9.260800000000000000e+04
8.498000000000000000e+04
1.691700000000000000e+04
1.553640000000000000e+05
5.564000000000000000e+03
3.091700000000000000e+04
2.024500000000000000e+04
1.340770000000000000e+05
9.086700000000000000e+04
7.918400000000000000e+04
9.992700000000000000e+04
8.392800000000000000e+04
1.263910000000000000e+05
1.475270000000000000e+05
2.502800000000000000e+04
1.230270000000000000e+05
1.692010000000000000e+05
1.379060000000000000e+05
1.287150000000000000e+05
1.682740000000000000e+05
4.831300000000000000e+04
6.153200000000000000e+04
1.189480000000000000e+05
1.273500000000000000e+05
1.419820000000000000e+05
7.597300000000000000e+04
1.635720000000000000e+05
1.667780000000000000e+05
1.451050000000000000e+05
7.710600000000000000e+04
1.576690000000000000e+05
1.252860000000000000e+05
8.542500000000000000e+04
1.391710000000000000e+05
1.700000000000000000e+04
1.099890000000000000e+05
1.462670000000000000e+05
4.324700000000000000e+04
7.967900000000000000e+04
4.977900000000000000e+04
3.152900000000000000e+04
1.475000000000000000e+05
7.248500000000000000e+04
1.608250000000000000e+05
4.430400000000000000e+04
1.488310000000000000e+05
1.450990000000000000e+05
3.593600000000000000e+04
1.203480000000000000e+05
3.236900000000000000e+04
1.522160000000000000e+05
4.967900000000000000e+04
9.326600000000000000e+04
1.604300000000000000e+05
1.243350000000000000e+05
5.985000000000000000e+04
7.025800000000000000e+04
1.138020000000000000e+05
2.182400000000000000e+04
5.361200000000000000e+04
4.729600000000000000e+04
1.652270000000000000e+05
5.118700000000000000e+04
1.096250000000000000e+05
1.261110000000000000e+05
2.337300000000000000e+04
4.721000000000000000e+03
3.852800000000000000e+04
1.345260000000000000e+05
1.301610000000000000e+05
1.034890000000000000e+05
2.652000000000000000e+03
6.263100000000000000e+04
1.068940000000000000e+05
8.708800000000000000e+04
8.620900000000000000e+04
2.290400000000000000e+04
1.082970000000000000e+05
1.454200000000000000e+04
1.160430000000000000e+05
6.041000000000000000e+04
8.491900000000000000e+04
1.052600000000000000e+05
5.452800000000000000e+04
4.159100000000000000e+04
1.011800000000000000e+04
6.528200000000000000e+04
1.900400000000000000e+04
2.658700000000000000e+04
1.237430000000000000e+05
4.674800000000000000e+04
4.612900000000000000e+04
1.295640000000000000e+05
7.655500000000000000e+04
8.346000000000000000e+03
5.314700000000000000e+04
2.561400000000000000e+04
5.523800000000000000e+04
1.899900000000000000e+04
6.120300000000000000e+04
2.835900000000000000e+04
1.631200000000000000e+04
1.350620000000000000e+05
4.922100000000000000e+04
9.056000000000000000e+03
1.073060000000000000e+05
1.022360000000000000e+05
9.170000000000000000e+02
1.373560000000000000e+05
1.075100000000000000e+04
1.189340000000000000e+05
1.787800000000000000e+04
1.439940000000000000e+05
3.251400000000000000e+04
1.461850000000000000e+05
1.679300000000000000e+05
1.159880000000000000e+05
5.279300000000000000e+04
3.364000000000000000e+04
9.688900000000000000e+04
8.683000000000000000e+03
8.597400000000000000e+04
9.112300000000000000e+04
1.133250000000000000e+05
8.913000000000000000e+03
1.575510000000000000e+05
2.278600000000000000e+04
2.993600000000000000e+04
6.345300000000000000e+04
1.414670000000000000e+05
1.375570000000000000e+05
4.529100000000000000e+04
1.059430000000000000e+05
1.546000000000000000e+03
1.796000000000000000e+03
3.711000000000000000e+03
6.299100000000000000e+04
8.822000000000000000e+03
1.190000000000000000e+04
2.453000000000000000e+04
9.252700000000000000e+04
6.573200000000000000e+04
1.058490000000000000e+05
9.496400000000000000e+04
7.931600000000000000e+04
1.567700000000000000e+05
1.985400000000000000e+04
8.842700000000000000e+04
3.440900000000000000e+04
7.635000000000000000e+03
4.113900000000000000e+04
6.769200000000000000e+04
2.594000000000000000e+03
8.897100000000000000e+04
8.030000000000000000e+02
2.262300000000000000e+04
8.900900000000000000e+04
1.658180000000000000e+05
6.109900000000000000e+04
1.504410000000000000e+05
9.741300000000000000e+04
1.787600000000000000e+04
1.602220000000000000e+05
8.608000000000000000e+03
1.013800000000000000e+04
4.276900000000000000e+04
4.695500000000000000e+04
1.987500000000000000e+04
1.209190000000000000e+05
1.623710000000000000e+05
5.929800000000000000e+04
4.018800000000000000e+04
7.035300000000000000e+04
1.635800000000000000e+05
2.926300000000000000e+04
1.136720000000000000e+05
5.324800000000000000e+04
1.359170000000000000e+05
6.029000000000000000e+03
1.070000000000000000e+04
1.107980000000000000e+05
7.212500000000000000e+04
1.548960000000000000e+05
1.326250000000000000e+05
1.403580000000000000e+05
5.269300000000000000e+04
3.875100000000000000e+04
3.670600000000000000e+04
1.169700000000000000e+04
1.446300000000000000e+04
6.270100000000000000e+04
2.970700000000000000e+04
1.478700000000000000e+04
1.526490000000000000e+05
6.185000000000000000e+03
1.336880000000000000e+05
1.137300000000000000e+04
9.267000000000000000e+03
1.021660000000000000e+05
8.437200000000000000e+04
1.653680000000000000e+05
6.150700000000000000e+04
9.183300000000000000e+04
7.284800000000000000e+04
7.549500000000000000e+04
1.557610000000000000e+05
4.975000000000000000e+04
5.062600000000000000e+04
6.651500000000000000e+04
1.293110000000000000e+05
1.407880000000000000e+05
6.414000000000000000e+04
9.057800000000000000e+04
1.417200000000000000e+05
1.459400000000000000e+04
4.203000000000000000e+03
8.860200000000000000e+04
4.549600000000000000e+04
5.992500000000000000e+04
1.116560000000000000e+05
3.963500000000000000e+04
1.467780000000000000e+05
1.615790000000000000e+05
3.483000000000000000e+03
4.826600000000000000e+04
1.613130000000000000e+05
7.479000000000000000e+04
1.527250000000000000e+05
1.643120000000000000e+05
7.568100000000000000e+04
1.888400000000000000e+04
6.580000000000000000e+03
6.055200000000000000e+04
1.238450000000000000e+05
1.298050000000000000e+05
1.551550000000000000e+05
5.889100000000000000e+04
5.943800000000000000e+04
5.003600000000000000e+04
9.780300000000000000e+04
9.496700000000000000e+04
4.941700000000000000e+04
1.508150000000000000e+05
2.400000000000000000e+01
6.025000000000000000e+03
2.689400000000000000e+04
1.593090000000000000e+05
1.077490000000000000e+05
1.704300000000000000e+04
1.393350000000000000e+05
4.666100000000000000e+04
9.626900000000000000e+04
1.425200000000000000e+05
1.399560000000000000e+05
1.291400000000000000e+05
1.251550000000000000e+05
3.688900000000000000e+04
1.094700000000000000e+05
6.425200000000000000e+04
4.831100000000000000e+04
8.029100000000000000e+04
1.522110000000000000e+05
1.488640000000000000e+05
7.236000000000000000e+03
5.685400000000000000e+04
1.186990000000000000e+05
1.491810000000000000e+05
1.397210000000000000e+05
1.454020000000000000e+05
1.399820000000000000e+05
9.428800000000000000e+04
4.795000000000000000e+04
1.392840000000000000e+05
2.166300000000000000e+04
9.433000000000000000e+04
1.174780000000000000e+05
1.244810000000000000e+05
1.564700000000000000e+04
1.314960000000000000e+05
2.533700000000000000e+04
4.663600000000000000e+04
1.681990000000000000e+05
4.531300000000000000e+04
2.818100000000000000e+04
1.196440000000000000e+05
1.245000000000000000e+05
2.883700000000000000e+04
8.983800000000000000e+04
4.246700000000000000e+04
1.411260000000000000e+05
6.370400000000000000e+04
2.327500000000000000e+04
3.394400000000000000e+04
1.323810000000000000e+05
1.531070000000000000e+05
8.468200000000000000e+04
2.263000000000000000e+04
9.600900000000000000e+04
1.074590000000000000e+05
1.231140000000000000e+05
9.280300000000000000e+04
3.968500000000000000e+04
3.905800000000000000e+04
1.263590000000000000e+05
8.012800000000000000e+04
5.359700000000000000e+04
7.462600000000000000e+04
9.280000000000000000e+03
2.940600000000000000e+04
1.662700000000000000e+05
3.775000000000000000e+04
2.677500000000000000e+04
1.167200000000000000e+04
1.570250000000000000e+05
6.328000000000000000e+03
6.431700000000000000e+04
4.613300000000000000e+04
1.506200000000000000e+05
6.629200000000000000e+04
1.616070000000000000e+05
1.171030000000000000e+05
4.884500000000000000e+04
5.599600000000000000e+04
1.458910000000000000e+05
6.532800000000000000e+04
2.919600000000000000e+04
3.370400000000000000e+04
1.124940000000000000e+05
1.085140000000000000e+05
3.775300000000000000e+04
3.709200000000000000e+04
3.613400000000000000e+04
2.349700000000000000e+04
8.601500000000000000e+04
1.309590000000000000e+05
4.512700000000000000e+04
1.439320000000000000e+05
8.650000000000000000e+02
8.489100000000000000e+04
1.445320000000000000e+05
5.332600000000000000e+04
1.689300000000000000e+04
6.221000000000000000e+03
3.453600000000000000e+04
1.334450000000000000e+05
1.395770000000000000e+05
9.077600000000000000e+04
4.740800000000000000e+04
9.730200000000000000e+04
1.495000000000000000e+05
1.388090000000000000e+05
1.158880000000000000e+05
1.583400000000000000e+04
1.399960000000000000e+05
1.593800000000000000e+04
7.478800000000000000e+04
1.278920000000000000e+05
1.277000000000000000e+03
1.148400000000000000e+05
5.846800000000000000e+04
3.290800000000000000e+04
1.443290000000000000e+05
1.569030000000000000e+05
2.516300000000000000e+04
1.635400000000000000e+05
4.269900000000000000e+04
5.098400000000000000e+04
1.397360000000000000e+05
6.910200000000000000e+04
5.221800000000000000e+04
1.500200000000000000e+04
8.765000000000000000e+04
1.125300000000000000e+04
1.434700000000000000e+04
4.352700000000000000e+04
1.190700000000000000e+05
6.725600000000000000e+04
6.650800000000000000e+04
1.004530000000000000e+05
1.339380000000000000e+05
1.465250000000000000e+05
5.843000000000000000e+04
1.431750000000000000e+05
5.325400000000000000e+04
1.276500000000000000e+05
3.339800000000000000e+04
5.736600000000000000e+04
1.556280000000000000e+05
2.699500000000000000e+04
8.030700000000000000e+04
3.706800000000000000e+04
1.451160000000000000e+05
9.009500000000000000e+04
3.015800000000000000e+04
5.295900000000000000e+04
1.609480000000000000e+05
1.020700000000000000e+05
1.536860000000000000e+05
1.625380000000000000e+05
1.562960000000000000e+05
1.499890000000000000e+05
2.508900000000000000e+04
6.665900000000000000e+04
7.845900000000000000e+04
1.046070000000000000e+05
9.808400000000000000e+04
1.739200000000000000e+04
2.696000000000000000e+03
3.305500000000000000e+04
1.434890000000000000e+05
5.759700000000000000e+04
4.609600000000000000e+04
1.199320000000000000e+05
1.033970000000000000e+05
7.931000000000000000e+03
1.627710000000000000e+05
1.269060000000000000e+05
1.544480000000000000e+05
6.559700000000000000e+04
1.371790000000000000e+05
5.837200000000000000e+04
4.328600000000000000e+04
4.826400000000000000e+04
7.109000000000000000e+03
1.372500000000000000e+05
5.146000000000000000e+04
1.590200000000000000e+04
1.349360000000000000e+05
2.799000000000000000e+03
1.023210000000000000e+05
4.142000000000000000e+04
7.639000000000000000e+04
1.291410000000000000e+05
2.780300000000000000e+04
1.532370000000000000e+05
1.199170000000000000e+05
1.873000000000000000e+04
3.585100000000000000e+04
1.017340000000000000e+05
1.246890000000000000e+05
7.081500000000000000e+04
1.478470000000000000e+05
1.250630000000000000e+05
1.256410000000000000e+05
1.637960000000000000e+05
1.616650000000000000e+05
1.424700000000000000e+05
9.034200000000000000e+04
1.665040000000000000e+05
1.353070000000000000e+05
6.926100000000000000e+04
7.299300000000000000e+04
1.115240000000000000e+05
3.146200000000000000e+04
6.201400000000000000e+04
1.044280000000000000e+05
8.744600000000000000e+04
1.678700000000000000e+04
1.193950000000000000e+05
1.529230000000000000e+05
1.500870000000000000e+05
1.663490000000000000e+05
1.456250000000000000e+05
1.607850000000000000e+05
9.697400000000000000e+04
7.275200000000000000e+04
4.075900000000000000e+04
1.216330000000000000e+05
3.425100000000000000e+04
4.034000000000000000e+04
1.172820000000000000e+05
4.763000000000000000e+03
2.519700000000000000e+04
1.641180000000000000e+05
6.269000000000000000e+04
5.864800000000000000e+04
9.935400000000000000e+04
1.418000000000000000e+04
1.111380000000000000e+05
4.924200000000000000e+04
6.183000000000000000e+04
9.686100000000000000e+04
2.812200000000000000e+04
3.112800000000000000e+04
3.457700000000000000e+04
5.098200000000000000e+04
8.885000000000000000e+03
1.633440000000000000e+05
9.642900000000000000e+04
4.350700000000000000e+04
1.289890000000000000e+05
3.704700000000000000e+04
8.521100000000000000e+04
1.625780000000000000e+05
6.809100000000000000e+04
1.656960000000000000e+05
8.312300000000000000e+04
8.164200000000000000e+04
9.310900000000000000e+04
2.662300000000000000e+04
5.486100000000000000e+04
1.103270000000000000e+05
2.683400000000000000e+04
3.153700000000000000e+04
6.587400000000000000e+04
7.870500000000000000e+04
4.736200000000000000e+04
1.549350000000000000e+05
1.102770000000000000e+05
1.496840000000000000e+05
1.493050000000000000e+05
5.279000000000000000e+03
1.194100000000000000e+05
9.280100000000000000e+04
4.788400000000000000e+04
9.943800000000000000e+04
9.882300000000000000e+04
8.105300000000000000e+04
8.166200000000000000e+04
2.565100000000000000e+04
1.373790000000000000e+05
1.416690000000000000e+05
4.407100000000000000e+04
2.776000000000000000e+04
5.074200000000000000e+04
2.591900000000000000e+04
5.265300000000000000e+04
1.468020000000000000e+05
5.914300000000000000e+04
1.627810000000000000e+05
1.138530000000000000e+05
7.734200000000000000e+04
5.235000000000000000e+04
6.272400000000000000e+04
1.059750000000000000e+05
4.395200000000000000e+04
1.024900000000000000e+05
1.634160000000000000e+05
9.018300000000000000e+04
1.383480000000000000e+05
3.346900000000000000e+04
9.327000000000000000e+04
1.492310000000000000e+05
1.296350000000000000e+05
9.151500000000000000e+04
1.153260000000000000e+05
1.523060000000000000e+05
1.341860000000000000e+05
7.849000000000000000e+03
1.166120000000000000e+05
1.436560000000000000e+05
3.691800000000000000e+04
6.236600000000000000e+04
1.312040000000000000e+05
1.350360000000000000e+05
8.083300000000000000e+04
1.681420000000000000e+05
6.738500000000000000e+04
5.609800000000000000e+04
3.189800000000000000e+04
8.135000000000000000e+03
2.344000000000000000e+04
1.361060000000000000e+05
5.320000000000000000e+02
1.066600000000000000e+04
1.302630000000000000e+05
6.278300000000000000e+04
1.567000000000000000e+03
4.982500000000000000e+04
3.529100000000000000e+04
7.746000000000000000e+03
1.237220000000000000e+05
8.559800000000000000e+04
6.013700000000000000e+04
7.248300000000000000e+04
7.457600000000000000e+04
1.159580000000000000e+05
1.454130000000000000e+05
2.617900000000000000e+04
1.154410000000000000e+05
8.846700000000000000e+04
4.732300000000000000e+04
1.533690000000000000e+05
1.085840000000000000e+05
6.051800000000000000e+04
1.590000000000000000e+02
2.404300000000000000e+04
1.317610000000000000e+05
7.462800000000000000e+04
1.421810000000000000e+05
3.179000000000000000e+04
1.486250000000000000e+05
7.050400000000000000e+04
6.520000000000000000e+03
9.058100000000000000e+04
1.765100000000000000e+04
2.090000000000000000e+02
1.292500000000000000e+05
1.090160000000000000e+05
1.341440000000000000e+05
1.856800000000000000e+04
1.321340000000000000e+05
1.604670000000000000e+05
8.391500000000000000e+04
7.538000000000000000e+04
6.159000000000000000e+03
4.689400000000000000e+04
7.656400000000000000e+04
1.211470000000000000e+05
9.756200000000000000e+04
8.252500000000000000e+04
1.328480000000000000e+05
4.617700000000000000e+04
1.287080000000000000e+05
4.385500000000000000e+04
1.376630000000000000e+05
1.680660000000000000e+05
1.584880000000000000e+05
5.908600000000000000e+04
3.531000000000000000e+04
3.961300000000000000e+04
1.367810000000000000e+05
6.104600000000000000e+04
1.587880000000000000e+05
1.392510000000000000e+05
1.204880000000000000e+05
8.714600000000000000e+04
1.088710000000000000e+05
5.616200000000000000e+04
3.510400000000000000e+04
6.592100000000000000e+04
7.821400000000000000e+04
4.393500000000000000e+04
1.576300000000000000e+04
1.324650000000000000e+05
5.875100000000000000e+04
6.528500000000000000e+04
2.405900000000000000e+04
1.084260000000000000e+05
6.913100000000000000e+04
1.363770000000000000e+05
1.513790000000000000e+05
6.449800000000000000e+04
4.352400000000000000e+04
1.606200000000000000e+04
1.179700000000000000e+05
6.916400000000000000e+04
2.277100000000000000e+04
5.575700000000000000e+04
3.299600000000000000e+04
4.253700000000000000e+04
6.439500000000000000e+04
1.332320000000000000e+05
1.294200000000000000e+04
1.687000000000000000e+03
1.297590000000000000e+05
1.012260000000000000e+05
1.318840000000000000e+05
3.183800000000000000e+04
4.950000000000000000e+02
1.632730000000000000e+05
9.061900000000000000e+04
5.200600000000000000e+04
3.364300000000000000e+04
9.467600000000000000e+04
1.535720000000000000e+05
1.016130000000000000e+05
2.641900000000000000e+04
7.961500000000000000e+04
1.471010000000000000e+05
1.213400000000000000e+04
4.954200000000000000e+04
1.322100000000000000e+05
3.942200000000000000e+04
1.111780000000000000e+05
9.433900000000000000e+04
6.291300000000000000e+04
7.432700000000000000e+04
5.593500000000000000e+04
2.584900000000000000e+04
4.636400000000000000e+04
2.626500000000000000e+04
2.254200000000000000e+04
4.164200000000000000e+04
1.119400000000000000e+05
2.470600000000000000e+04
1.110900000000000000e+04
5.291100000000000000e+04
1.384380000000000000e+05
6.587000000000000000e+03
2.687700000000000000e+04
1.078620000000000000e+05
1.012530000000000000e+05
1.031430000000000000e+05
4.554200000000000000e+04
3.959500000000000000e+04
1.435230000000000000e+05
1.188500000000000000e+04
7.056400000000000000e+04
9.928500000000000000e+04
1.575830000000000000e+05
6.649800000000000000e+04
1.647530000000000000e+05
8.325000000000000000e+03
1.315120000000000000e+05
1.107380000000000000e+05
7.428500000000000000e+04
1.467800000000000000e+04
1.375440000000000000e+05
6.951900000000000000e+04
2.910600000000000000e+04
6.734900000000000000e+04
1.477300000000000000e+04
6.106500000000000000e+04
7.667200000000000000e+04
4.748300000000000000e+04
1.373430000000000000e+05
1.681460000000000000e+05
6.548000000000000000e+04
2.158900000000000000e+04
5.358500000000000000e+04
8.878500000000000000e+04
1.320640000000000000e+05
8.749600000000000000e+04
1.165170000000000000e+05
4.500400000000000000e+04
9.241900000000000000e+04
1.076720000000000000e+05
2.978200000000000000e+04
8.340700000000000000e+04
1.152750000000000000e+05
1.672890000000000000e+05
2.462300000000000000e+04
1.459700000000000000e+04
1.077530000000000000e+05
1.624000000000000000e+04
9.642700000000000000e+04
1.786000000000000000e+03
7.484000000000000000e+04
1.622220000000000000e+05
8.735700000000000000e+04
2.761400000000000000e+04
3.664800000000000000e+04
1.621530000000000000e+05
7.545500000000000000e+04
3.824700000000000000e+04
1.874300000000000000e+04
1.603240000000000000e+05
1.407420000000000000e+05
4.778500000000000000e+04
1.007260000000000000e+05
6.524600000000000000e+04
6.851200000000000000e+04
3.587900000000000000e+04
7.726200000000000000e+04
1.396690000000000000e+05
1.274260000000000000e+05
1.410340000000000000e+05
1.606740000000000000e+05
4.994400000000000000e+04
5.058200000000000000e+04
1.685950000000000000e+05
1.170480000000000000e+05
1.449120000000000000e+05
1.609700000000000000e+05
1.634670000000000000e+05
1.395180000000000000e+05
1.412500000000000000e+04
1.064330000000000000e+05
1.190970000000000000e+05
2.540900000000000000e+04
2.403400000000000000e+04
8.378500000000000000e+04
1.171360000000000000e+05
8.615000000000000000e+04
8.366200000000000000e+04
3.136400000000000000e+04
7.960500000000000000e+04
1.244770000000000000e+05
1.651230000000000000e+05
1.022260000000000000e+05
2.231900000000000000e+04
7.211400000000000000e+04
1.208940000000000000e+05
6.449000000000000000e+03
1.423430000000000000e+05
4.397000000000000000e+04
8.731000000000000000e+04
9.327500000000000000e+04
1.172000000000000000e+05
1.680820000000000000e+05
5.620000000000000000e+03
6.871000000000000000e+03
1.476310000000000000e+05
6.781000000000000000e+03
1.331650000000000000e+05
4.207300000000000000e+04
1.252420000000000000e+05
3.887500000000000000e+04
9.264500000000000000e+04
6.350500000000000000e+04
1.139320000000000000e+05
1.271870000000000000e+05
1.415890000000000000e+05
8.363300000000000000e+04
3.652500000000000000e+04
1.641490000000000000e+05
1.529600000000000000e+04
1.643440000000000000e+05
1.488020000000000000e+05
5.332900000000000000e+04
1.605750000000000000e+05
8.885800000000000000e+04
7.816800000000000000e+04
7.722000000000000000e+04
1.676520000000000000e+05
6.457300000000000000e+04
1.061500000000000000e+05
9.233300000000000000e+04
7.210000000000000000e+04
8.283300000000000000e+04
2.845900000000000000e+04
6.665200000000000000e+04
9.211600000000000000e+04
9.456500000000000000e+04
2.039500000000000000e+04
6.629700000000000000e+04
2.948400000000000000e+04
1.516620000000000000e+05
7.740400000000000000e+04
7.431300000000000000e+04
1.186860000000000000e+05
2.396000000000000000e+04
4.500000000000000000e+04
4.351800000000000000e+04
1.989700000000000000e+04
5.426700000000000000e+04
3.676200000000000000e+04
7.928700000000000000e+04
8.619500000000000000e+04
7.045900000000000000e+04
9.361600000000000000e+04
9.357700000000000000e+04
4.645400000000000000e+04
8.995300000000000000e+04
3.965700000000000000e+04
3.590600000000000000e+04
1.241070000000000000e+05
3.777700000000000000e+04
3.037900000000000000e+04
4.520000000000000000e+03
1.119740000000000000e+05
1.496660000000000000e+05
1.498780000000000000e+05
1.302310000000000000e+05
6.767300000000000000e+04
1.110690000000000000e+05
1.033410000000000000e+05
9.083300000000000000e+04
1.058430000000000000e+05
1.053600000000000000e+04
1.074860000000000000e+05
1.243910000000000000e+05
8.491700000000000000e+04
5.986800000000000000e+04
1.060000000000000000e+05
1.292010000000000000e+05
6.409100000000000000e+04
7.400600000000000000e+04
3.029100000000000000e+04
5.970500000000000000e+04
1.606770000000000000e+05
9.041300000000000000e+04
1.060300000000000000e+04
3.459000000000000000e+04
1.392590000000000000e+05
6.979500000000000000e+04
1.213800000000000000e+04
3.070000000000000000e+03
7.340300000000000000e+04
9.218000000000000000e+03
1.624790000000000000e+05
1.282790000000000000e+05
9.966000000000000000e+04
1.446050000000000000e+05
1.005720000000000000e+05
1.275480000000000000e+05
1.491000000000000000e+05
9.118800000000000000e+04
1.341330000000000000e+05
1.295860000000000000e+05
1.206230000000000000e+05
7.522300000000000000e+04
1.005880000000000000e+05
1.113950000000000000e+05
3.357600000000000000e+04
1.671640000000000000e+05
1.117300000000000000e+04
6.269600000000000000e+04
1.396520000000000000e+05
8.916900000000000000e+04
8.293300000000000000e+04
4.971600000000000000e+04
6.735100000000000000e+04
6.002600000000000000e+04
5.045700000000000000e+04
8.882300000000000000e+04
4.445300000000000000e+04
1.086500000000000000e+05
8.635100000000000000e+04
1.483640000000000000e+05
1.561090000000000000e+05
7.501500000000000000e+04
1.417120000000000000e+05
6.870800000000000000e+04
6.657500000000000000e+04
1.153120000000000000e+05
1.686000000000000000e+05
3.220000000000000000e+04
1.010760000000000000e+05
2.356700000000000000e+04
6.222100000000000000e+04
1.612560000000000000e+05
8.020000000000000000e+02
5.159700000000000000e+04
1.051670000000000000e+05
2.166200000000000000e+04
1.632120000000000000e+05
1.179790000000000000e+05
1.482440000000000000e+05
1.274070000000000000e+05
1.219700000000000000e+05
1.405390000000000000e+05
1.605350000000000000e+05
9.531500000000000000e+04
2.811900000000000000e+04
1.179220000000000000e+05
1.044760000000000000e+05
3.007500000000000000e+04
1.631700000000000000e+05
1.287880000000000000e+05
1.492690000000000000e+05
8.618900000000000000e+04
9.063300000000000000e+04
1.094230000000000000e+05
1.037880000000000000e+05
5.788300000000000000e+04
1.079000000000000000e+03
1.329970000000000000e+05
6.284100000000000000e+04
1.876000000000000000e+04
1.676410000000000000e+05
5.082000000000000000e+04
1.000130000000000000e+05
1.637980000000000000e+05
8.499300000000000000e+04
1.272440000000000000e+05
1.089700000000000000e+05
1.327430000000000000e+05
9.962600000000000000e+04
1.334160000000000000e+05
4.262900000000000000e+04
1.638970000000000000e+05
1.537320000000000000e+05
3.147700000000000000e+04
5.336000000000000000e+03
1.512900000000000000e+05
5.943200000000000000e+04
1.061410000000000000e+05
8.818000000000000000e+04
1.316820000000000000e+05
1.626450000000000000e+05
9.202700000000000000e+04
5.833800000000000000e+04
1.168490000000000000e+05
9.274300000000000000e+04
9.883800000000000000e+04
5.789700000000000000e+04
9.997200000000000000e+04
5.181100000000000000e+04
1.286850000000000000e+05
1.076790000000000000e+05
3.057300000000000000e+04
4.587300000000000000e+04
1.070390000000000000e+05
9.164000000000000000e+04
1.287460000000000000e+05
4.061300000000000000e+04
4.781500000000000000e+04
4.140000000000000000e+02
1.158680000000000000e+05
9.368700000000000000e+04
1.663220000000000000e+05
4.783900000000000000e+04
1.856400000000000000e+04
1.291380000000000000e+05
1.629360000000000000e+05
9.076300000000000000e+04
6.267400000000000000e+04
5.393900000000000000e+04
3.048400000000000000e+04
8.746800000000000000e+04
3.028700000000000000e+04
1.087250000000000000e+05
1.043500000000000000e+04
3.676800000000000000e+04
9.577500000000000000e+04
1.128330000000000000e+05
8.734700000000000000e+04
1.045600000000000000e+04
1.362890000000000000e+05
1.160730000000000000e+05
9.446000000000000000e+03
5.730900000000000000e+04
2.420500000000000000e+04
1.587060000000000000e+05
1.398460000000000000e+05
4.930900000000000000e+04
1.070710000000000000e+05
1.376850000000000000e+05
1.116070000000000000e+05
6.075600000000000000e+04
6.032100000000000000e+04
1.127560000000000000e+05
9.700200000000000000e+04
6.286100000000000000e+04
8.035900000000000000e+04
4.515100000000000000e+04
7.393200000000000000e+04
7.009800000000000000e+04
1.549610000000000000e+05
1.173310000000000000e+05
6.487400000000000000e+04
5.630600000000000000e+04
1.258950000000000000e+05
1.564800000000000000e+05
1.091490000000000000e+05
1.310370000000000000e+05
4.385000000000000000e+04
9.484900000000000000e+04
1.611600000000000000e+05
7.889100000000000000e+04
7.475000000000000000e+03
3.304400000000000000e+04
3.940600000000000000e+04
1.005620000000000000e+05
8.039500000000000000e+04
6.877800000000000000e+04
6.889200000000000000e+04
1.121300000000000000e+04
1.398710000000000000e+05
3.597000000000000000e+04
5.931000000000000000e+03
1.419660000000000000e+05
9.383700000000000000e+04
2.610200000000000000e+04
5.884000000000000000e+04
5.702100000000000000e+04
5.532700000000000000e+04
1.403200000000000000e+04
1.321650000000000000e+05
1.104240000000000000e+05
1.317390000000000000e+05
1.645450000000000000e+05
6.000000000000000000e+03
5.768000000000000000e+03
5.910800000000000000e+04
5.653000000000000000e+03
4.870700000000000000e+04
3.309200000000000000e+04
1.370850000000000000e+05
3.605000000000000000e+03
2.982000000000000000e+03
1.639710000000000000e+05
9.495300000000000000e+04
1.387800000000000000e+04
4.016900000000000000e+04
5.592900000000000000e+04
4.177700000000000000e+04
5.054400000000000000e+04
1.551520000000000000e+05
6.329400000000000000e+04
1.234600000000000000e+04
1.200650000000000000e+05
1.107670000000000000e+05
1.641000000000000000e+05
2.534300000000000000e+04
1.650300000000000000e+04
6.265000000000000000e+04
1.682610000000000000e+05
5.029300000000000000e+04
7.860200000000000000e+04
1.231350000000000000e+05
1.623200000000000000e+05
1.253570000000000000e+05
5.720900000000000000e+04
2.445700000000000000e+04
4.399000000000000000e+04
1.452950000000000000e+05
1.489150000000000000e+05
4.778000000000000000e+03
3.593100000000000000e+04
1.204610000000000000e+05
1.321730000000000000e+05
2.251300000000000000e+04
1.625580000000000000e+05
1.470860000000000000e+05
1.566340000000000000e+05
2.817200000000000000e+04
1.398490000000000000e+05
2.299300000000000000e+04
2.225500000000000000e+04
1.456240000000000000e+05
1.118770000000000000e+05
4.772000000000000000e+04
8.737200000000000000e+04
1.212960000000000000e+05
9.410400000000000000e+04
6.925600000000000000e+04
1.224420000000000000e+05
8.344200000000000000e+04
6.756600000000000000e+04
1.677350000000000000e+05
1.546730000000000000e+05
1.202300000000000000e+05
7.795300000000000000e+04
1.654800000000000000e+05
2.303300000000000000e+04
5.001300000000000000e+04
1.037190000000000000e+05
6.999700000000000000e+04
8.335200000000000000e+04
1.168940000000000000e+05
1.076210000000000000e+05
1.049760000000000000e+05
1.915200000000000000e+04
1.286130000000000000e+05
9.804300000000000000e+04
7.756700000000000000e+04
8.037000000000000000e+04
1.518640000000000000e+05
2.782000000000000000e+03
9.207000000000000000e+03
1.407400000000000000e+05
1.619920000000000000e+05
1.121220000000000000e+05
1.420420000000000000e+05
1.374000000000000000e+05
1.848900000000000000e+04
1.185240000000000000e+05
7.100500000000000000e+04
8.540400000000000000e+04
2.645700000000000000e+04
7.565500000000000000e+04
1.543960000000000000e+05
2.523600000000000000e+04
3.752000000000000000e+04
1.621710000000000000e+05
1.270830000000000000e+05
1.291130000000000000e+05
8.658300000000000000e+04
7.082400000000000000e+04
8.480100000000000000e+04
1.588300000000000000e+04
9.706900000000000000e+04
7.118700000000000000e+04
9.312500000000000000e+04
7.199500000000000000e+04
5.594100000000000000e+04
2.454100000000000000e+04
1.130550000000000000e+05
2.297700000000000000e+04
4.754000000000000000e+03
1.308390000000000000e+05
8.739300000000000000e+04
9.933000000000000000e+04
1.532740000000000000e+05
1.105900000000000000e+04
1.479920000000000000e+05
9.444000000000000000e+03
1.117440000000000000e+05
9.613100000000000000e+04
3.065000000000000000e+04
2.648500000000000000e+04
1.089010000000000000e+05
1.680940000000000000e+05
7.308700000000000000e+04
2.253500000000000000e+04
1.597530000000000000e+05
6.911200000000000000e+04
1.175150000000000000e+05
6.640200000000000000e+04
6.360000000000000000e+03
3.906200000000000000e+04
5.302700000000000000e+04
5.416700000000000000e+04
1.035370000000000000e+05
9.644400000000000000e+04
1.074020000000000000e+05
5.899400000000000000e+04
1.578990000000000000e+05
1.503160000000000000e+05
1.514810000000000000e+05
1.127290000000000000e+05
8.479000000000000000e+04
4.043200000000000000e+04
1.148840000000000000e+05
8.899100000000000000e+04
1.190390000000000000e+05
1.639430000000000000e+05
6.706000000000000000e+04
1.059730000000000000e+05
1.603340000000000000e+05
1.576910000000000000e+05
9.723800000000000000e+04
9.801500000000000000e+04
2.590600000000000000e+04
3.689400000000000000e+04
6.149500000000000000e+04
8.109500000000000000e+04
1.077200000000000000e+05
1.323800000000000000e+05
1.043120000000000000e+05
7.388800000000000000e+04
9.079600000000000000e+04
1.372000000000000000e+03
7.697800000000000000e+04
1.088770000000000000e+05
9.837200000000000000e+04
7.038000000000000000e+03
8.043800000000000000e+04
2.795000000000000000e+04
5.544000000000000000e+04
1.637800000000000000e+04
1.477230000000000000e+05
4.539300000000000000e+04
1.435700000000000000e+05
1.312510000000000000e+05
6.014500000000000000e+04
1.104670000000000000e+05
5.596300000000000000e+04
9.326400000000000000e+04
1.541610000000000000e+05
1.660350000000000000e+05
3.340000000000000000e+03
1.683100000000000000e+04
8.661600000000000000e+04
1.103730000000000000e+05
2.935900000000000000e+04
1.371850000000000000e+05
5.117300000000000000e+04
1.017310000000000000e+05
1.220670000000000000e+05
7.855900000000000000e+04
1.350960000000000000e+05
8.646300000000000000e+04
7.365000000000000000e+03
2.560700000000000000e+04
8.230100000000000000e+04
1.044790000000000000e+05
1.863900000000000000e+04
1.562050000000000000e+05
1.683310000000000000e+05
8.292200000000000000e+04
1.158500000000000000e+04
1.429480000000000000e+05
1.164980000000000000e+05
4.853000000000000000e+03
1.607040000000000000e+05
5.091600000000000000e+04
8.660900000000000000e+04
1.142490000000000000e+05
4.349800000000000000e+04
3.621900000000000000e+04
9.807000000000000000e+04
1.042400000000000000e+04
8.118900000000000000e+04
1.625100000000000000e+04
1.238710000000000000e+05
4.289100000000000000e+04
4.909800000000000000e+04
1.210030000000000000e+05
2.131600000000000000e+04
2.128100000000000000e+04
5.953100000000000000e+04
8.461900000000000000e+04
9.330200000000000000e+04
1.743600000000000000e+04
7.948300000000000000e+04
3.459700000000000000e+04
1.648400000000000000e+04
5.083900000000000000e+04
1.404230000000000000e+05
7.759600000000000000e+04
5.428200000000000000e+04
1.274990000000000000e+05
1.550030000000000000e+05
7.866500000000000000e+04
1.276870000000000000e+05
1.507210000000000000e+05
5.981300000000000000e+04
8.566000000000000000e+04
1.617650000000000000e+05
1.216600000000000000e+04
2.882000000000000000e+03
5.507000000000000000e+04
1.165320000000000000e+05
9.562400000000000000e+04
3.688000000000000000e+04
1.688650000000000000e+05
1.646000000000000000e+03
1.044000000000000000e+05
9.127900000000000000e+04
2.783100000000000000e+04
4.561000000000000000e+03
1.470960000000000000e+05
1.071750000000000000e+05
4.395000000000000000e+04
9.240100000000000000e+04
9.135700000000000000e+04
1.121050000000000000e+05
1.176850000000000000e+05
1.362900000000000000e+05
8.426300000000000000e+04
7.467000000000000000e+04
1.554770000000000000e+05
8.175100000000000000e+04
8.985500000000000000e+04
1.648780000000000000e+05
3.767900000000000000e+04
9.671800000000000000e+04
1.335420000000000000e+05
1.588610000000000000e+05
9.402000000000000000e+04
4.144400000000000000e+04
8.346600000000000000e+04
1.497350000000000000e+05
1.655770000000000000e+05
8.737400000000000000e+04
1.072920000000000000e+05
6.491300000000000000e+04
4.651300000000000000e+04
9.965200000000000000e+04
9.898600000000000000e+04
1.212300000000000000e+05
2.724500000000000000e+04
7.468700000000000000e+04
1.232600000000000000e+05
8.295000000000000000e+03
1.350400000000000000e+05
1.615060000000000000e+05
4.691000000000000000e+04
1.141810000000000000e+05
8.739100000000000000e+04
1.232390000000000000e+05
1.360050000000000000e+05
1.061380000000000000e+05
7.681800000000000000e+04
3.799300000000000000e+04
3.855400000000000000e+04
3.578400000000000000e+04
1.446300000000000000e+05
1.620970000000000000e+05
1.165450000000000000e+05
1.688960000000000000e+05
1.289060000000000000e+05
1.513650000000000000e+05
1.657160000000000000e+05
1.135610000000000000e+05
1.077520000000000000e+05
1.111340000000000000e+05
1.492030000000000000e+05
1.074930000000000000e+05
9.540000000000000000e+04
1.609100000000000000e+04
1.195900000000000000e+04
1.218390000000000000e+05
1.994400000000000000e+04
1.152720000000000000e+05
6.370800000000000000e+04
5.283000000000000000e+03
1.382060000000000000e+05
7.321400000000000000e+04
4.906000000000000000e+03
1.452360000000000000e+05
1.053020000000000000e+05
1.264600000000000000e+04
4.687800000000000000e+04
1.372570000000000000e+05
1.019350000000000000e+05
1.391000000000000000e+04
1.963200000000000000e+04
1.478000000000000000e+04
1.146690000000000000e+05
4.372100000000000000e+04
1.487120000000000000e+05
1.519450000000000000e+05
1.351630000000000000e+05
6.365500000000000000e+04
4.118700000000000000e+04
7.262300000000000000e+04
2.091000000000000000e+03
1.572950000000000000e+05
5.393400000000000000e+04
7.781500000000000000e+04
9.934700000000000000e+04
9.313700000000000000e+04
9.688300000000000000e+04
6.755000000000000000e+03
8.606400000000000000e+04
1.160540000000000000e+05
1.691480000000000000e+05
8.459500000000000000e+04
1.245330000000000000e+05
1.143060000000000000e+05
9.235200000000000000e+04
8.670400000000000000e+04
1.584340000000000000e+05
7.977500000000000000e+04
9.370200000000000000e+04
4.027600000000000000e+04
9.103100000000000000e+04
3.859000000000000000e+04
8.351800000000000000e+04
1.272270000000000000e+05
1.745300000000000000e+04
9.965000000000000000e+03
2.637700000000000000e+04
1.471420000000000000e+05
1.563590000000000000e+05
1.560650000000000000e+05
