1.304710000000000000e+05
1.352100000000000000e+04
1.501720000000000000e+05
6.520600000000000000e+04
9.137400000000000000e+04
1.048670000000000000e+05
5.318800000000000000e+04
4.116200000000000000e+04
7.590500000000000000e+04
1.818000000000000000e+04
9.692300000000000000e+04
1.405270000000000000e+05
1.519320000000000000e+05
1.566880000000000000e+05
7.319700000000000000e+04
1.543980000000000000e+05
1.239800000000000000e+04
1.192590000000000000e+05
1.022210000000000000e+05
8.102900000000000000e+04
1.675400000000000000e+04
6.700000000000000000e+03
3.329500000000000000e+04
1.611430000000000000e+05
7.009000000000000000e+03
1.824000000000000000e+04
9.787000000000000000e+03
9.382100000000000000e+04
5.114700000000000000e+04
1.380400000000000000e+05
1.474360000000000000e+05
6.161000000000000000e+04
3.847200000000000000e+04
8.560000000000000000e+02
9.806600000000000000e+04
6.051500000000000000e+04
7.990900000000000000e+04
1.635670000000000000e+05
1.064550000000000000e+05
7.846000000000000000e+03
1.059290000000000000e+05
9.135900000000000000e+04
1.586200000000000000e+04
9.176900000000000000e+04
1.405040000000000000e+05
1.487170000000000000e+05
1.299130000000000000e+05
1.191630000000000000e+05
5.988600000000000000e+04
6.100800000000000000e+04
2.950000000000000000e+03
6.028200000000000000e+04
6.779000000000000000e+04
1.021190000000000000e+05
3.091000000000000000e+03
4.975900000000000000e+04
9.862100000000000000e+04
1.565120000000000000e+05
4.615500000000000000e+04
1.336500000000000000e+05
1.315360000000000000e+05
1.356520000000000000e+05
1.436730000000000000e+05
1.781300000000000000e+04
9.541900000000000000e+04
1.128350000000000000e+05
7.166400000000000000e+04
4.421500000000000000e+04
5.931900000000000000e+04
3.480300000000000000e+04
1.662240000000000000e+05
1.051820000000000000e+05
4.861400000000000000e+04
1.171770000000000000e+05
7.207700000000000000e+04
4.029000000000000000e+04
1.269700000000000000e+05
1.135250000000000000e+05
1.075060000000000000e+05
1.223420000000000000e+05
7.204500000000000000e+04
8.104500000000000000e+04
6.783000000000000000e+04
6.640500000000000000e+04
9.840100000000000000e+04
1.675720000000000000e+05
1.075400000000000000e+05
1.324870000000000000e+05
2.824000000000000000e+03
1.631680000000000000e+05
1.316950000000000000e+05
1.550930000000000000e+05
1.349680000000000000e+05
1.457450000000000000e+05
1.259010000000000000e+05
2.666000000000000000e+03
1.279910000000000000e+05
1.259950000000000000e+05
1.578920000000000000e+05
3.012500000000000000e+04
1.153880000000000000e+05
2.073700000000000000e+04
1.357700000000000000e+05
9.807500000000000000e+04
5.319500000000000000e+04
8.808000000000000000e+04
1.602240000000000000e+05
5.907600000000000000e+04
1.577990000000000000e+05
7.868000000000000000e+04
5.053100000000000000e+04
1.273950000000000000e+05
1.490440000000000000e+05
1.594360000000000000e+05
2.301100000000000000e+04
1.559910000000000000e+05
9.341600000000000000e+04
8.804600000000000000e+04
6.660100000000000000e+04
1.593350000000000000e+05
1.615710000000000000e+05
9.456800000000000000e+04
1.473840000000000000e+05
4.650900000000000000e+04
1.558820000000000000e+05
1.346690000000000000e+05
1.252850000000000000e+05
1.655670000000000000e+05
1.215400000000000000e+05
8.549800000000000000e+04
7.720400000000000000e+04
1.207750000000000000e+05
8.968800000000000000e+04
1.631030000000000000e+05
1.614860000000000000e+05
1.286040000000000000e+05
6.116200000000000000e+04
4.228600000000000000e+04
1.004030000000000000e+05
8.228000000000000000e+03
4.831600000000000000e+04
2.720800000000000000e+04
4.048800000000000000e+04
1.019750000000000000e+05
1.329380000000000000e+05
3.254000000000000000e+03
1.041720000000000000e+05
2.937900000000000000e+04
2.817300000000000000e+04
6.020000000000000000e+02
3.802500000000000000e+04
1.688090000000000000e+05
2.000500000000000000e+04
7.946900000000000000e+04
9.984700000000000000e+04
2.162200000000000000e+04
4.648800000000000000e+04
1.212290000000000000e+05
1.465020000000000000e+05
1.316260000000000000e+05
1.446000000000000000e+03
1.528660000000000000e+05
5.138100000000000000e+04
4.410500000000000000e+04
1.008430000000000000e+05
7.976500000000000000e+04
6.393000000000000000e+04
1.567430000000000000e+05
2.146200000000000000e+04
1.602130000000000000e+05
1.179180000000000000e+05
3.077500000000000000e+04
1.192410000000000000e+05
9.836900000000000000e+04
2.885100000000000000e+04
2.559500000000000000e+04
1.445000000000000000e+04
1.417260000000000000e+05
1.181830000000000000e+05
1.619820000000000000e+05
1.032200000000000000e+05
8.805700000000000000e+04
8.657400000000000000e+04
6.788800000000000000e+04
6.996000000000000000e+03
1.670190000000000000e+05
5.738800000000000000e+04
1.555070000000000000e+05
8.511800000000000000e+04
7.318900000000000000e+04
9.253700000000000000e+04
1.102310000000000000e+05
8.473700000000000000e+04
3.777300000000000000e+04
8.470000000000000000e+03
1.460230000000000000e+05
1.624460000000000000e+05
4.217000000000000000e+04
7.561100000000000000e+04
1.280240000000000000e+05
8.288400000000000000e+04
1.614960000000000000e+05
1.144790000000000000e+05
3.044400000000000000e+04
7.977800000000000000e+04
1.625660000000000000e+05
4.008000000000000000e+04
7.486200000000000000e+04
1.365600000000000000e+04
9.498100000000000000e+04
2.800300000000000000e+04
1.498830000000000000e+05
1.497910000000000000e+05
1.669520000000000000e+05
7.858800000000000000e+04
1.354250000000000000e+05
5.143300000000000000e+04
5.082200000000000000e+04
8.128800000000000000e+04
1.900000000000000000e+01
1.906500000000000000e+04
1.526600000000000000e+04
7.131800000000000000e+04
1.639530000000000000e+05
1.132720000000000000e+05
1.221430000000000000e+05
1.439730000000000000e+05
1.797900000000000000e+04
1.230980000000000000e+05
1.592950000000000000e+05
1.312090000000000000e+05
7.642700000000000000e+04
1.282850000000000000e+05
9.254800000000000000e+04
1.468210000000000000e+05
1.006630000000000000e+05
8.158100000000000000e+04
4.399200000000000000e+04
4.016400000000000000e+04
6.866500000000000000e+04
9.470400000000000000e+04
4.968000000000000000e+04
3.136500000000000000e+04
1.504320000000000000e+05
4.036300000000000000e+04
1.382950000000000000e+05
8.566800000000000000e+04
1.651180000000000000e+05
3.670000000000000000e+02
1.398430000000000000e+05
9.807200000000000000e+04
8.709000000000000000e+04
1.035960000000000000e+05
1.558600000000000000e+05
4.331000000000000000e+03
4.826100000000000000e+04
3.348100000000000000e+04
9.918900000000000000e+04
1.630690000000000000e+05
2.652200000000000000e+04
1.285670000000000000e+05
2.020000000000000000e+02
6.224800000000000000e+04
1.225200000000000000e+05
4.801100000000000000e+04
3.908800000000000000e+04
6.423100000000000000e+04
1.289730000000000000e+05
2.160700000000000000e+04
7.010900000000000000e+04
4.647500000000000000e+04
2.259800000000000000e+04
4.530700000000000000e+04
1.384270000000000000e+05
6.324600000000000000e+04
1.590320000000000000e+05
1.604100000000000000e+04
3.203500000000000000e+04
1.174880000000000000e+05
9.550800000000000000e+04
4.752100000000000000e+04
1.484620000000000000e+05
9.143300000000000000e+04
5.547000000000000000e+03
6.894100000000000000e+04
1.284210000000000000e+05
6.841000000000000000e+03
5.990700000000000000e+04
6.130700000000000000e+04
5.195800000000000000e+04
3.324000000000000000e+04
9.423400000000000000e+04
6.497700000000000000e+04
6.059600000000000000e+04
1.595840000000000000e+05
3.865800000000000000e+04
2.458000000000000000e+04
1.296520000000000000e+05
6.807500000000000000e+04
4.675400000000000000e+04
7.804600000000000000e+04
1.400300000000000000e+04
3.209500000000000000e+04
1.117200000000000000e+05
1.404800000000000000e+05
1.341630000000000000e+05
3.326800000000000000e+04
1.436530000000000000e+05
5.227400000000000000e+04
7.441500000000000000e+04
9.565100000000000000e+04
1.568740000000000000e+05
7.500600000000000000e+04
1.255180000000000000e+05
5.734600000000000000e+04
5.241400000000000000e+04
1.655240000000000000e+05
1.515300000000000000e+05
1.211010000000000000e+05
1.960000000000000000e+03
3.376900000000000000e+04
4.152000000000000000e+04
1.528540000000000000e+05
1.112230000000000000e+05
8.687100000000000000e+04
6.745100000000000000e+04
6.996100000000000000e+04
1.050100000000000000e+04
9.600400000000000000e+04
1.953100000000000000e+04
1.282890000000000000e+05
5.056800000000000000e+04
1.279600000000000000e+04
1.498110000000000000e+05
1.256770000000000000e+05
5.200500000000000000e+04
7.188800000000000000e+04
1.542190000000000000e+05
7.831500000000000000e+04
8.286100000000000000e+04
8.697800000000000000e+04
1.232050000000000000e+05
1.550610000000000000e+05
5.625400000000000000e+04
9.500300000000000000e+04
4.355200000000000000e+04
9.989400000000000000e+04
1.395010000000000000e+05
1.661270000000000000e+05
7.244000000000000000e+04
7.763600000000000000e+04
1.369700000000000000e+05
1.679400000000000000e+04
9.139600000000000000e+04
1.437670000000000000e+05
1.485790000000000000e+05
1.074340000000000000e+05
1.540190000000000000e+05
6.738300000000000000e+04
5.253600000000000000e+04
1.620980000000000000e+05
1.449460000000000000e+05
8.909200000000000000e+04
4.676500000000000000e+04
3.136100000000000000e+04
5.481000000000000000e+03
9.233500000000000000e+04
3.681000000000000000e+04
6.471000000000000000e+03
1.338200000000000000e+04
9.947200000000000000e+04
1.569110000000000000e+05
5.847900000000000000e+04
6.590000000000000000e+03
3.645900000000000000e+04
1.368500000000000000e+05
1.185790000000000000e+05
8.478000000000000000e+03
5.025100000000000000e+04
9.551300000000000000e+04
5.725000000000000000e+03
3.079100000000000000e+04
5.368000000000000000e+04
4.814600000000000000e+04
9.600000000000000000e+01
1.617730000000000000e+05
1.645990000000000000e+05
4.551700000000000000e+04
6.098100000000000000e+04
1.044400000000000000e+04
3.981100000000000000e+04
2.529600000000000000e+04
5.581600000000000000e+04
4.841900000000000000e+04
7.868500000000000000e+04
1.741900000000000000e+04
1.116900000000000000e+05
1.254320000000000000e+05
2.670000000000000000e+04
3.249300000000000000e+04
8.012100000000000000e+04
2.643400000000000000e+04
1.936300000000000000e+04
4.532000000000000000e+04
6.511900000000000000e+04
1.343560000000000000e+05
1.214710000000000000e+05
6.028100000000000000e+04
1.134290000000000000e+05
1.107810000000000000e+05
7.148100000000000000e+04
1.591960000000000000e+05
1.148560000000000000e+05
1.061650000000000000e+05
1.161240000000000000e+05
4.930000000000000000e+02
1.327760000000000000e+05
4.995100000000000000e+04
1.273670000000000000e+05
7.097900000000000000e+04
1.104280000000000000e+05
7.961200000000000000e+04
5.867000000000000000e+04
2.804900000000000000e+04
1.459500000000000000e+04
1.908600000000000000e+04
9.735200000000000000e+04
1.332940000000000000e+05
1.337930000000000000e+05
6.901200000000000000e+04
1.048500000000000000e+05
1.421890000000000000e+05
1.155290000000000000e+05
8.056700000000000000e+04
1.320400000000000000e+04
1.276410000000000000e+05
1.357400000000000000e+04
1.233800000000000000e+04
1.353310000000000000e+05
6.950200000000000000e+04
3.930200000000000000e+04
1.356240000000000000e+05
1.482000000000000000e+04
2.431600000000000000e+04
7.602300000000000000e+04
1.044680000000000000e+05
1.130900000000000000e+05
5.051700000000000000e+04
1.197420000000000000e+05
7.452300000000000000e+04
4.481700000000000000e+04
1.507030000000000000e+05
4.528200000000000000e+04
8.474300000000000000e+04
5.535100000000000000e+04
3.000000000000000000e+00
4.266900000000000000e+04
1.377100000000000000e+04
2.793000000000000000e+04
3.471100000000000000e+04
1.491190000000000000e+05
1.384450000000000000e+05
2.071600000000000000e+04
1.689650000000000000e+05
3.330000000000000000e+03
1.615300000000000000e+04
1.292430000000000000e+05
6.949100000000000000e+04
7.582700000000000000e+04
7.730800000000000000e+04
1.062700000000000000e+04
6.782100000000000000e+04
1.140370000000000000e+05
1.022250000000000000e+05
4.438100000000000000e+04
1.038850000000000000e+05
5.652200000000000000e+04
8.034300000000000000e+04
1.524770000000000000e+05
1.577820000000000000e+05
8.910300000000000000e+04
6.527300000000000000e+04
1.185900000000000000e+04
1.636980000000000000e+05
9.364100000000000000e+04
1.663000000000000000e+03
1.311180000000000000e+05
1.323410000000000000e+05
1.563130000000000000e+05
1.316830000000000000e+05
4.486500000000000000e+04
4.933300000000000000e+04
9.210600000000000000e+04
3.464800000000000000e+04
1.264670000000000000e+05
1.648300000000000000e+04
5.608000000000000000e+03
1.432230000000000000e+05
1.166200000000000000e+04
1.089640000000000000e+05
3.635900000000000000e+04
1.619100000000000000e+05
1.013000000000000000e+03
1.320250000000000000e+05
6.643400000000000000e+04
1.583490000000000000e+05
1.656990000000000000e+05
7.858400000000000000e+04
1.342980000000000000e+05
1.404850000000000000e+05
3.851600000000000000e+04
1.049290000000000000e+05
1.195420000000000000e+05
1.145650000000000000e+05
6.563200000000000000e+04
1.567000000000000000e+04
2.698200000000000000e+04
2.943100000000000000e+04
1.427110000000000000e+05
1.061590000000000000e+05
3.898400000000000000e+04
1.007880000000000000e+05
6.321600000000000000e+04
1.355100000000000000e+04
7.895900000000000000e+04
1.327360000000000000e+05
7.006600000000000000e+04
5.060500000000000000e+04
1.619910000000000000e+05
1.051490000000000000e+05
1.588090000000000000e+05
1.338720000000000000e+05
1.120250000000000000e+05
1.622910000000000000e+05
1.288290000000000000e+05
1.334070000000000000e+05
6.966200000000000000e+04
2.795800000000000000e+04
1.145110000000000000e+05
7.661600000000000000e+04
1.321590000000000000e+05
4.520500000000000000e+04
6.246800000000000000e+04
1.472070000000000000e+05
6.558000000000000000e+03
2.713000000000000000e+04
3.659000000000000000e+04
7.816000000000000000e+04
1.178600000000000000e+05
1.478000000000000000e+05
1.526750000000000000e+05
1.681540000000000000e+05
1.297110000000000000e+05
1.589740000000000000e+05
3.218700000000000000e+04
3.320000000000000000e+02
8.828700000000000000e+04
1.378820000000000000e+05
1.319110000000000000e+05
8.897400000000000000e+04
4.869300000000000000e+04
4.066400000000000000e+04
1.024790000000000000e+05
2.006300000000000000e+04
4.866100000000000000e+04
3.057900000000000000e+04
7.949800000000000000e+04
1.274170000000000000e+05
6.911700000000000000e+04
9.448800000000000000e+04
1.032610000000000000e+05
1.139970000000000000e+05
1.056270000000000000e+05
4.656700000000000000e+04
1.187100000000000000e+04
9.106200000000000000e+04
8.005000000000000000e+04
1.066900000000000000e+05
1.673340000000000000e+05
2.679800000000000000e+04
1.173270000000000000e+05
5.983100000000000000e+04
1.211560000000000000e+05
1.032450000000000000e+05
1.625400000000000000e+05
9.880300000000000000e+04
1.583590000000000000e+05
5.262800000000000000e+04
1.470770000000000000e+05
1.063790000000000000e+05
1.587610000000000000e+05
5.941000000000000000e+03
1.366190000000000000e+05
4.996200000000000000e+04
1.404620000000000000e+05
7.093900000000000000e+04
7.431500000000000000e+04
1.485060000000000000e+05
1.463930000000000000e+05
6.544700000000000000e+04
6.690100000000000000e+04
1.391780000000000000e+05
1.050700000000000000e+04
9.066800000000000000e+04
1.601640000000000000e+05
4.948600000000000000e+04
1.869100000000000000e+04
1.131740000000000000e+05
9.739100000000000000e+04
4.343000000000000000e+04
1.020340000000000000e+05
3.469700000000000000e+04
1.029260000000000000e+05
5.661100000000000000e+04
4.066000000000000000e+03
7.794500000000000000e+04
1.418800000000000000e+05
3.260000000000000000e+02
1.265750000000000000e+05
3.437400000000000000e+04
2.184000000000000000e+04
6.472000000000000000e+03
8.402200000000000000e+04
1.165370000000000000e+05
1.544370000000000000e+05
1.605550000000000000e+05
1.172710000000000000e+05
4.003100000000000000e+04
3.796500000000000000e+04
5.848800000000000000e+04
1.940400000000000000e+04
6.938600000000000000e+04
1.646120000000000000e+05
1.280300000000000000e+05
1.205250000000000000e+05
6.385600000000000000e+04
7.128000000000000000e+04
1.165550000000000000e+05
4.534300000000000000e+04
7.521700000000000000e+04
1.471900000000000000e+04
6.792600000000000000e+04
7.063500000000000000e+04
4.813000000000000000e+04
6.904000000000000000e+03
1.831100000000000000e+04
1.271980000000000000e+05
2.318300000000000000e+04
1.539440000000000000e+05
5.356500000000000000e+04
1.410740000000000000e+05
1.505880000000000000e+05
5.254700000000000000e+04
9.813000000000000000e+03
1.312600000000000000e+05
8.018000000000000000e+03
1.771900000000000000e+04
4.547100000000000000e+04
1.557050000000000000e+05
7.654500000000000000e+04
3.463700000000000000e+04
1.089150000000000000e+05
4.377000000000000000e+03
7.242800000000000000e+04
1.036220000000000000e+05
2.139000000000000000e+04
1.691890000000000000e+05
1.555220000000000000e+05
1.265800000000000000e+04
6.174800000000000000e+04
2.269100000000000000e+04
2.030900000000000000e+04
1.053820000000000000e+05
1.247660000000000000e+05
1.047260000000000000e+05
1.321570000000000000e+05
9.027400000000000000e+04
4.114000000000000000e+04
2.842000000000000000e+04
1.456000000000000000e+03
6.550700000000000000e+04
4.948900000000000000e+04
1.127010000000000000e+05
2.605300000000000000e+04
5.595400000000000000e+04
1.015970000000000000e+05
5.224400000000000000e+04
1.435620000000000000e+05
1.376200000000000000e+04
8.986700000000000000e+04
6.010100000000000000e+04
8.383700000000000000e+04
2.917200000000000000e+04
8.425100000000000000e+04
6.634300000000000000e+04
6.677900000000000000e+04
5.219500000000000000e+04
4.386900000000000000e+04
2.331000000000000000e+03
2.463900000000000000e+04
1.510950000000000000e+05
1.093340000000000000e+05
1.592840000000000000e+05
1.375000000000000000e+04
7.029400000000000000e+04
4.572400000000000000e+04
1.426950000000000000e+05
1.393250000000000000e+05
1.437850000000000000e+05
9.431800000000000000e+04
3.446800000000000000e+04
1.049600000000000000e+05
7.360000000000000000e+02
1.019910000000000000e+05
9.726300000000000000e+04
1.233640000000000000e+05
4.882100000000000000e+04
1.292230000000000000e+05
1.579620000000000000e+05
1.146040000000000000e+05
4.600000000000000000e+01
1.029050000000000000e+05
1.226770000000000000e+05
7.241000000000000000e+04
1.341190000000000000e+05
1.038710000000000000e+05
8.055900000000000000e+04
9.992500000000000000e+04
1.099540000000000000e+05
1.014280000000000000e+05
8.069800000000000000e+04
1.310280000000000000e+05
8.370700000000000000e+04
6.553200000000000000e+04
1.051750000000000000e+05
7.531700000000000000e+04
1.288500000000000000e+05
7.662800000000000000e+04
8.273000000000000000e+04
1.432520000000000000e+05
2.119800000000000000e+04
3.879400000000000000e+04
1.360600000000000000e+04
1.754100000000000000e+04
8.168500000000000000e+04
3.204500000000000000e+04
1.055850000000000000e+05
1.604200000000000000e+05
2.925300000000000000e+04
2.699200000000000000e+04
9.958500000000000000e+04
2.457600000000000000e+04
1.409390000000000000e+05
7.492700000000000000e+04
4.054400000000000000e+04
3.843600000000000000e+04
1.318870000000000000e+05
1.056820000000000000e+05
2.001800000000000000e+04
1.782200000000000000e+04
1.193500000000000000e+04
1.751300000000000000e+04
2.592200000000000000e+04
1.505530000000000000e+05
1.247520000000000000e+05
6.292200000000000000e+04
7.491800000000000000e+04
1.649190000000000000e+05
3.766300000000000000e+04
1.024210000000000000e+05
8.619900000000000000e+04
1.302760000000000000e+05
4.288600000000000000e+04
1.141860000000000000e+05
1.096440000000000000e+05
8.306900000000000000e+04
1.142970000000000000e+05
1.315290000000000000e+05
1.605150000000000000e+05
1.350090000000000000e+05
1.233560000000000000e+05
1.411460000000000000e+05
1.510060000000000000e+05
6.057700000000000000e+04
1.131730000000000000e+05
5.100800000000000000e+04
1.493720000000000000e+05
1.231900000000000000e+05
2.878600000000000000e+04
8.447300000000000000e+04
8.437100000000000000e+04
3.036000000000000000e+03
1.458540000000000000e+05
1.034080000000000000e+05
6.812400000000000000e+04
7.842200000000000000e+04
9.252000000000000000e+04
1.420680000000000000e+05
8.551900000000000000e+04
2.496500000000000000e+04
1.002610000000000000e+05
1.306000000000000000e+05
1.485040000000000000e+05
1.747600000000000000e+04
1.330270000000000000e+05
1.366940000000000000e+05
2.945200000000000000e+04
5.187400000000000000e+04
5.805100000000000000e+04
4.841400000000000000e+04
4.728000000000000000e+04
1.096900000000000000e+05
6.968000000000000000e+04
7.668300000000000000e+04
6.811500000000000000e+04
6.635000000000000000e+04
6.881200000000000000e+04
1.570390000000000000e+05
1.433690000000000000e+05
1.404640000000000000e+05
3.234000000000000000e+03
2.796300000000000000e+04
6.779600000000000000e+04
9.426000000000000000e+03
1.049860000000000000e+05
4.480400000000000000e+04
7.184000000000000000e+03
9.285700000000000000e+04
2.068000000000000000e+04
1.535910000000000000e+05
8.653000000000000000e+03
7.271100000000000000e+04
1.444950000000000000e+05
1.554870000000000000e+05
7.867500000000000000e+04
7.415100000000000000e+04
1.233070000000000000e+05
1.672100000000000000e+04
2.181800000000000000e+04
1.251340000000000000e+05
7.399600000000000000e+04
6.403300000000000000e+04
1.430610000000000000e+05
1.564100000000000000e+05
1.535340000000000000e+05
9.971800000000000000e+04
1.129870000000000000e+05
3.851800000000000000e+04
8.573900000000000000e+04
1.538850000000000000e+05
1.681060000000000000e+05
2.884300000000000000e+04
7.638000000000000000e+03
3.456300000000000000e+04
7.889000000000000000e+04
1.328580000000000000e+05
1.155370000000000000e+05
5.213100000000000000e+04
1.169980000000000000e+05
5.797100000000000000e+04
1.209170000000000000e+05
1.041130000000000000e+05
1.334220000000000000e+05
1.433100000000000000e+05
1.436950000000000000e+05
7.293600000000000000e+04
8.498700000000000000e+04
1.247260000000000000e+05
1.551010000000000000e+05
1.015060000000000000e+05
1.323060000000000000e+05
5.593300000000000000e+04
8.027600000000000000e+04
7.167300000000000000e+04
8.224100000000000000e+04
1.092730000000000000e+05
1.523100000000000000e+04
1.284050000000000000e+05
3.060000000000000000e+03
1.318700000000000000e+04
7.488000000000000000e+03
2.788800000000000000e+04
1.210040000000000000e+05
1.135690000000000000e+05
6.915400000000000000e+04
1.181690000000000000e+05
1.204410000000000000e+05
1.089100000000000000e+04
3.517000000000000000e+04
1.623260000000000000e+05
5.916900000000000000e+04
1.667980000000000000e+05
1.219800000000000000e+04
1.408600000000000000e+04
1.562250000000000000e+05
1.014890000000000000e+05
7.351000000000000000e+04
5.419000000000000000e+04
1.378120000000000000e+05
1.616300000000000000e+04
1.221400000000000000e+04
1.267050000000000000e+05
1.950000000000000000e+02
5.340900000000000000e+04
1.034690000000000000e+05
1.259300000000000000e+04
8.637200000000000000e+04
9.205600000000000000e+04
1.340430000000000000e+05
8.712700000000000000e+04
1.535900000000000000e+04
1.002960000000000000e+05
8.614300000000000000e+04
1.601420000000000000e+05
1.277160000000000000e+05
1.333480000000000000e+05
1.379380000000000000e+05
1.007830000000000000e+05
1.080090000000000000e+05
5.619000000000000000e+04
8.155500000000000000e+04
2.265000000000000000e+04
8.643400000000000000e+04
3.053100000000000000e+04
8.477500000000000000e+04
1.891800000000000000e+04
3.067000000000000000e+03
3.641800000000000000e+04
1.553510000000000000e+05
1.340500000000000000e+04
5.151600000000000000e+04
1.372700000000000000e+04
1.261120000000000000e+05
6.578000000000000000e+03
8.279000000000000000e+04
1.008090000000000000e+05
1.339670000000000000e+05
3.950500000000000000e+04
1.497110000000000000e+05
1.920700000000000000e+04
8.757800000000000000e+04
1.197660000000000000e+05
3.362100000000000000e+04
4.062900000000000000e+04
1.326800000000000000e+04
6.055300000000000000e+04
8.267500000000000000e+04
7.462200000000000000e+04
1.227310000000000000e+05
1.696200000000000000e+04
1.249550000000000000e+05
9.802300000000000000e+04
3.721400000000000000e+04
8.078300000000000000e+04
3.735000000000000000e+03
1.067070000000000000e+05
1.684200000000000000e+04
1.091730000000000000e+05
1.608470000000000000e+05
8.907700000000000000e+04
5.094900000000000000e+04
1.008480000000000000e+05
5.408700000000000000e+04
3.322700000000000000e+04
1.126550000000000000e+05
1.340660000000000000e+05
1.218620000000000000e+05
1.668700000000000000e+05
6.774000000000000000e+03
5.055900000000000000e+04
7.977200000000000000e+04
5.722500000000000000e+04
1.431640000000000000e+05
1.375580000000000000e+05
1.641010000000000000e+05
1.313030000000000000e+05
1.172240000000000000e+05
1.408240000000000000e+05
1.039780000000000000e+05
8.695800000000000000e+04
7.589100000000000000e+04
1.080960000000000000e+05
4.673600000000000000e+04
4.805000000000000000e+04
8.315800000000000000e+04
3.097700000000000000e+04
8.412400000000000000e+04
3.370300000000000000e+04
8.573200000000000000e+04
1.320910000000000000e+05
9.793100000000000000e+04
1.666700000000000000e+04
1.086420000000000000e+05
6.371400000000000000e+04
1.586700000000000000e+04
6.522000000000000000e+03
1.532380000000000000e+05
1.540460000000000000e+05
5.553400000000000000e+04
1.634590000000000000e+05
1.410140000000000000e+05
4.288200000000000000e+04
9.109600000000000000e+04
9.673600000000000000e+04
1.365280000000000000e+05
4.855000000000000000e+04
7.988100000000000000e+04
1.564000000000000000e+05
6.944400000000000000e+04
1.261350000000000000e+05
5.885600000000000000e+04
5.366700000000000000e+04
1.642600000000000000e+04
1.576480000000000000e+05
6.306100000000000000e+04
2.156200000000000000e+04
1.270300000000000000e+05
3.896600000000000000e+04
7.207800000000000000e+04
1.131870000000000000e+05
1.618370000000000000e+05
1.235600000000000000e+04
1.185820000000000000e+05
3.270200000000000000e+04
3.274400000000000000e+04
3.101400000000000000e+04
3.764200000000000000e+04
2.161800000000000000e+04
1.406900000000000000e+05
2.316400000000000000e+04
9.449800000000000000e+04
7.445600000000000000e+04
2.748200000000000000e+04
2.391400000000000000e+04
1.327720000000000000e+05
3.615400000000000000e+04
1.096310000000000000e+05
1.037040000000000000e+05
1.320120000000000000e+05
9.037300000000000000e+04
1.504600000000000000e+04
3.107000000000000000e+04
9.549800000000000000e+04
1.213590000000000000e+05
1.051940000000000000e+05
4.183900000000000000e+04
4.533900000000000000e+04
6.645200000000000000e+04
8.228000000000000000e+04
1.192630000000000000e+05
1.151660000000000000e+05
3.874900000000000000e+04
6.024300000000000000e+04
5.463500000000000000e+04
1.105880000000000000e+05
5.775200000000000000e+04
5.463600000000000000e+04
1.124420000000000000e+05
2.061000000000000000e+04
3.915400000000000000e+04
1.325730000000000000e+05
9.758200000000000000e+04
1.587400000000000000e+04
5.713500000000000000e+04
1.615720000000000000e+05
6.510600000000000000e+04
4.490100000000000000e+04
6.939600000000000000e+04
5.097500000000000000e+04
1.638300000000000000e+05
1.366700000000000000e+04
4.182600000000000000e+04
7.820200000000000000e+04
9.470200000000000000e+04
1.162880000000000000e+05
2.308200000000000000e+04
1.377090000000000000e+05
1.651100000000000000e+04
5.978900000000000000e+04
8.513000000000000000e+04
1.986400000000000000e+04
1.053000000000000000e+04
1.095040000000000000e+05
1.672880000000000000e+05
5.541900000000000000e+04
1.258260000000000000e+05
1.332240000000000000e+05
1.417090000000000000e+05
1.670150000000000000e+05
1.448140000000000000e+05
8.476400000000000000e+04
6.808000000000000000e+04
4.125100000000000000e+04
1.021990000000000000e+05
5.618000000000000000e+03
1.524870000000000000e+05
9.266500000000000000e+04
2.009200000000000000e+04
6.127700000000000000e+04
5.936900000000000000e+04
1.555360000000000000e+05
8.543800000000000000e+04
1.484580000000000000e+05
8.982700000000000000e+04
1.466380000000000000e+05
1.430000000000000000e+02
1.552760000000000000e+05
1.230920000000000000e+05
3.331800000000000000e+04
2.436500000000000000e+04
4.891700000000000000e+04
1.412600000000000000e+05
2.646900000000000000e+04
1.200000000000000000e+04
1.560840000000000000e+05
1.167950000000000000e+05
1.366200000000000000e+05
1.191480000000000000e+05
8.896000000000000000e+04
1.650170000000000000e+05
1.091930000000000000e+05
1.688260000000000000e+05
1.667830000000000000e+05
7.439000000000000000e+04
7.259400000000000000e+04
1.258800000000000000e+05
6.594200000000000000e+04
1.571780000000000000e+05
1.602880000000000000e+05
3.073200000000000000e+04
1.211910000000000000e+05
8.607400000000000000e+04
3.754500000000000000e+04
1.399390000000000000e+05
1.060480000000000000e+05
9.852500000000000000e+04
3.538100000000000000e+04
4.440000000000000000e+02
6.706300000000000000e+04
3.157600000000000000e+04
3.205100000000000000e+04
5.927000000000000000e+03
1.617050000000000000e+05
7.691300000000000000e+04
5.788800000000000000e+04
8.887500000000000000e+04
1.609740000000000000e+05
7.509500000000000000e+04
6.783600000000000000e+04
1.509910000000000000e+05
1.303690000000000000e+05
2.627500000000000000e+04
2.920900000000000000e+04
1.636580000000000000e+05
1.232110000000000000e+05
3.408900000000000000e+04
9.969800000000000000e+04
8.961900000000000000e+04
3.458400000000000000e+04
1.311430000000000000e+05
4.904000000000000000e+03
1.272640000000000000e+05
1.682060000000000000e+05
8.576400000000000000e+04
4.463900000000000000e+04
1.038130000000000000e+05
8.358200000000000000e+04
9.935200000000000000e+04
6.290500000000000000e+04
1.224130000000000000e+05
3.938200000000000000e+04
1.349800000000000000e+05
2.251800000000000000e+04
6.929300000000000000e+04
2.522400000000000000e+04
6.919800000000000000e+04
1.744600000000000000e+04
1.280300000000000000e+04
1.112460000000000000e+05
1.230700000000000000e+04
6.918300000000000000e+04
1.311270000000000000e+05
9.483100000000000000e+04
3.944700000000000000e+04
3.461900000000000000e+04
