9.889900000000000000e+04
4.878200000000000000e+04
1.089210000000000000e+05
6.583200000000000000e+04
1.634560000000000000e+05
1.178200000000000000e+04
9.727400000000000000e+04
5.602200000000000000e+04
9.007100000000000000e+04
1.525570000000000000e+05
6.012400000000000000e+04
3.482200000000000000e+04
1.009190000000000000e+05
1.035330000000000000e+05
8.786200000000000000e+04
5.745100000000000000e+04
9.749800000000000000e+04
8.649000000000000000e+04
1.497820000000000000e+05
6.281000000000000000e+04
3.966400000000000000e+04
6.412200000000000000e+04
1.175730000000000000e+05
3.166900000000000000e+04
1.391510000000000000e+05
6.809900000000000000e+04
1.164480000000000000e+05
1.603990000000000000e+05
1.376750000000000000e+05
1.491400000000000000e+04
1.558290000000000000e+05
1.355530000000000000e+05
9.453300000000000000e+04
9.199400000000000000e+04
1.397750000000000000e+05
3.389000000000000000e+03
3.802600000000000000e+04
6.260100000000000000e+04
1.146020000000000000e+05
2.261800000000000000e+04
1.664030000000000000e+05
7.917600000000000000e+04
9.431200000000000000e+04
1.574400000000000000e+05
1.660100000000000000e+04
1.066050000000000000e+05
1.438630000000000000e+05
1.092400000000000000e+05
8.338000000000000000e+03
3.139600000000000000e+04
2.140200000000000000e+04
1.426170000000000000e+05
1.417360000000000000e+05
1.354590000000000000e+05
1.670440000000000000e+05
2.209700000000000000e+04
9.029100000000000000e+04
9.256600000000000000e+04
6.976600000000000000e+04
6.989200000000000000e+04
8.903200000000000000e+04
9.069000000000000000e+03
1.072770000000000000e+05
1.271540000000000000e+05
2.401500000000000000e+04
1.453880000000000000e+05
1.425620000000000000e+05
8.873100000000000000e+04
1.530990000000000000e+05
8.030300000000000000e+04
1.048600000000000000e+05
4.136400000000000000e+04
5.238300000000000000e+04
5.781000000000000000e+03
2.545800000000000000e+04
3.609300000000000000e+04
6.556800000000000000e+04
6.192700000000000000e+04
9.544300000000000000e+04
2.517500000000000000e+04
1.208660000000000000e+05
1.376480000000000000e+05
2.663300000000000000e+04
5.886100000000000000e+04
3.623000000000000000e+03
6.601400000000000000e+04
1.100570000000000000e+05
8.520100000000000000e+04
5.043000000000000000e+03
1.601990000000000000e+05
1.291990000000000000e+05
1.251870000000000000e+05
4.425000000000000000e+03
1.379720000000000000e+05
1.251780000000000000e+05
7.766300000000000000e+04
1.152890000000000000e+05
2.914100000000000000e+04
9.345400000000000000e+04
2.745100000000000000e+04
7.489800000000000000e+04
9.193700000000000000e+04
8.048300000000000000e+04
2.773700000000000000e+04
7.434700000000000000e+04
1.267550000000000000e+05
1.211650000000000000e+05
9.810300000000000000e+04
1.565230000000000000e+05
1.094560000000000000e+05
1.584960000000000000e+05
1.050820000000000000e+05
1.102350000000000000e+05
6.804500000000000000e+04
8.199000000000000000e+03
1.682100000000000000e+05
1.023000000000000000e+03
9.899900000000000000e+04
7.712000000000000000e+04
1.960600000000000000e+04
3.207700000000000000e+04
9.574500000000000000e+04
9.436500000000000000e+04
1.412490000000000000e+05
5.458000000000000000e+03
1.016400000000000000e+05
3.106600000000000000e+04
9.412000000000000000e+03
9.538000000000000000e+03
1.668620000000000000e+05
1.405180000000000000e+05
1.191710000000000000e+05
8.991600000000000000e+04
1.437610000000000000e+05
2.622600000000000000e+04
9.898200000000000000e+04
1.112850000000000000e+05
1.153410000000000000e+05
1.434730000000000000e+05
1.523000000000000000e+03
8.964800000000000000e+04
9.693100000000000000e+04
1.545970000000000000e+05
9.538000000000000000e+04
5.920000000000000000e+04
1.438360000000000000e+05
1.308800000000000000e+04
3.742600000000000000e+04
1.460910000000000000e+05
4.149600000000000000e+04
6.523500000000000000e+04
1.944700000000000000e+04
7.316400000000000000e+04
8.547000000000000000e+03
3.989300000000000000e+04
1.515660000000000000e+05
6.420900000000000000e+04
1.615510000000000000e+05
1.418820000000000000e+05
1.840500000000000000e+04
1.434750000000000000e+05
1.512430000000000000e+05
1.388100000000000000e+05
4.831000000000000000e+04
6.325900000000000000e+04
1.430430000000000000e+05
1.045730000000000000e+05
1.088900000000000000e+04
1.193870000000000000e+05
1.327570000000000000e+05
6.058000000000000000e+04
3.557900000000000000e+04
1.246220000000000000e+05
9.387300000000000000e+04
2.303000000000000000e+03
1.487860000000000000e+05
2.200500000000000000e+04
7.663100000000000000e+04
1.661880000000000000e+05
1.155500000000000000e+05
5.348100000000000000e+04
1.114380000000000000e+05
4.711400000000000000e+04
1.651900000000000000e+04
5.434700000000000000e+04
2.140600000000000000e+04
1.574290000000000000e+05
1.268170000000000000e+05
6.516500000000000000e+04
4.730800000000000000e+04
1.649540000000000000e+05
1.277650000000000000e+05
3.944000000000000000e+03
8.227300000000000000e+04
9.575200000000000000e+04
1.331280000000000000e+05
9.574800000000000000e+04
1.311130000000000000e+05
7.335300000000000000e+04
1.712700000000000000e+04
1.380960000000000000e+05
1.545130000000000000e+05
1.681800000000000000e+05
9.037800000000000000e+04
1.534200000000000000e+04
7.075700000000000000e+04
1.344300000000000000e+05
6.259200000000000000e+04
1.342950000000000000e+05
2.150400000000000000e+04
2.966400000000000000e+04
5.593200000000000000e+04
1.292220000000000000e+05
1.293440000000000000e+05
5.464700000000000000e+04
9.245200000000000000e+04
9.702000000000000000e+04
6.956700000000000000e+04
1.605360000000000000e+05
4.606300000000000000e+04
4.424200000000000000e+04
6.585200000000000000e+04
1.379130000000000000e+05
1.525480000000000000e+05
4.926200000000000000e+04
9.939000000000000000e+03
9.220000000000000000e+04
1.074090000000000000e+05
7.570900000000000000e+04
4.312500000000000000e+04
1.396350000000000000e+05
1.266900000000000000e+04
1.014530000000000000e+05
8.648100000000000000e+04
4.999400000000000000e+04
7.209700000000000000e+04
8.622000000000000000e+04
6.800900000000000000e+04
6.727700000000000000e+04
1.073810000000000000e+05
1.118130000000000000e+05
1.539230000000000000e+05
3.037600000000000000e+04
3.254800000000000000e+04
1.318890000000000000e+05
5.728500000000000000e+04
6.148000000000000000e+04
1.108100000000000000e+04
1.210370000000000000e+05
1.431840000000000000e+05
1.520990000000000000e+05
5.460500000000000000e+04
5.988900000000000000e+04
5.901000000000000000e+03
1.113360000000000000e+05
1.437810000000000000e+05
6.791400000000000000e+04
5.206800000000000000e+04
2.827000000000000000e+04
2.070800000000000000e+04
1.535600000000000000e+05
1.140760000000000000e+05
1.842500000000000000e+04
7.042700000000000000e+04
1.387260000000000000e+05
1.561140000000000000e+05
4.620000000000000000e+03
1.274080000000000000e+05
1.387200000000000000e+04
9.181000000000000000e+03
3.862000000000000000e+03
8.733000000000000000e+04
1.345400000000000000e+04
6.648300000000000000e+04
6.262000000000000000e+04
4.520300000000000000e+04
4.767700000000000000e+04
5.195200000000000000e+04
1.456390000000000000e+05
9.375700000000000000e+04
1.218140000000000000e+05
9.420700000000000000e+04
1.641780000000000000e+05
6.648000000000000000e+03
1.680000000000000000e+02
4.580900000000000000e+04
1.247160000000000000e+05
1.117500000000000000e+05
4.536800000000000000e+04
1.632550000000000000e+05
1.181100000000000000e+05
4.384800000000000000e+04
5.644700000000000000e+04
7.944300000000000000e+04
4.562000000000000000e+03
1.117620000000000000e+05
8.098000000000000000e+03
7.625600000000000000e+04
1.564900000000000000e+05
1.232100000000000000e+05
9.743600000000000000e+04
1.087740000000000000e+05
1.624370000000000000e+05
1.187850000000000000e+05
1.115040000000000000e+05
4.117100000000000000e+04
1.273970000000000000e+05
5.003500000000000000e+04
6.401100000000000000e+04
1.311800000000000000e+05
1.946100000000000000e+04
1.198440000000000000e+05
9.629600000000000000e+04
2.038000000000000000e+03
1.682660000000000000e+05
1.298220000000000000e+05
1.603530000000000000e+05
3.996100000000000000e+04
6.642900000000000000e+04
9.954400000000000000e+04
1.077870000000000000e+05
9.040400000000000000e+04
1.217810000000000000e+05
1.191560000000000000e+05
6.621000000000000000e+03
8.584000000000000000e+03
6.670300000000000000e+04
3.926200000000000000e+04
8.849000000000000000e+04
3.454700000000000000e+04
1.310870000000000000e+05
1.572500000000000000e+04
9.952100000000000000e+04
7.788200000000000000e+04
1.199940000000000000e+05
5.541700000000000000e+04
7.260500000000000000e+04
1.640720000000000000e+05
1.500020000000000000e+05
1.487130000000000000e+05
8.016900000000000000e+04
5.122400000000000000e+04
9.050000000000000000e+04
1.556500000000000000e+04
8.347100000000000000e+04
7.176000000000000000e+04
9.131400000000000000e+04
4.881800000000000000e+04
7.719300000000000000e+04
3.588600000000000000e+04
1.323650000000000000e+05
1.568220000000000000e+05
5.792400000000000000e+04
9.938800000000000000e+04
1.145640000000000000e+05
6.607600000000000000e+04
2.568000000000000000e+03
1.236580000000000000e+05
1.521090000000000000e+05
1.135090000000000000e+05
7.344100000000000000e+04
9.103800000000000000e+04
3.363300000000000000e+04
1.383900000000000000e+04
3.448000000000000000e+03
1.164240000000000000e+05
1.341560000000000000e+05
4.511500000000000000e+04
5.247200000000000000e+04
1.341410000000000000e+05
6.462800000000000000e+04
3.845400000000000000e+04
7.897600000000000000e+04
2.988200000000000000e+04
9.939500000000000000e+04
1.481490000000000000e+05
3.006000000000000000e+03
9.774000000000000000e+03
1.690370000000000000e+05
6.277600000000000000e+04
1.113640000000000000e+05
1.010200000000000000e+05
1.344200000000000000e+04
8.761500000000000000e+04
1.014300000000000000e+05
8.455300000000000000e+04
4.734700000000000000e+04
1.270980000000000000e+05
1.081810000000000000e+05
4.649600000000000000e+04
5.987700000000000000e+04
9.635000000000000000e+04
3.348200000000000000e+04
1.058000000000000000e+04
3.144400000000000000e+04
1.098840000000000000e+05
3.246100000000000000e+04
2.191800000000000000e+04
1.160760000000000000e+05
2.421400000000000000e+04
6.580900000000000000e+04
8.032500000000000000e+04
1.514860000000000000e+05
1.059330000000000000e+05
1.591200000000000000e+05
9.228300000000000000e+04
9.018900000000000000e+04
6.489000000000000000e+04
1.765200000000000000e+04
1.954600000000000000e+04
7.981500000000000000e+04
1.092560000000000000e+05
1.514700000000000000e+05
1.642780000000000000e+05
3.385900000000000000e+04
9.396000000000000000e+03
2.257700000000000000e+04
7.048900000000000000e+04
8.990600000000000000e+04
7.661200000000000000e+04
1.665420000000000000e+05
1.624140000000000000e+05
9.479000000000000000e+04
1.193710000000000000e+05
6.939500000000000000e+04
9.804900000000000000e+04
6.787800000000000000e+04
2.057700000000000000e+04
1.153270000000000000e+05
1.209030000000000000e+05
5.914900000000000000e+04
4.664800000000000000e+04
1.163980000000000000e+05
9.897600000000000000e+04
5.046400000000000000e+04
1.858500000000000000e+04
2.420400000000000000e+04
5.272400000000000000e+04
8.898000000000000000e+03
1.656500000000000000e+04
6.166900000000000000e+04
9.355700000000000000e+04
1.117100000000000000e+04
1.480130000000000000e+05
1.209540000000000000e+05
1.276170000000000000e+05
5.236000000000000000e+04
4.036700000000000000e+04
4.009100000000000000e+04
8.160700000000000000e+04
1.105630000000000000e+05
7.849500000000000000e+04
1.983000000000000000e+04
1.604250000000000000e+05
1.168690000000000000e+05
1.768300000000000000e+04
4.331700000000000000e+04
1.140300000000000000e+05
1.222350000000000000e+05
5.227700000000000000e+04
1.382800000000000000e+05
1.115410000000000000e+05
1.017360000000000000e+05
1.775000000000000000e+03
7.688800000000000000e+04
8.338800000000000000e+04
1.358570000000000000e+05
9.666000000000000000e+04
5.018600000000000000e+04
1.060810000000000000e+05
1.437800000000000000e+05
3.535100000000000000e+04
5.475900000000000000e+04
3.368400000000000000e+04
1.083480000000000000e+05
9.679000000000000000e+04
1.412450000000000000e+05
1.688540000000000000e+05
1.099390000000000000e+05
1.094700000000000000e+04
5.139400000000000000e+04
2.050600000000000000e+04
1.023230000000000000e+05
8.401000000000000000e+03
7.566100000000000000e+04
1.472740000000000000e+05
9.533000000000000000e+03
2.370300000000000000e+04
8.348000000000000000e+04
1.618600000000000000e+04
1.413200000000000000e+05
1.193660000000000000e+05
1.424840000000000000e+05
1.703300000000000000e+04
1.362330000000000000e+05
9.743100000000000000e+04
9.086200000000000000e+04
1.325900000000000000e+05
4.620100000000000000e+04
8.040000000000000000e+03
1.955400000000000000e+04
1.399180000000000000e+05
1.976900000000000000e+04
7.306800000000000000e+04
7.598800000000000000e+04
4.182700000000000000e+04
1.396900000000000000e+05
9.398700000000000000e+04
5.016000000000000000e+03
7.913900000000000000e+04
1.103970000000000000e+05
8.342400000000000000e+04
1.132900000000000000e+05
6.821200000000000000e+04
5.015400000000000000e+04
1.330110000000000000e+05
1.489880000000000000e+05
6.113100000000000000e+04
1.542120000000000000e+05
1.072750000000000000e+05
1.297030000000000000e+05
7.791300000000000000e+04
1.489330000000000000e+05
4.661100000000000000e+04
3.727800000000000000e+04
2.394000000000000000e+04
1.578580000000000000e+05
1.215450000000000000e+05
3.070500000000000000e+04
5.557000000000000000e+03
1.162450000000000000e+05
4.795800000000000000e+04
9.938300000000000000e+04
1.602010000000000000e+05
7.908000000000000000e+03
1.595180000000000000e+05
6.588100000000000000e+04
1.453760000000000000e+05
5.245900000000000000e+04
1.698000000000000000e+04
9.222800000000000000e+04
2.217200000000000000e+04
1.113180000000000000e+05
1.347110000000000000e+05
1.638100000000000000e+04
1.468860000000000000e+05
8.443600000000000000e+04
8.303100000000000000e+04
1.086720000000000000e+05
3.541800000000000000e+04
4.462100000000000000e+04
1.944800000000000000e+04
8.788800000000000000e+04
4.839000000000000000e+04
7.080100000000000000e+04
1.508960000000000000e+05
5.595600000000000000e+04
2.524000000000000000e+04
1.612110000000000000e+05
9.525700000000000000e+04
1.480060000000000000e+05
1.363950000000000000e+05
7.368700000000000000e+04
1.360100000000000000e+04
1.093280000000000000e+05
1.542010000000000000e+05
4.087100000000000000e+04
1.491770000000000000e+05
8.266100000000000000e+04
1.389610000000000000e+05
1.039270000000000000e+05
5.135300000000000000e+04
1.408520000000000000e+05
5.443400000000000000e+04
1.076310000000000000e+05
3.264500000000000000e+04
9.256000000000000000e+04
1.473760000000000000e+05
2.721000000000000000e+04
8.706800000000000000e+04
1.369270000000000000e+05
1.488300000000000000e+04
9.311300000000000000e+04
1.401820000000000000e+05
1.407500000000000000e+05
8.230500000000000000e+04
4.162000000000000000e+04
1.315730000000000000e+05
1.107700000000000000e+04
7.088800000000000000e+04
3.882900000000000000e+04
1.639970000000000000e+05
1.507000000000000000e+03
1.448360000000000000e+05
1.341120000000000000e+05
8.407200000000000000e+04
1.293810000000000000e+05
8.476500000000000000e+04
1.549750000000000000e+05
1.194810000000000000e+05
1.155410000000000000e+05
3.920000000000000000e+02
1.473620000000000000e+05
1.305320000000000000e+05
5.601800000000000000e+04
7.894000000000000000e+03
1.207360000000000000e+05
1.529930000000000000e+05
9.836000000000000000e+03
5.874800000000000000e+04
5.879700000000000000e+04
1.523050000000000000e+05
2.091400000000000000e+04
1.624600000000000000e+04
1.211410000000000000e+05
1.130400000000000000e+04
1.194550000000000000e+05
1.491590000000000000e+05
1.351480000000000000e+05
1.588350000000000000e+05
7.868700000000000000e+04
3.106000000000000000e+03
4.594000000000000000e+04
4.895000000000000000e+04
3.062500000000000000e+04
1.628120000000000000e+05
1.537810000000000000e+05
6.564000000000000000e+04
1.537690000000000000e+05
1.504500000000000000e+04
2.191000000000000000e+03
7.182300000000000000e+04
1.458610000000000000e+05
1.193000000000000000e+04
3.810300000000000000e+04
5.408400000000000000e+04
1.587440000000000000e+05
1.474010000000000000e+05
8.520400000000000000e+04
1.670110000000000000e+05
1.400460000000000000e+05
8.999100000000000000e+04
1.624380000000000000e+05
7.823000000000000000e+04
8.361700000000000000e+04
3.985400000000000000e+04
1.667800000000000000e+05
1.435280000000000000e+05
1.510760000000000000e+05
1.323820000000000000e+05
1.126810000000000000e+05
2.121400000000000000e+04
1.383850000000000000e+05
7.081900000000000000e+04
2.707800000000000000e+04
1.111260000000000000e+05
4.819000000000000000e+04
8.479100000000000000e+04
2.320400000000000000e+04
5.678400000000000000e+04
7.255000000000000000e+04
1.653750000000000000e+05
5.098600000000000000e+04
1.412090000000000000e+05
1.496810000000000000e+05
6.001700000000000000e+04
1.275360000000000000e+05
4.981800000000000000e+04
4.204200000000000000e+04
1.193610000000000000e+05
1.216780000000000000e+05
1.215460000000000000e+05
1.423000000000000000e+03
1.627260000000000000e+05
1.920300000000000000e+04
7.569700000000000000e+04
1.263190000000000000e+05
7.832400000000000000e+04
3.359800000000000000e+04
1.145970000000000000e+05
1.346670000000000000e+05
9.225900000000000000e+04
2.786200000000000000e+04
1.395780000000000000e+05
1.292240000000000000e+05
1.162420000000000000e+05
1.264760000000000000e+05
2.128200000000000000e+04
1.175020000000000000e+05
1.186150000000000000e+05
5.861500000000000000e+04
8.236000000000000000e+03
1.340580000000000000e+05
1.623860000000000000e+05
8.568000000000000000e+03
1.101770000000000000e+05
3.863800000000000000e+04
3.338000000000000000e+04
1.517800000000000000e+04
6.627900000000000000e+04
7.643500000000000000e+04
9.887700000000000000e+04
1.178900000000000000e+05
1.471690000000000000e+05
4.777800000000000000e+04
7.505000000000000000e+03
1.880000000000000000e+03
9.212300000000000000e+04
9.462000000000000000e+04
1.996800000000000000e+04
1.475600000000000000e+05
1.406100000000000000e+04
4.388000000000000000e+04
1.796600000000000000e+04
1.326300000000000000e+04
1.116400000000000000e+05
8.990100000000000000e+04
1.106060000000000000e+05
5.845100000000000000e+04
1.092080000000000000e+05
5.254000000000000000e+04
1.220300000000000000e+05
1.046160000000000000e+05
1.683140000000000000e+05
4.088000000000000000e+04
6.397000000000000000e+03
8.078100000000000000e+04
1.457950000000000000e+05
1.203290000000000000e+05
1.010500000000000000e+04
7.559700000000000000e+04
3.687100000000000000e+04
1.331870000000000000e+05
3.293700000000000000e+04
3.746000000000000000e+04
4.800800000000000000e+04
1.659310000000000000e+05
1.472260000000000000e+05
5.831100000000000000e+04
1.687460000000000000e+05
1.032940000000000000e+05
8.298300000000000000e+04
1.493640000000000000e+05
1.293250000000000000e+05
1.608400000000000000e+04
1.499730000000000000e+05
1.462140000000000000e+05
1.523120000000000000e+05
1.378550000000000000e+05
8.280100000000000000e+04
5.247400000000000000e+04
9.985700000000000000e+04
1.068200000000000000e+05
7.593200000000000000e+04
6.379000000000000000e+03
4.299100000000000000e+04
6.456500000000000000e+04
2.184300000000000000e+04
1.508670000000000000e+05
1.536740000000000000e+05
3.212500000000000000e+04
1.207400000000000000e+04
9.886500000000000000e+04
7.331000000000000000e+03
4.921600000000000000e+04
1.685460000000000000e+05
1.951100000000000000e+04
4.015400000000000000e+04
4.522700000000000000e+04
3.367700000000000000e+04
1.589190000000000000e+05
1.435000000000000000e+03
4.388900000000000000e+04
1.331050000000000000e+05
1.100410000000000000e+05
1.043790000000000000e+05
1.439670000000000000e+05
1.263130000000000000e+05
1.588380000000000000e+05
2.139100000000000000e+04
1.604550000000000000e+05
7.374200000000000000e+04
1.289510000000000000e+05
3.795600000000000000e+04
4.802400000000000000e+04
9.904100000000000000e+04
4.369900000000000000e+04
6.776200000000000000e+04
4.080000000000000000e+03
1.402060000000000000e+05
1.599600000000000000e+05
3.121000000000000000e+04
1.008040000000000000e+05
1.447490000000000000e+05
9.264600000000000000e+04
1.399150000000000000e+05
9.315300000000000000e+04
2.648800000000000000e+04
8.593400000000000000e+04
6.524800000000000000e+04
1.165440000000000000e+05
3.284200000000000000e+04
1.384280000000000000e+05
1.627150000000000000e+05
3.338400000000000000e+04
1.183100000000000000e+04
9.908200000000000000e+04
8.489500000000000000e+04
1.109880000000000000e+05
1.501110000000000000e+05
1.403940000000000000e+05
1.418740000000000000e+05
3.786100000000000000e+04
1.641130000000000000e+05
4.407600000000000000e+04
1.055930000000000000e+05
9.048300000000000000e+04
1.246730000000000000e+05
1.186760000000000000e+05
2.915200000000000000e+04
5.799300000000000000e+04
6.770800000000000000e+04
1.017710000000000000e+05
1.378860000000000000e+05
1.178950000000000000e+05
7.596100000000000000e+04
9.613000000000000000e+04
1.229620000000000000e+05
3.783600000000000000e+04
8.116500000000000000e+04
1.017920000000000000e+05
1.645330000000000000e+05
1.138480000000000000e+05
3.284300000000000000e+04
6.140700000000000000e+04
1.630900000000000000e+05
1.314790000000000000e+05
1.619290000000000000e+05
9.604200000000000000e+04
5.200100000000000000e+04
6.126700000000000000e+04
4.803900000000000000e+04
2.017600000000000000e+04
2.288800000000000000e+04
3.940500000000000000e+04
6.209600000000000000e+04
1.302870000000000000e+05
4.164300000000000000e+04
5.690500000000000000e+04
6.102600000000000000e+04
7.288300000000000000e+04
1.830600000000000000e+04
1.964300000000000000e+04
2.861500000000000000e+04
1.198340000000000000e+05
1.614350000000000000e+05
5.721600000000000000e+04
2.668900000000000000e+04
1.598730000000000000e+05
4.185000000000000000e+04
3.447100000000000000e+04
7.698900000000000000e+04
1.200000000000000000e+02
1.409150000000000000e+05
1.370740000000000000e+05
1.155310000000000000e+05
1.667340000000000000e+05
9.735700000000000000e+04
1.588550000000000000e+05
1.112570000000000000e+05
7.033700000000000000e+04
1.257750000000000000e+05
1.554040000000000000e+05
1.053880000000000000e+05
1.608150000000000000e+05
1.561890000000000000e+05
4.522600000000000000e+04
1.306580000000000000e+05
1.137000000000000000e+04
9.846300000000000000e+04
8.731300000000000000e+04
4.313000000000000000e+03
5.536200000000000000e+04
3.812000000000000000e+03
1.039610000000000000e+05
1.460000000000000000e+05
1.200800000000000000e+04
1.370960000000000000e+05
2.070000000000000000e+02
6.886600000000000000e+04
1.594880000000000000e+05
4.142500000000000000e+04
1.317860000000000000e+05
2.675600000000000000e+04
9.926500000000000000e+04
2.889000000000000000e+03
8.200200000000000000e+04
3.182200000000000000e+04
1.431510000000000000e+05
9.818600000000000000e+04
1.283220000000000000e+05
9.035800000000000000e+04
5.852900000000000000e+04
6.606000000000000000e+03
1.306030000000000000e+05
1.145200000000000000e+05
1.359390000000000000e+05
5.925000000000000000e+03
1.682720000000000000e+05
1.098120000000000000e+05
6.779800000000000000e+04
5.666500000000000000e+04
9.675700000000000000e+04
9.415700000000000000e+04
3.838500000000000000e+04
1.570260000000000000e+05
2.791600000000000000e+04
1.320500000000000000e+05
4.818800000000000000e+04
1.298110000000000000e+05
1.111370000000000000e+05
5.975000000000000000e+03
1.434110000000000000e+05
1.627060000000000000e+05
5.370500000000000000e+04
9.430400000000000000e+04
3.329000000000000000e+04
8.551400000000000000e+04
5.069100000000000000e+04
1.190460000000000000e+05
1.364750000000000000e+05
6.474700000000000000e+04
1.164160000000000000e+05
3.270500000000000000e+04
5.126900000000000000e+04
5.317100000000000000e+04
4.177000000000000000e+04
1.278000000000000000e+04
8.871900000000000000e+04
8.328000000000000000e+04
1.198200000000000000e+05
3.970000000000000000e+03
3.022600000000000000e+04
1.709300000000000000e+04
4.470000000000000000e+04
9.583100000000000000e+04
6.442300000000000000e+04
2.115800000000000000e+04
1.641080000000000000e+05
1.202540000000000000e+05
9.090100000000000000e+04
1.542480000000000000e+05
4.248500000000000000e+04
1.558670000000000000e+05
9.384000000000000000e+04
3.602800000000000000e+04
1.608990000000000000e+05
8.861000000000000000e+04
9.686200000000000000e+04
9.411200000000000000e+04
8.143800000000000000e+04
5.532000000000000000e+03
1.345310000000000000e+05
3.270100000000000000e+04
7.167000000000000000e+03
1.518870000000000000e+05
4.384000000000000000e+03
1.381410000000000000e+05
9.829000000000000000e+04
1.100230000000000000e+05
1.690000000000000000e+02
7.462300000000000000e+04
1.171250000000000000e+05
8.334600000000000000e+04
6.651000000000000000e+04
1.152210000000000000e+05
1.350110000000000000e+05
1.640590000000000000e+05
7.568900000000000000e+04
5.726600000000000000e+04
9.327400000000000000e+04
4.721300000000000000e+04
9.513400000000000000e+04
6.940700000000000000e+04
1.191960000000000000e+05
1.454400000000000000e+05
1.257610000000000000e+05
1.506940000000000000e+05
5.895500000000000000e+04
1.521720000000000000e+05
1.215700000000000000e+05
4.167000000000000000e+03
9.636400000000000000e+04
1.525970000000000000e+05
1.568420000000000000e+05
1.318550000000000000e+05
3.006300000000000000e+04
5.102900000000000000e+04
5.409100000000000000e+04
1.272840000000000000e+05
1.252250000000000000e+05
7.538500000000000000e+04
2.822100000000000000e+04
1.330810000000000000e+05
1.042280000000000000e+05
1.179930000000000000e+05
7.845000000000000000e+03
6.715700000000000000e+04
5.398100000000000000e+04
1.950300000000000000e+04
1.338900000000000000e+05
1.516000000000000000e+03
1.266930000000000000e+05
1.129000000000000000e+03
3.236200000000000000e+04
4.174700000000000000e+04
3.608600000000000000e+04
1.681180000000000000e+05
4.166800000000000000e+04
1.587110000000000000e+05
1.544960000000000000e+05
2.147200000000000000e+04
4.354300000000000000e+04
9.738100000000000000e+04
5.227000000000000000e+04
1.073940000000000000e+05
4.084300000000000000e+04
4.943100000000000000e+04
2.891400000000000000e+04
1.520530000000000000e+05
1.359790000000000000e+05
9.448500000000000000e+04
4.217600000000000000e+04
1.135950000000000000e+05
1.612220000000000000e+05
8.404000000000000000e+03
1.114300000000000000e+05
1.444240000000000000e+05
5.922400000000000000e+04
1.329300000000000000e+05
5.683800000000000000e+04
1.663930000000000000e+05
5.912400000000000000e+04
3.346700000000000000e+04
1.411880000000000000e+05
1.171090000000000000e+05
1.054060000000000000e+05
8.367300000000000000e+04
1.685600000000000000e+04
1.087260000000000000e+05
7.995400000000000000e+04
9.217900000000000000e+04
8.352000000000000000e+03
5.146700000000000000e+04
1.315210000000000000e+05
9.156200000000000000e+04
6.214700000000000000e+04
5.505500000000000000e+04
1.577830000000000000e+05
1.283540000000000000e+05
4.993500000000000000e+04
4.901300000000000000e+04
9.065600000000000000e+04
2.211400000000000000e+04
1.403690000000000000e+05
9.062200000000000000e+04
5.542000000000000000e+03
1.653900000000000000e+04
7.029000000000000000e+04
1.641750000000000000e+05
1.686130000000000000e+05
1.036000000000000000e+03
1.706000000000000000e+04
1.156490000000000000e+05
2.335300000000000000e+04
1.591000000000000000e+04
4.917200000000000000e+04
1.184520000000000000e+05
1.948900000000000000e+04
3.944100000000000000e+04
3.577600000000000000e+04
3.344500000000000000e+04
1.377890000000000000e+05
2.538000000000000000e+04
2.357000000000000000e+04
1.589960000000000000e+05
1.628700000000000000e+04
1.139730000000000000e+05
1.657040000000000000e+05
1.011110000000000000e+05
9.934800000000000000e+04
5.556100000000000000e+04
5.182500000000000000e+04
6.970200000000000000e+04
1.139720000000000000e+05
2.704100000000000000e+04
3.530000000000000000e+04
1.243180000000000000e+05
1.337770000000000000e+05
3.955500000000000000e+04
1.595740000000000000e+05
5.572300000000000000e+04
7.358500000000000000e+04
5.869900000000000000e+04
8.455200000000000000e+04
6.639000000000000000e+03
2.888900000000000000e+04
5.172000000000000000e+04
9.901800000000000000e+04
1.053500000000000000e+04
1.105970000000000000e+05
1.647450000000000000e+05
1.493160000000000000e+05
8.087300000000000000e+04
1.782900000000000000e+04
1.587210000000000000e+05
6.157300000000000000e+04
1.868000000000000000e+04
2.243900000000000000e+04
1.073400000000000000e+05
1.395870000000000000e+05
8.700700000000000000e+04
1.321900000000000000e+04
1.369090000000000000e+05
1.414090000000000000e+05
1.166750000000000000e+05
1.303870000000000000e+05
1.357960000000000000e+05
1.339560000000000000e+05
1.538620000000000000e+05
1.271370000000000000e+05
7.356700000000000000e+04
7.496500000000000000e+04
2.471200000000000000e+04
3.211900000000000000e+04
3.879900000000000000e+04
8.962800000000000000e+04
1.345330000000000000e+05
4.518600000000000000e+04
8.245800000000000000e+04
3.100200000000000000e+04
9.677200000000000000e+04
4.401300000000000000e+04
8.422300000000000000e+04
3.111900000000000000e+04
3.129900000000000000e+04
1.400730000000000000e+05
7.955700000000000000e+04
6.681300000000000000e+04
9.649300000000000000e+04
1.630710000000000000e+05
3.228500000000000000e+04
6.129800000000000000e+04
6.532900000000000000e+04
6.809400000000000000e+04
7.170500000000000000e+04
1.642520000000000000e+05
1.491710000000000000e+05
6.748800000000000000e+04
2.436700000000000000e+04
1.057510000000000000e+05
4.825000000000000000e+04
3.329000000000000000e+03
9.765400000000000000e+04
2.429600000000000000e+04
3.347000000000000000e+03
1.038780000000000000e+05
7.514800000000000000e+04
3.165000000000000000e+04
2.737800000000000000e+04
1.073800000000000000e+04
8.628200000000000000e+04
1.572190000000000000e+05
9.955700000000000000e+04
1.302600000000000000e+05
1.428850000000000000e+05
1.500370000000000000e+05
7.034200000000000000e+04
4.384400000000000000e+04
6.518200000000000000e+04
1.310000000000000000e+05
4.415000000000000000e+03
8.180500000000000000e+04
1.129140000000000000e+05
4.197500000000000000e+04
1.172310000000000000e+05
8.161200000000000000e+04
1.542660000000000000e+05
8.616100000000000000e+04
7.793900000000000000e+04
8.395300000000000000e+04
2.660000000000000000e+02
3.214000000000000000e+03
1.191590000000000000e+05
1.359760000000000000e+05
1.510170000000000000e+05
1.336640000000000000e+05
9.892500000000000000e+04
3.538000000000000000e+04
9.880100000000000000e+04
1.601610000000000000e+05
8.603000000000000000e+04
5.088300000000000000e+04
5.809100000000000000e+04
9.554900000000000000e+04
1.213990000000000000e+05
3.485900000000000000e+04
1.093800000000000000e+04
1.513940000000000000e+05
1.499210000000000000e+05
1.062530000000000000e+05
1.453610000000000000e+05
1.547000000000000000e+04
7.922200000000000000e+04
1.537070000000000000e+05
7.185300000000000000e+04
1.111900000000000000e+04
1.316040000000000000e+05
1.322830000000000000e+05
1.278910000000000000e+05
7.962800000000000000e+04
1.561320000000000000e+05
1.158160000000000000e+05
1.022190000000000000e+05
6.136200000000000000e+04
2.246000000000000000e+03
2.124600000000000000e+04
6.639100000000000000e+04
6.603100000000000000e+04
9.526200000000000000e+04
1.305190000000000000e+05
5.593400000000000000e+04
1.598030000000000000e+05
1.342960000000000000e+05
7.153800000000000000e+04
3.618900000000000000e+04
1.601100000000000000e+04
1.038790000000000000e+05
3.480000000000000000e+02
4.487400000000000000e+04
1.244950000000000000e+05
4.863500000000000000e+04
1.066870000000000000e+05
8.399000000000000000e+03
6.561300000000000000e+04
4.557300000000000000e+04
6.268200000000000000e+04
5.377000000000000000e+04
7.617800000000000000e+04
1.380660000000000000e+05
1.692090000000000000e+05
1.525500000000000000e+05
5.801600000000000000e+04
7.136000000000000000e+04
1.511560000000000000e+05
8.247700000000000000e+04
1.566600000000000000e+05
7.180900000000000000e+04
1.572820000000000000e+05
1.354270000000000000e+05
1.289800000000000000e+04
1.374560000000000000e+05
1.198210000000000000e+05
2.622400000000000000e+04
5.298700000000000000e+04
1.207730000000000000e+05
2.470700000000000000e+04
1.446330000000000000e+05
1.304010000000000000e+05
1.065370000000000000e+05
1.363040000000000000e+05
1.465660000000000000e+05
6.945700000000000000e+04
7.446700000000000000e+04
2.304800000000000000e+04
1.402200000000000000e+05
2.589000000000000000e+04
1.072190000000000000e+05
1.435580000000000000e+05
1.316640000000000000e+05
7.739500000000000000e+04
5.650700000000000000e+04
1.470230000000000000e+05
1.339490000000000000e+05
1.538980000000000000e+05
1.330800000000000000e+04
4.421900000000000000e+04
9.489700000000000000e+04
1.463110000000000000e+05
1.063310000000000000e+05
7.177400000000000000e+04
2.986100000000000000e+04
1.543230000000000000e+05
2.069400000000000000e+04
1.539350000000000000e+05
7.845500000000000000e+04
2.194000000000000000e+04
4.268000000000000000e+03
1.618230000000000000e+05
7.792000000000000000e+04
3.108300000000000000e+04
1.446600000000000000e+05
1.583860000000000000e+05
1.236810000000000000e+05
1.689590000000000000e+05
1.441630000000000000e+05
1.208830000000000000e+05
1.399050000000000000e+05
1.513610000000000000e+05
8.831700000000000000e+04
9.750000000000000000e+03
9.636300000000000000e+04
2.056400000000000000e+04
4.240400000000000000e+04
5.600000000000000000e+04
1.585090000000000000e+05
1.687870000000000000e+05
7.218800000000000000e+04
9.185600000000000000e+04
4.010700000000000000e+04
1.203090000000000000e+05
6.837500000000000000e+04
1.261800000000000000e+04
1.630480000000000000e+05
1.141880000000000000e+05
1.675690000000000000e+05
1.419000000000000000e+05
1.390010000000000000e+05
1.657060000000000000e+05
5.913200000000000000e+04
3.181700000000000000e+04
6.492700000000000000e+04
9.662900000000000000e+04
1.538930000000000000e+05
9.149000000000000000e+04
5.860600000000000000e+04
8.035500000000000000e+04
5.354800000000000000e+04
1.268400000000000000e+05
1.197900000000000000e+04
1.034160000000000000e+05
1.682170000000000000e+05
1.370750000000000000e+05
1.056200000000000000e+04
6.408700000000000000e+04
1.368280000000000000e+05
1.159300000000000000e+04
1.266080000000000000e+05
1.249980000000000000e+05
1.440000000000000000e+02
2.274400000000000000e+04
2.309400000000000000e+04
1.036520000000000000e+05
1.006330000000000000e+05
1.363730000000000000e+05
1.483070000000000000e+05
4.229900000000000000e+04
1.530000000000000000e+03
1.691180000000000000e+05
1.078900000000000000e+04
8.359500000000000000e+04
1.138210000000000000e+05
2.640000000000000000e+02
1.213790000000000000e+05
3.387100000000000000e+04
1.198190000000000000e+05
9.292700000000000000e+04
3.893000000000000000e+04
4.392500000000000000e+04
1.771000000000000000e+04
2.909900000000000000e+04
8.624100000000000000e+04
1.905900000000000000e+04
9.938000000000000000e+04
1.066450000000000000e+05
1.344980000000000000e+05
1.232430000000000000e+05
1.116210000000000000e+05
1.350670000000000000e+05
6.130600000000000000e+04
1.659290000000000000e+05
5.808600000000000000e+04
6.069000000000000000e+04
8.385200000000000000e+04
9.039200000000000000e+04
8.976900000000000000e+04
1.402960000000000000e+05
9.493500000000000000e+04
8.179800000000000000e+04
1.026700000000000000e+05
2.032100000000000000e+04
5.147100000000000000e+04
1.259150000000000000e+05
1.691210000000000000e+05
9.954300000000000000e+04
2.042900000000000000e+04
4.905000000000000000e+03
1.170890000000000000e+05
7.952100000000000000e+04
1.192650000000000000e+05
1.140130000000000000e+05
2.259200000000000000e+04
3.072700000000000000e+04
7.873700000000000000e+04
1.270760000000000000e+05
2.595100000000000000e+04
1.002880000000000000e+05
1.303370000000000000e+05
1.367400000000000000e+04
1.714800000000000000e+04
8.299600000000000000e+04
1.004930000000000000e+05
1.276550000000000000e+05
8.773600000000000000e+04
3.402300000000000000e+04
4.467000000000000000e+03
6.578600000000000000e+04
6.895400000000000000e+04
9.715900000000000000e+04
1.408400000000000000e+04
7.780200000000000000e+04
7.424700000000000000e+04
1.532070000000000000e+05
1.476800000000000000e+04
1.649700000000000000e+04
9.178200000000000000e+04
4.714200000000000000e+04
2.979100000000000000e+04
5.120300000000000000e+04
1.080990000000000000e+05
1.458970000000000000e+05
2.008600000000000000e+04
1.138150000000000000e+05
1.442710000000000000e+05
9.016700000000000000e+04
7.843000000000000000e+03
5.964000000000000000e+04
1.376900000000000000e+04
1.301140000000000000e+05
1.028500000000000000e+04
8.940700000000000000e+04
4.198000000000000000e+03
3.400200000000000000e+04
1.356870000000000000e+05
1.358540000000000000e+05
4.639900000000000000e+04
9.890400000000000000e+04
1.686750000000000000e+05
9.585000000000000000e+04
1.589450000000000000e+05
1.663710000000000000e+05
1.193560000000000000e+05
1.185520000000000000e+05
7.516800000000000000e+04
1.278620000000000000e+05
4.683800000000000000e+04
1.311220000000000000e+05
1.556300000000000000e+05
8.433000000000000000e+03
1.000360000000000000e+05
1.385600000000000000e+04
1.460610000000000000e+05
5.649700000000000000e+04
7.023600000000000000e+04
8.924800000000000000e+04
1.575980000000000000e+05
1.088590000000000000e+05
5.538400000000000000e+04
6.168500000000000000e+04
3.815100000000000000e+04
9.670600000000000000e+04
4.256000000000000000e+04
1.233570000000000000e+05
3.330400000000000000e+04
4.361000000000000000e+03
1.251520000000000000e+05
1.138570000000000000e+05
1.316620000000000000e+05
1.453540000000000000e+05
2.305000000000000000e+03
1.333550000000000000e+05
8.153700000000000000e+04
1.325910000000000000e+05
1.398470000000000000e+05
9.768900000000000000e+04
4.898100000000000000e+04
1.543350000000000000e+05
1.008360000000000000e+05
4.972300000000000000e+04
1.116300000000000000e+04
1.034710000000000000e+05
7.426900000000000000e+04
1.600720000000000000e+05
3.458800000000000000e+04
1.109720000000000000e+05
8.223600000000000000e+04
4.782500000000000000e+04
4.435900000000000000e+04
1.356790000000000000e+05
2.321100000000000000e+04
9.279600000000000000e+04
3.526400000000000000e+04
1.363440000000000000e+05
3.722400000000000000e+04
1.451270000000000000e+05
8.715000000000000000e+04
9.500600000000000000e+04
8.111400000000000000e+04
1.166160000000000000e+05
1.072900000000000000e+04
1.291040000000000000e+05
7.308900000000000000e+04
1.281660000000000000e+05
1.322130000000000000e+05
4.136000000000000000e+03
4.388300000000000000e+04
8.389000000000000000e+04
1.466220000000000000e+05
1.371220000000000000e+05
1.188810000000000000e+05
1.686540000000000000e+05
1.453380000000000000e+05
8.578200000000000000e+04
4.732800000000000000e+04
3.819400000000000000e+04
3.049400000000000000e+04
5.973400000000000000e+04
9.286000000000000000e+03
8.702500000000000000e+04
1.102140000000000000e+05
1.428130000000000000e+05
2.034000000000000000e+03
1.220440000000000000e+05
1.001940000000000000e+05
8.837400000000000000e+04
1.205820000000000000e+05
1.368520000000000000e+05
1.113040000000000000e+05
1.672810000000000000e+05
1.336720000000000000e+05
1.454450000000000000e+05
8.863800000000000000e+04
2.598700000000000000e+04
9.749900000000000000e+04
9.047300000000000000e+04
4.882200000000000000e+04
1.350780000000000000e+05
5.122800000000000000e+04
1.629220000000000000e+05
9.895000000000000000e+04
1.111930000000000000e+05
1.372730000000000000e+05
7.734700000000000000e+04
1.458600000000000000e+05
2.532100000000000000e+04
3.833700000000000000e+04
9.214000000000000000e+03
1.480000000000000000e+02
1.213760000000000000e+05
2.900300000000000000e+04
1.688280000000000000e+05
2.881800000000000000e+04
1.956900000000000000e+04
1.473390000000000000e+05
1.277220000000000000e+05
3.387800000000000000e+04
2.186500000000000000e+04
9.241800000000000000e+04
4.135200000000000000e+04
2.550000000000000000e+03
1.648700000000000000e+04
4.259800000000000000e+04
1.173260000000000000e+05
3.719700000000000000e+04
1.575380000000000000e+05
8.992500000000000000e+04
2.221200000000000000e+04
9.315200000000000000e+04
1.580180000000000000e+05
1.240440000000000000e+05
1.497680000000000000e+05
7.787000000000000000e+03
1.360780000000000000e+05
1.213150000000000000e+05
1.405970000000000000e+05
1.136400000000000000e+04
3.709700000000000000e+04
8.222900000000000000e+04
4.443400000000000000e+04
9.218200000000000000e+04
1.526020000000000000e+05
1.632890000000000000e+05
9.280200000000000000e+04
2.706000000000000000e+03
1.686760000000000000e+05
1.093610000000000000e+05
1.681290000000000000e+05
8.162200000000000000e+04
1.311310000000000000e+05
1.353700000000000000e+04
2.723500000000000000e+04
6.526700000000000000e+04
1.324030000000000000e+05
1.178550000000000000e+05
1.406780000000000000e+05
1.375660000000000000e+05
5.445900000000000000e+04
5.716100000000000000e+04
3.708600000000000000e+04
1.643960000000000000e+05
5.204800000000000000e+04
6.198400000000000000e+04
1.424470000000000000e+05
1.642570000000000000e+05
6.746300000000000000e+04
1.569200000000000000e+05
1.245500000000000000e+05
1.107580000000000000e+05
9.435800000000000000e+04
1.184500000000000000e+04
9.631700000000000000e+04
6.390800000000000000e+04
6.855000000000000000e+03
6.204200000000000000e+04
1.180300000000000000e+04
1.142220000000000000e+05
1.222900000000000000e+04
1.444300000000000000e+05
9.809200000000000000e+04
7.585100000000000000e+04
1.285520000000000000e+05
7.273100000000000000e+04
2.998600000000000000e+04
1.391970000000000000e+05
2.482000000000000000e+04
1.309000000000000000e+03
8.286900000000000000e+04
5.891500000000000000e+04
1.476600000000000000e+04
1.126230000000000000e+05
1.057980000000000000e+05
1.233720000000000000e+05
1.277810000000000000e+05
8.683700000000000000e+04
3.738200000000000000e+04
1.167720000000000000e+05
8.895500000000000000e+04
5.922200000000000000e+04
2.873600000000000000e+04
4.654600000000000000e+04
2.011600000000000000e+04
1.519220000000000000e+05
1.643560000000000000e+05
1.452570000000000000e+05
7.967100000000000000e+04
2.522700000000000000e+04
5.662600000000000000e+04
3.725000000000000000e+04
4.155700000000000000e+04
5.676600000000000000e+04
6.916500000000000000e+04
9.986200000000000000e+04
1.074620000000000000e+05
1.211570000000000000e+05
8.484000000000000000e+04
1.620280000000000000e+05
9.098800000000000000e+04
1.217000000000000000e+05
5.665300000000000000e+04
4.058200000000000000e+04
3.454500000000000000e+04
8.209300000000000000e+04
5.133600000000000000e+04
1.027010000000000000e+05
1.275190000000000000e+05
7.317800000000000000e+04
1.287180000000000000e+05
1.374660000000000000e+05
1.577030000000000000e+05
1.206880000000000000e+05
8.669800000000000000e+04
9.747700000000000000e+04
7.867600000000000000e+04
1.598400000000000000e+05
6.474800000000000000e+04
1.077310000000000000e+05
1.236380000000000000e+05
1.055650000000000000e+05
5.773900000000000000e+04
7.292900000000000000e+04
1.687760000000000000e+05
1.328230000000000000e+05
1.433090000000000000e+05
1.226360000000000000e+05
7.595600000000000000e+04
7.617900000000000000e+04
1.254010000000000000e+05
1.181330000000000000e+05
1.144150000000000000e+05
1.451670000000000000e+05
4.111700000000000000e+04
8.890200000000000000e+04
5.374100000000000000e+04
1.419620000000000000e+05
1.354820000000000000e+05
9.821200000000000000e+04
1.132400000000000000e+04
1.591290000000000000e+05
7.115000000000000000e+04
1.187510000000000000e+05
4.740700000000000000e+04
5.510700000000000000e+04
1.280950000000000000e+05
1.614200000000000000e+05
6.949900000000000000e+04
1.487670000000000000e+05
1.493870000000000000e+05
4.846800000000000000e+04
1.662110000000000000e+05
1.316680000000000000e+05
6.498700000000000000e+04
1.289260000000000000e+05
1.253190000000000000e+05
1.655810000000000000e+05
1.317580000000000000e+05
1.516090000000000000e+05
1.609750000000000000e+05
3.067700000000000000e+04
4.468500000000000000e+04
2.400400000000000000e+04
5.806400000000000000e+04
8.683400000000000000e+04
1.620170000000000000e+05
8.811500000000000000e+04
7.962200000000000000e+04
9.986700000000000000e+04
1.033600000000000000e+04
6.131600000000000000e+04
1.053700000000000000e+04
1.440430000000000000e+05
1.436320000000000000e+05
6.012600000000000000e+04
9.515600000000000000e+04
1.625260000000000000e+05
1.544990000000000000e+05
3.769200000000000000e+04
8.242100000000000000e+04
1.531460000000000000e+05
1.346160000000000000e+05
1.291530000000000000e+05
2.815100000000000000e+04
6.200000000000000000e+01
1.652040000000000000e+05
1.249470000000000000e+05
1.081790000000000000e+05
2.646600000000000000e+04
2.114800000000000000e+04
8.954200000000000000e+04
1.608120000000000000e+05
1.674800000000000000e+04
1.557200000000000000e+05
1.443950000000000000e+05
4.343400000000000000e+04
1.155710000000000000e+05
6.042700000000000000e+04
7.606000000000000000e+03
2.724700000000000000e+04
1.383800000000000000e+05
8.801900000000000000e+04
9.189800000000000000e+04
3.983300000000000000e+04
1.033360000000000000e+05
1.045570000000000000e+05
1.352200000000000000e+04
1.043270000000000000e+05
5.153200000000000000e+04
6.663400000000000000e+04
3.256400000000000000e+04
9.493700000000000000e+04
1.316250000000000000e+05
6.510800000000000000e+04
1.627310000000000000e+05
1.372870000000000000e+05
1.214880000000000000e+05
1.176700000000000000e+04
1.490200000000000000e+05
2.994800000000000000e+04
7.620800000000000000e+04
2.777100000000000000e+04
3.286800000000000000e+04
1.057970000000000000e+05
6.117200000000000000e+04
2.312200000000000000e+04
1.575100000000000000e+04
1.390000000000000000e+05
4.515000000000000000e+03
1.682240000000000000e+05
1.106780000000000000e+05
2.201000000000000000e+04
1.056300000000000000e+05
5.233600000000000000e+04
9.038600000000000000e+04
1.195390000000000000e+05
1.326270000000000000e+05
4.396000000000000000e+04
4.067000000000000000e+03
1.115600000000000000e+05
9.497000000000000000e+03
5.653800000000000000e+04
1.591680000000000000e+05
1.231060000000000000e+05
1.279190000000000000e+05
1.055960000000000000e+05
1.333310000000000000e+05
9.478800000000000000e+04
3.993500000000000000e+04
1.683470000000000000e+05
1.128690000000000000e+05
1.292800000000000000e+05
1.014920000000000000e+05
8.691200000000000000e+04
1.452220000000000000e+05
5.299500000000000000e+04
1.271950000000000000e+05
1.674030000000000000e+05
4.160000000000000000e+03
1.588850000000000000e+05
1.245660000000000000e+05
1.350410000000000000e+05
1.549680000000000000e+05
9.104700000000000000e+04
1.252050000000000000e+05
1.238890000000000000e+05
1.249100000000000000e+04
1.121420000000000000e+05
7.653000000000000000e+04
2.466300000000000000e+04
1.335640000000000000e+05
9.704000000000000000e+03
2.104600000000000000e+04
5.074700000000000000e+04
5.301000000000000000e+04
1.186870000000000000e+05
4.174000000000000000e+04
1.690900000000000000e+05
1.401070000000000000e+05
5.170600000000000000e+04
4.561500000000000000e+04
1.481840000000000000e+05
8.621900000000000000e+04
8.350800000000000000e+04
2.169100000000000000e+04
1.256610000000000000e+05
2.796500000000000000e+04
1.689800000000000000e+05
1.107210000000000000e+05
4.327900000000000000e+04
1.937700000000000000e+04
8.684700000000000000e+04
2.910500000000000000e+04
9.832100000000000000e+04
7.270000000000000000e+03
3.582400000000000000e+04
2.405200000000000000e+04
1.294810000000000000e+05
5.921700000000000000e+04
1.703800000000000000e+04
6.106000000000000000e+04
1.356220000000000000e+05
7.991100000000000000e+04
1.049270000000000000e+05
1.299880000000000000e+05
1.390260000000000000e+05
1.111050000000000000e+05
3.852600000000000000e+04
1.345280000000000000e+05
1.431080000000000000e+05
3.857600000000000000e+04
2.314900000000000000e+04
1.366650000000000000e+05
3.205500000000000000e+04
4.214000000000000000e+03
8.161900000000000000e+04
4.294900000000000000e+04
1.401400000000000000e+04
4.490500000000000000e+04
2.840000000000000000e+04
5.365000000000000000e+03
5.422000000000000000e+03
1.641520000000000000e+05
1.941200000000000000e+04
1.221370000000000000e+05
9.821400000000000000e+04
1.151450000000000000e+05
1.668600000000000000e+05
1.513310000000000000e+05
6.608800000000000000e+04
8.323700000000000000e+04
8.893700000000000000e+04
2.116800000000000000e+04
5.205300000000000000e+04
1.045020000000000000e+05
4.559900000000000000e+04
1.629600000000000000e+04
1.376660000000000000e+05
1.668250000000000000e+05
3.680000000000000000e+02
4.811200000000000000e+04
1.412200000000000000e+05
1.007580000000000000e+05
6.057000000000000000e+04
1.782000000000000000e+03
1.329320000000000000e+05
1.096160000000000000e+05
6.063200000000000000e+04
1.182770000000000000e+05
1.693600000000000000e+04
1.332550000000000000e+05
1.151740000000000000e+05
1.358710000000000000e+05
7.504700000000000000e+04
3.525200000000000000e+04
1.242090000000000000e+05
2.396800000000000000e+04
3.051400000000000000e+04
4.658000000000000000e+03
1.456400000000000000e+05
2.419000000000000000e+03
6.712800000000000000e+04
1.101900000000000000e+05
5.065600000000000000e+04
8.024000000000000000e+03
9.289300000000000000e+04
8.980600000000000000e+04
1.250240000000000000e+05
1.126710000000000000e+05
9.850200000000000000e+04
1.033790000000000000e+05
7.937300000000000000e+04
5.423000000000000000e+03
1.609070000000000000e+05
8.401500000000000000e+04
2.168300000000000000e+04
8.820000000000000000e+04
8.518700000000000000e+04
1.039070000000000000e+05
2.531300000000000000e+04
7.404500000000000000e+04
1.500420000000000000e+05
2.366000000000000000e+03
5.769500000000000000e+04
4.938500000000000000e+04
2.309600000000000000e+04
5.198000000000000000e+03
4.490300000000000000e+04
1.277120000000000000e+05
1.063190000000000000e+05
1.372340000000000000e+05
1.313700000000000000e+05
1.305890000000000000e+05
7.198800000000000000e+04
3.176100000000000000e+04
1.463080000000000000e+05
1.662570000000000000e+05
1.568070000000000000e+05
6.964600000000000000e+04
9.584300000000000000e+04
8.781500000000000000e+04
1.389210000000000000e+05
1.380570000000000000e+05
1.276460000000000000e+05
2.954200000000000000e+04
8.222600000000000000e+04
8.224900000000000000e+04
2.539500000000000000e+04
1.619860000000000000e+05
1.358860000000000000e+05
4.465000000000000000e+04
5.441000000000000000e+04
1.550700000000000000e+04
9.078400000000000000e+04
9.616800000000000000e+04
2.935300000000000000e+04
8.173800000000000000e+04
1.596890000000000000e+05
5.144500000000000000e+04
1.516870000000000000e+05
1.127600000000000000e+04
1.332220000000000000e+05
1.032180000000000000e+05
6.244900000000000000e+04
2.166700000000000000e+04
1.300380000000000000e+05
1.205430000000000000e+05
9.975200000000000000e+04
1.046560000000000000e+05
1.149480000000000000e+05
8.510600000000000000e+04
8.163800000000000000e+04
1.245060000000000000e+05
3.322900000000000000e+04
1.601980000000000000e+05
1.163080000000000000e+05
3.610500000000000000e+04
7.598900000000000000e+04
9.815500000000000000e+04
1.261490000000000000e+05
4.851800000000000000e+04
5.628000000000000000e+04
2.426300000000000000e+04
1.015530000000000000e+05
5.782500000000000000e+04
1.225710000000000000e+05
1.532300000000000000e+05
7.603600000000000000e+04
1.613730000000000000e+05
7.668100000000000000e+04
5.020700000000000000e+04
1.345020000000000000e+05
1.588910000000000000e+05
8.529900000000000000e+04
1.670000000000000000e+04
5.859800000000000000e+04
5.925100000000000000e+04
3.848900000000000000e+04
1.008910000000000000e+05
4.247400000000000000e+04
1.174300000000000000e+04
1.127760000000000000e+05
1.577620000000000000e+05
9.428600000000000000e+04
1.141600000000000000e+05
4.345700000000000000e+04
1.184730000000000000e+05
1.325080000000000000e+05
1.662270000000000000e+05
8.176000000000000000e+04
1.220190000000000000e+05
1.554480000000000000e+05
1.133810000000000000e+05
2.204500000000000000e+04
1.636950000000000000e+05
4.048100000000000000e+04
2.552700000000000000e+04
4.029800000000000000e+04
1.148990000000000000e+05
5.449000000000000000e+03
1.446000000000000000e+05
8.394700000000000000e+04
1.266290000000000000e+05
8.541400000000000000e+04
1.327110000000000000e+05
4.379500000000000000e+04
8.246400000000000000e+04
5.636900000000000000e+04
1.614210000000000000e+05
5.370100000000000000e+04
2.719900000000000000e+04
2.013400000000000000e+04
1.147000000000000000e+04
1.384600000000000000e+05
6.311400000000000000e+04
1.220090000000000000e+05
1.269380000000000000e+05
3.897800000000000000e+04
1.244030000000000000e+05
1.506030000000000000e+05
1.352420000000000000e+05
1.182010000000000000e+05
7.532200000000000000e+04
1.016420000000000000e+05
1.661900000000000000e+04
8.586000000000000000e+03
1.625360000000000000e+05
1.049560000000000000e+05
1.564730000000000000e+05
7.156800000000000000e+04
1.239050000000000000e+05
4.145700000000000000e+04
5.870800000000000000e+04
5.533900000000000000e+04
2.264100000000000000e+04
2.078200000000000000e+04
6.117300000000000000e+04
5.336100000000000000e+04
1.008210000000000000e+05
1.619530000000000000e+05
6.382500000000000000e+04
2.271600000000000000e+04
1.171640000000000000e+05
1.136510000000000000e+05
5.796900000000000000e+04
1.044820000000000000e+05
1.009040000000000000e+05
1.027710000000000000e+05
7.713600000000000000e+04
2.548600000000000000e+04
7.765700000000000000e+04
1.647020000000000000e+05
9.360100000000000000e+04
7.210800000000000000e+04
1.337680000000000000e+05
1.152440000000000000e+05
1.402890000000000000e+05
1.963400000000000000e+04
8.200400000000000000e+04
6.558400000000000000e+04
6.108400000000000000e+04
1.582000000000000000e+05
8.144000000000000000e+03
1.011300000000000000e+05
1.249890000000000000e+05
1.485590000000000000e+05
1.503560000000000000e+05
8.253900000000000000e+04
1.693700000000000000e+04
1.669210000000000000e+05
2.633000000000000000e+03
8.742100000000000000e+04
5.059300000000000000e+04
1.016500000000000000e+04
1.355590000000000000e+05
4.037900000000000000e+04
1.244660000000000000e+05
2.131100000000000000e+04
1.566480000000000000e+05
4.140600000000000000e+04
1.154670000000000000e+05
9.587300000000000000e+04
1.067350000000000000e+05
1.520500000000000000e+05
1.645730000000000000e+05
1.194540000000000000e+05
1.651000000000000000e+03
1.641950000000000000e+05
7.847700000000000000e+04
1.269200000000000000e+04
2.914500000000000000e+04
1.629280000000000000e+05
3.175900000000000000e+04
1.392100000000000000e+04
4.925600000000000000e+04
1.015120000000000000e+05
2.839800000000000000e+04
1.902000000000000000e+04
8.553600000000000000e+04
9.879100000000000000e+04
9.657000000000000000e+04
9.821900000000000000e+04
1.110570000000000000e+05
1.471490000000000000e+05
1.689250000000000000e+05
3.415800000000000000e+04
8.749900000000000000e+04
1.637380000000000000e+05
6.928000000000000000e+04
3.629700000000000000e+04
1.632180000000000000e+05
1.393530000000000000e+05
7.615500000000000000e+04
7.409100000000000000e+04
1.308780000000000000e+05
1.210400000000000000e+04
7.534200000000000000e+04
2.837300000000000000e+04
9.597900000000000000e+04
2.387100000000000000e+04
1.479380000000000000e+05
7.955500000000000000e+04
8.968600000000000000e+04
6.326800000000000000e+04
1.104970000000000000e+05
1.524170000000000000e+05
4.087300000000000000e+04
2.620600000000000000e+04
8.686700000000000000e+04
1.604810000000000000e+05
3.064700000000000000e+04
9.213500000000000000e+04
1.638160000000000000e+05
6.026800000000000000e+04
7.649700000000000000e+04
1.128770000000000000e+05
7.261700000000000000e+04
1.495020000000000000e+05
1.236200000000000000e+04
6.048900000000000000e+04
3.174000000000000000e+03
1.380510000000000000e+05
1.148820000000000000e+05
9.524200000000000000e+04
8.161000000000000000e+04
2.269200000000000000e+04
1.516860000000000000e+05
1.478830000000000000e+05
1.562790000000000000e+05
9.403300000000000000e+04
1.406110000000000000e+05
1.005910000000000000e+05
1.186330000000000000e+05
5.971700000000000000e+04
5.353000000000000000e+03
7.285700000000000000e+04
5.979800000000000000e+04
1.709000000000000000e+03
1.386960000000000000e+05
1.880000000000000000e+02
2.753000000000000000e+03
1.655180000000000000e+05
2.829500000000000000e+04
8.651900000000000000e+04
1.179640000000000000e+05
1.404000000000000000e+05
1.605210000000000000e+05
1.249120000000000000e+05
1.089240000000000000e+05
5.004200000000000000e+04
1.347780000000000000e+05
6.447700000000000000e+04
1.091380000000000000e+05
5.137200000000000000e+04
1.483000000000000000e+03
1.366530000000000000e+05
3.734900000000000000e+04
1.010790000000000000e+05
1.410410000000000000e+05
8.743900000000000000e+04
1.575520000000000000e+05
1.016310000000000000e+05
2.978600000000000000e+04
6.532000000000000000e+03
7.842000000000000000e+04
1.436490000000000000e+05
1.494820000000000000e+05
2.205400000000000000e+04
1.189460000000000000e+05
1.584140000000000000e+05
3.860500000000000000e+04
8.150400000000000000e+04
5.356200000000000000e+04
9.756800000000000000e+04
1.510430000000000000e+05
7.410000000000000000e+03
1.266700000000000000e+05
3.045200000000000000e+04
1.064220000000000000e+05
1.613630000000000000e+05
1.526520000000000000e+05
7.963500000000000000e+04
1.486000000000000000e+05
1.091480000000000000e+05
1.210000000000000000e+02
1.687120000000000000e+05
1.570280000000000000e+05
1.371040000000000000e+05
5.407900000000000000e+04
2.968200000000000000e+04
1.631440000000000000e+05
3.395000000000000000e+04
9.951800000000000000e+04
3.751100000000000000e+04
1.249000000000000000e+04
3.441700000000000000e+04
4.521700000000000000e+04
4.157600000000000000e+04
1.168080000000000000e+05
8.459900000000000000e+04
6.959000000000000000e+04
7.860400000000000000e+04
1.366370000000000000e+05
5.469900000000000000e+04
1.602820000000000000e+05
1.252620000000000000e+05
7.714700000000000000e+04
2.743500000000000000e+04
8.089700000000000000e+04
7.951100000000000000e+04
1.973600000000000000e+04
7.703500000000000000e+04
7.455900000000000000e+04
9.537700000000000000e+04
1.539600000000000000e+05
1.260090000000000000e+05
4.886400000000000000e+04
1.274150000000000000e+05
2.062400000000000000e+04
3.352200000000000000e+04
3.411400000000000000e+04
9.442000000000000000e+03
1.754400000000000000e+04
3.467900000000000000e+04
1.097000000000000000e+04
1.251710000000000000e+05
1.242450000000000000e+05
1.589660000000000000e+05
9.211700000000000000e+04
5.923500000000000000e+04
6.602400000000000000e+04
1.226210000000000000e+05
7.680500000000000000e+04
5.512400000000000000e+04
1.087480000000000000e+05
1.402600000000000000e+05
1.324960000000000000e+05
4.299900000000000000e+04
6.693900000000000000e+04
8.169400000000000000e+04
1.471660000000000000e+05
7.885200000000000000e+04
2.684800000000000000e+04
7.444800000000000000e+04
3.230000000000000000e+02
5.464500000000000000e+04
1.530150000000000000e+05
1.033930000000000000e+05
6.718900000000000000e+04
9.194400000000000000e+04
4.656100000000000000e+04
1.162510000000000000e+05
9.652400000000000000e+04
2.813700000000000000e+04
1.240610000000000000e+05
2.066500000000000000e+04
9.547000000000000000e+04
1.606470000000000000e+05
7.306300000000000000e+04
8.708000000000000000e+04
6.722600000000000000e+04
1.613780000000000000e+05
1.576650000000000000e+05
8.086400000000000000e+04
1.443930000000000000e+05
1.586390000000000000e+05
7.771100000000000000e+04
3.639100000000000000e+04
9.893600000000000000e+04
1.425320000000000000e+05
1.539970000000000000e+05
2.090500000000000000e+04
5.687000000000000000e+04
3.735500000000000000e+04
1.131650000000000000e+05
1.227910000000000000e+05
5.772000000000000000e+04
4.246300000000000000e+04
1.134560000000000000e+05
1.358800000000000000e+05
3.366800000000000000e+04
4.740000000000000000e+02
7.146400000000000000e+04
6.637000000000000000e+04
3.355000000000000000e+04
1.963800000000000000e+04
7.582800000000000000e+04
8.297300000000000000e+04
5.674500000000000000e+04
1.045760000000000000e+05
9.557400000000000000e+04
6.752800000000000000e+04
2.274700000000000000e+04
1.020020000000000000e+05
8.735000000000000000e+03
8.343200000000000000e+04
6.289600000000000000e+04
6.248000000000000000e+04
2.872000000000000000e+03
1.804600000000000000e+04
7.641100000000000000e+04
7.512200000000000000e+04
1.535790000000000000e+05
3.033400000000000000e+04
8.091400000000000000e+04
9.010600000000000000e+04
2.159300000000000000e+04
1.545790000000000000e+05
9.715000000000000000e+04
5.714000000000000000e+03
3.441300000000000000e+04
1.358180000000000000e+05
1.324660000000000000e+05
4.685600000000000000e+04
4.098500000000000000e+04
1.255120000000000000e+05
1.099660000000000000e+05
5.395900000000000000e+04
8.156000000000000000e+03
1.281700000000000000e+04
6.483400000000000000e+04
5.947300000000000000e+04
1.223000000000000000e+05
1.531040000000000000e+05
6.378700000000000000e+04
4.464100000000000000e+04
1.076940000000000000e+05
5.540700000000000000e+04
1.545650000000000000e+05
2.967700000000000000e+04
8.733500000000000000e+04
1.191950000000000000e+05
3.528500000000000000e+04
9.047400000000000000e+04
3.481100000000000000e+04
4.330000000000000000e+04
8.639500000000000000e+04
1.575100000000000000e+05
1.307090000000000000e+05
1.098940000000000000e+05
8.476200000000000000e+04
4.833900000000000000e+04
4.019100000000000000e+04
1.756300000000000000e+04
6.527700000000000000e+04
1.645500000000000000e+05
1.029140000000000000e+05
1.475560000000000000e+05
1.273770000000000000e+05
7.395700000000000000e+04
9.164900000000000000e+04
3.791600000000000000e+04
9.039000000000000000e+04
4.711900000000000000e+04
8.333300000000000000e+04
2.577600000000000000e+04
9.388800000000000000e+04
1.227110000000000000e+05
1.411400000000000000e+04
3.526700000000000000e+04
1.539460000000000000e+05
1.129400000000000000e+04
1.589920000000000000e+05
6.513000000000000000e+04
7.632900000000000000e+04
7.173500000000000000e+04
1.336780000000000000e+05
1.378300000000000000e+05
1.445070000000000000e+05
4.602000000000000000e+03
1.645200000000000000e+05
1.603060000000000000e+05
1.600690000000000000e+05
1.094690000000000000e+05
7.890400000000000000e+04
3.455000000000000000e+03
7.551200000000000000e+04
8.498300000000000000e+04
9.281000000000000000e+03
9.767000000000000000e+04
1.168630000000000000e+05
1.213250000000000000e+05
1.514650000000000000e+05
1.226400000000000000e+04
1.624270000000000000e+05
7.316300000000000000e+04
1.054000000000000000e+03
1.485600000000000000e+05
1.213040000000000000e+05
3.623400000000000000e+04
9.757500000000000000e+04
9.277700000000000000e+04
1.667620000000000000e+05
5.300000000000000000e+01
9.955100000000000000e+04
7.581000000000000000e+04
1.551570000000000000e+05
6.377200000000000000e+04
1.102820000000000000e+05
7.252600000000000000e+04
4.129000000000000000e+03
1.563270000000000000e+05
3.985800000000000000e+04
1.471090000000000000e+05
1.039770000000000000e+05
2.573200000000000000e+04
6.054300000000000000e+04
7.470000000000000000e+03
1.258230000000000000e+05
1.218160000000000000e+05
6.109600000000000000e+04
9.218700000000000000e+04
9.153300000000000000e+04
2.239800000000000000e+04
1.412130000000000000e+05
1.201220000000000000e+05
8.923400000000000000e+04
4.169000000000000000e+03
5.791300000000000000e+04
1.232190000000000000e+05
5.989500000000000000e+04
1.566300000000000000e+05
4.295600000000000000e+04
6.006400000000000000e+04
1.291760000000000000e+05
4.248300000000000000e+04
1.555500000000000000e+05
9.362800000000000000e+04
7.181200000000000000e+04
2.357400000000000000e+04
4.386600000000000000e+04
8.094600000000000000e+04
1.868200000000000000e+04
1.442590000000000000e+05
1.126270000000000000e+05
5.182000000000000000e+04
3.943100000000000000e+04
2.841200000000000000e+04
1.681690000000000000e+05
2.807500000000000000e+04
1.391590000000000000e+05
5.625900000000000000e+04
1.258060000000000000e+05
1.677510000000000000e+05
1.043770000000000000e+05
9.478100000000000000e+04
1.456450000000000000e+05
1.194700000000000000e+05
6.391200000000000000e+04
2.863500000000000000e+04
9.935800000000000000e+04
1.457460000000000000e+05
1.035250000000000000e+05
2.777800000000000000e+04
9.437500000000000000e+04
1.060130000000000000e+05
1.504400000000000000e+05
1.035350000000000000e+05
1.196200000000000000e+05
2.269800000000000000e+04
5.306000000000000000e+03
1.314660000000000000e+05
1.283770000000000000e+05
1.346900000000000000e+05
1.613100000000000000e+04
3.002000000000000000e+04
1.664840000000000000e+05
2.354600000000000000e+04
4.864700000000000000e+04
1.059700000000000000e+04
1.624360000000000000e+05
8.862800000000000000e+04
1.280100000000000000e+05
1.504290000000000000e+05
1.229110000000000000e+05
2.878000000000000000e+03
1.253230000000000000e+05
1.194110000000000000e+05
1.135710000000000000e+05
6.197400000000000000e+04
6.653600000000000000e+04
1.434790000000000000e+05
4.269000000000000000e+04
5.985200000000000000e+04
1.297900000000000000e+05
3.755600000000000000e+04
1.206000000000000000e+03
1.282820000000000000e+05
1.098160000000000000e+05
5.768900000000000000e+04
2.999000000000000000e+04
1.175140000000000000e+05
1.666480000000000000e+05
1.194290000000000000e+05
1.598760000000000000e+05
1.179150000000000000e+05
4.807700000000000000e+04
5.129400000000000000e+04
1.046800000000000000e+05
5.646800000000000000e+04
1.565640000000000000e+05
7.061100000000000000e+04
7.127000000000000000e+04
8.629900000000000000e+04
6.953900000000000000e+04
8.693100000000000000e+04
3.039800000000000000e+04
1.483980000000000000e+05
5.139500000000000000e+04
4.355500000000000000e+04
9.056400000000000000e+04
4.084100000000000000e+04
6.933700000000000000e+04
1.253100000000000000e+05
1.525360000000000000e+05
1.058700000000000000e+04
7.947700000000000000e+04
1.054500000000000000e+04
4.774800000000000000e+04
5.536300000000000000e+04
1.483490000000000000e+05
1.195030000000000000e+05
6.046000000000000000e+04
1.215930000000000000e+05
8.698400000000000000e+04
3.865900000000000000e+04
1.298920000000000000e+05
1.458330000000000000e+05
4.038000000000000000e+03
1.379330000000000000e+05
1.946900000000000000e+04
7.922000000000000000e+04
4.879900000000000000e+04
2.958900000000000000e+04
1.145540000000000000e+05
5.432500000000000000e+04
1.334800000000000000e+04
2.515000000000000000e+04
8.246700000000000000e+04
1.556100000000000000e+04
4.830300000000000000e+04
8.637000000000000000e+03
1.492350000000000000e+05
4.529400000000000000e+04
1.434870000000000000e+05
1.327890000000000000e+05
2.753800000000000000e+04
7.127800000000000000e+04
4.312900000000000000e+04
1.650620000000000000e+05
1.328840000000000000e+05
2.388500000000000000e+04
1.364700000000000000e+04
1.352700000000000000e+04
9.680400000000000000e+04
1.099260000000000000e+05
6.716200000000000000e+04
4.920000000000000000e+02
1.269250000000000000e+05
3.533400000000000000e+04
1.658190000000000000e+05
1.685170000000000000e+05
1.368370000000000000e+05
1.447570000000000000e+05
1.535370000000000000e+05
6.585400000000000000e+04
4.430900000000000000e+04
7.287300000000000000e+04
1.498160000000000000e+05
1.658800000000000000e+05
1.208500000000000000e+04
1.198350000000000000e+05
4.478600000000000000e+04
1.125900000000000000e+04
1.662450000000000000e+05
1.311170000000000000e+05
1.525900000000000000e+05
2.701500000000000000e+04
3.203700000000000000e+04
1.432160000000000000e+05
1.494220000000000000e+05
1.071290000000000000e+05
1.389920000000000000e+05
2.875100000000000000e+04
7.999900000000000000e+04
4.449000000000000000e+04
5.193700000000000000e+04
1.225520000000000000e+05
1.354340000000000000e+05
3.681800000000000000e+04
1.324940000000000000e+05
6.452000000000000000e+03
1.526510000000000000e+05
6.326100000000000000e+04
1.313300000000000000e+05
1.612000000000000000e+03
1.311240000000000000e+05
1.671390000000000000e+05
1.121970000000000000e+05
1.638800000000000000e+05
1.325090000000000000e+05
1.891300000000000000e+04
1.028440000000000000e+05
3.317700000000000000e+04
3.786600000000000000e+04
1.439330000000000000e+05
1.494400000000000000e+04
1.543190000000000000e+05
2.216700000000000000e+04
4.703200000000000000e+04
1.208320000000000000e+05
1.276360000000000000e+05
1.145780000000000000e+05
1.236340000000000000e+05
1.516570000000000000e+05
8.103900000000000000e+04
3.728300000000000000e+04
2.863800000000000000e+04
1.318820000000000000e+05
9.282700000000000000e+04
6.666000000000000000e+03
1.306370000000000000e+05
1.632500000000000000e+05
6.378500000000000000e+04
1.467280000000000000e+05
1.239770000000000000e+05
9.874000000000000000e+04
1.285120000000000000e+05
9.807900000000000000e+04
8.610700000000000000e+04
3.118300000000000000e+04
1.663410000000000000e+05
1.444740000000000000e+05
1.296310000000000000e+05
2.923200000000000000e+04
5.709500000000000000e+04
1.465430000000000000e+05
3.745500000000000000e+04
5.459900000000000000e+04
9.278900000000000000e+04
1.274860000000000000e+05
3.852500000000000000e+04
8.753400000000000000e+04
5.319600000000000000e+04
7.118900000000000000e+04
6.009500000000000000e+04
3.713300000000000000e+04
1.666120000000000000e+05
1.195800000000000000e+04
8.013300000000000000e+04
7.863600000000000000e+04
1.579690000000000000e+05
3.855300000000000000e+04
5.852500000000000000e+04
4.462700000000000000e+04
5.011600000000000000e+04
1.398610000000000000e+05
4.165400000000000000e+04
5.506900000000000000e+04
1.019880000000000000e+05
1.418080000000000000e+05
6.873700000000000000e+04
1.345450000000000000e+05
1.334980000000000000e+05
1.372840000000000000e+05
1.850300000000000000e+04
7.066600000000000000e+04
7.379500000000000000e+04
1.708800000000000000e+04
8.818200000000000000e+04
8.277700000000000000e+04
1.336940000000000000e+05
9.422700000000000000e+04
2.739500000000000000e+04
6.530700000000000000e+04
1.180100000000000000e+04
9.576200000000000000e+04
1.615430000000000000e+05
1.478930000000000000e+05
5.243000000000000000e+03
1.315220000000000000e+05
1.239030000000000000e+05
1.099590000000000000e+05
7.818700000000000000e+04
1.095980000000000000e+05
1.013420000000000000e+05
1.403100000000000000e+05
1.035190000000000000e+05
1.520930000000000000e+05
5.420800000000000000e+04
9.680000000000000000e+02
1.679330000000000000e+05
8.731000000000000000e+03
1.407310000000000000e+05
1.346520000000000000e+05
1.615730000000000000e+05
6.302100000000000000e+04
1.858000000000000000e+04
2.202200000000000000e+04
1.217150000000000000e+05
3.624000000000000000e+03
8.518200000000000000e+04
1.646920000000000000e+05
1.521260000000000000e+05
1.183140000000000000e+05
8.820400000000000000e+04
1.476820000000000000e+05
1.565710000000000000e+05
1.160250000000000000e+05
9.663000000000000000e+04
1.179560000000000000e+05
1.339890000000000000e+05
5.951400000000000000e+04
1.099760000000000000e+05
1.575750000000000000e+05
1.080940000000000000e+05
1.643580000000000000e+05
7.705000000000000000e+03
2.269700000000000000e+04
3.415700000000000000e+04
2.554500000000000000e+04
4.605700000000000000e+04
6.709000000000000000e+03
7.722700000000000000e+04
3.471000000000000000e+03
3.537700000000000000e+04
1.411190000000000000e+05
1.335960000000000000e+05
1.160610000000000000e+05
5.683200000000000000e+04
7.900100000000000000e+04
8.084400000000000000e+04
8.993000000000000000e+03
1.700400000000000000e+04
1.407130000000000000e+05
1.169290000000000000e+05
1.218840000000000000e+05
6.119700000000000000e+04
2.205300000000000000e+04
9.434000000000000000e+04
4.056600000000000000e+04
7.176500000000000000e+04
8.612700000000000000e+04
1.410710000000000000e+05
1.009520000000000000e+05
2.357000000000000000e+03
1.731500000000000000e+04
5.315300000000000000e+04
1.405240000000000000e+05
1.047870000000000000e+05
1.081540000000000000e+05
1.140600000000000000e+04
1.498860000000000000e+05
3.463000000000000000e+03
2.831000000000000000e+03
8.000100000000000000e+04
2.699700000000000000e+04
1.447160000000000000e+05
1.978800000000000000e+04
1.328700000000000000e+04
9.055700000000000000e+04
5.321600000000000000e+04
4.307000000000000000e+03
1.350940000000000000e+05
1.663780000000000000e+05
7.390700000000000000e+04
1.291780000000000000e+05
2.686600000000000000e+04
1.701800000000000000e+04
1.407510000000000000e+05
2.810200000000000000e+04
6.331300000000000000e+04
5.016200000000000000e+04
6.996200000000000000e+04
9.222000000000000000e+04
9.335000000000000000e+04
1.033920000000000000e+05
1.275700000000000000e+04
5.086000000000000000e+03
8.313600000000000000e+04
3.894800000000000000e+04
1.798300000000000000e+04
7.432800000000000000e+04
1.298130000000000000e+05
7.833500000000000000e+04
1.802900000000000000e+04
1.494570000000000000e+05
9.544000000000000000e+04
7.151400000000000000e+04
6.491200000000000000e+04
6.849600000000000000e+04
1.454280000000000000e+05
1.204770000000000000e+05
3.088600000000000000e+04
2.028200000000000000e+04
3.580900000000000000e+04
5.480700000000000000e+04
6.018600000000000000e+04
1.449050000000000000e+05
5.258000000000000000e+03
8.382400000000000000e+04
1.128890000000000000e+05
7.326000000000000000e+03
7.460100000000000000e+04
1.304000000000000000e+05
1.525250000000000000e+05
3.600000000000000000e+02
1.346210000000000000e+05
3.850800000000000000e+04
4.655800000000000000e+04
3.360100000000000000e+04
4.959800000000000000e+04
2.064600000000000000e+04
1.610020000000000000e+05
1.272510000000000000e+05
6.771200000000000000e+04
6.547600000000000000e+04
5.412100000000000000e+04
1.618580000000000000e+05
9.612600000000000000e+04
1.676400000000000000e+05
1.424130000000000000e+05
2.515500000000000000e+04
1.406730000000000000e+05
5.344900000000000000e+04
9.664900000000000000e+04
1.749000000000000000e+04
6.575100000000000000e+04
1.621100000000000000e+05
8.744000000000000000e+03
1.311820000000000000e+05
1.524600000000000000e+05
7.830800000000000000e+04
1.637590000000000000e+05
1.374780000000000000e+05
5.219800000000000000e+04
6.460300000000000000e+04
3.563300000000000000e+04
1.263330000000000000e+05
1.444270000000000000e+05
1.115870000000000000e+05
6.774000000000000000e+04
5.978200000000000000e+04
1.116390000000000000e+05
6.766700000000000000e+04
5.577200000000000000e+04
1.504620000000000000e+05
1.351460000000000000e+05
9.388000000000000000e+03
6.512000000000000000e+04
1.612640000000000000e+05
5.057800000000000000e+04
9.995400000000000000e+04
2.120900000000000000e+04
1.036870000000000000e+05
1.090500000000000000e+04
1.143200000000000000e+05
1.531950000000000000e+05
6.679700000000000000e+04
1.648460000000000000e+05
6.335900000000000000e+04
2.340100000000000000e+04
1.565620000000000000e+05
6.597500000000000000e+04
1.681400000000000000e+04
1.857600000000000000e+04
1.547620000000000000e+05
1.661440000000000000e+05
3.666300000000000000e+04
9.954700000000000000e+04
2.675900000000000000e+04
3.162500000000000000e+04
4.883000000000000000e+04
1.124580000000000000e+05
1.134940000000000000e+05
1.544900000000000000e+05
8.947000000000000000e+04
4.841200000000000000e+04
2.799500000000000000e+04
1.143860000000000000e+05
1.754900000000000000e+04
4.665000000000000000e+03
9.711000000000000000e+04
1.552980000000000000e+05
1.920000000000000000e+04
7.292800000000000000e+04
9.859100000000000000e+04
9.832200000000000000e+04
1.579390000000000000e+05
1.282500000000000000e+05
1.295510000000000000e+05
1.659140000000000000e+05
2.880400000000000000e+04
8.844500000000000000e+04
5.519300000000000000e+04
1.358900000000000000e+04
6.803600000000000000e+04
1.666860000000000000e+05
5.371400000000000000e+04
3.855500000000000000e+04
9.092500000000000000e+04
1.418220000000000000e+05
1.344100000000000000e+05
7.693100000000000000e+04
3.803000000000000000e+04
5.936700000000000000e+04
1.161070000000000000e+05
7.938400000000000000e+04
8.604000000000000000e+04
1.404450000000000000e+05
6.242600000000000000e+04
3.219300000000000000e+04
8.645700000000000000e+04
5.870000000000000000e+04
5.351800000000000000e+04
2.348600000000000000e+04
7.078000000000000000e+04
1.206870000000000000e+05
5.470700000000000000e+04
1.033190000000000000e+05
5.344100000000000000e+04
8.425900000000000000e+04
1.110850000000000000e+05
1.583760000000000000e+05
4.003800000000000000e+04
1.084250000000000000e+05
6.316000000000000000e+04
5.177400000000000000e+04
3.188000000000000000e+04
1.169340000000000000e+05
8.850300000000000000e+04
2.682000000000000000e+03
3.721800000000000000e+04
6.305600000000000000e+04
1.339220000000000000e+05
1.632170000000000000e+05
1.607890000000000000e+05
1.112350000000000000e+05
1.534330000000000000e+05
1.378210000000000000e+05
1.196010000000000000e+05
9.675300000000000000e+04
5.470400000000000000e+04
9.279700000000000000e+04
5.661000000000000000e+03
7.513900000000000000e+04
8.544300000000000000e+04
1.850000000000000000e+02
3.055000000000000000e+03
8.640000000000000000e+03
1.388730000000000000e+05
1.103330000000000000e+05
1.115260000000000000e+05
2.386000000000000000e+03
1.307420000000000000e+05
3.046600000000000000e+04
1.551770000000000000e+05
1.382010000000000000e+05
1.857400000000000000e+04
1.000860000000000000e+05
9.504300000000000000e+04
6.414100000000000000e+04
7.994200000000000000e+04
9.837500000000000000e+04
1.186370000000000000e+05
1.337670000000000000e+05
1.562100000000000000e+04
5.328200000000000000e+04
1.666560000000000000e+05
1.081750000000000000e+05
4.770700000000000000e+04
1.447800000000000000e+05
1.605500000000000000e+05
1.365120000000000000e+05
1.157130000000000000e+05
1.733200000000000000e+04
1.354390000000000000e+05
6.892300000000000000e+04
6.137000000000000000e+04
1.432770000000000000e+05
1.170330000000000000e+05
3.845300000000000000e+04
5.496000000000000000e+03
8.107800000000000000e+04
4.469700000000000000e+04
1.071430000000000000e+05
1.337060000000000000e+05
1.094220000000000000e+05
1.766000000000000000e+03
9.443000000000000000e+03
1.573320000000000000e+05
7.882900000000000000e+04
9.409600000000000000e+04
5.467200000000000000e+04
9.354300000000000000e+04
2.927200000000000000e+04
7.199000000000000000e+04
1.212980000000000000e+05
6.607400000000000000e+04
1.265230000000000000e+05
6.853600000000000000e+04
8.602600000000000000e+04
3.106000000000000000e+04
5.754400000000000000e+04
9.545000000000000000e+03
7.136800000000000000e+04
1.161650000000000000e+05
1.053680000000000000e+05
6.482400000000000000e+04
6.893400000000000000e+04
7.352000000000000000e+03
5.376000000000000000e+04
1.202880000000000000e+05
2.889300000000000000e+04
3.534100000000000000e+04
1.134260000000000000e+05
9.226000000000000000e+04
9.822400000000000000e+04
1.505030000000000000e+05
8.360600000000000000e+04
1.669370000000000000e+05
3.462400000000000000e+04
4.584100000000000000e+04
1.237390000000000000e+05
5.200700000000000000e+04
1.114850000000000000e+05
9.654900000000000000e+04
1.398530000000000000e+05
1.166480000000000000e+05
6.771800000000000000e+04
1.017650000000000000e+05
3.905200000000000000e+04
4.562100000000000000e+04
7.840300000000000000e+04
2.287500000000000000e+04
8.774200000000000000e+04
1.256970000000000000e+05
5.742300000000000000e+04
9.011000000000000000e+03
8.134300000000000000e+04
1.601320000000000000e+05
1.616540000000000000e+05
2.173600000000000000e+04
1.082770000000000000e+05
1.484450000000000000e+05
3.664600000000000000e+04
4.354100000000000000e+04
7.340600000000000000e+04
3.203200000000000000e+04
1.052580000000000000e+05
8.349600000000000000e+04
1.530810000000000000e+05
4.747600000000000000e+04
1.040670000000000000e+05
1.299560000000000000e+05
1.231110000000000000e+05
8.507700000000000000e+04
2.997100000000000000e+04
1.571190000000000000e+05
8.229500000000000000e+04
3.166300000000000000e+04
4.657000000000000000e+04
5.697900000000000000e+04
1.445830000000000000e+05
5.513700000000000000e+04
1.406810000000000000e+05
7.368400000000000000e+04
5.616900000000000000e+04
1.244790000000000000e+05
4.237600000000000000e+04
5.626000000000000000e+03
1.372900000000000000e+05
1.460200000000000000e+04
2.688300000000000000e+04
6.507000000000000000e+04
1.682130000000000000e+05
1.675020000000000000e+05
1.102870000000000000e+05
1.164060000000000000e+05
2.974000000000000000e+04
1.442540000000000000e+05
6.825900000000000000e+04
1.576040000000000000e+05
1.629420000000000000e+05
1.600560000000000000e+05
4.207800000000000000e+04
7.857600000000000000e+04
9.627000000000000000e+04
1.773000000000000000e+04
1.169770000000000000e+05
9.225800000000000000e+04
1.488770000000000000e+05
2.548300000000000000e+04
9.827400000000000000e+04
1.456310000000000000e+05
1.152530000000000000e+05
1.524750000000000000e+05
9.200200000000000000e+04
1.755700000000000000e+04
1.314810000000000000e+05
7.077700000000000000e+04
1.295690000000000000e+05
1.300400000000000000e+05
1.500380000000000000e+05
9.885000000000000000e+03
1.990900000000000000e+04
1.260100000000000000e+04
8.695600000000000000e+04
1.371290000000000000e+05
9.158200000000000000e+04
8.906800000000000000e+04
8.102200000000000000e+04
8.798400000000000000e+04
1.222300000000000000e+04
1.252880000000000000e+05
1.169490000000000000e+05
1.461160000000000000e+05
1.049700000000000000e+04
3.882400000000000000e+04
6.706000000000000000e+03
4.504600000000000000e+04
2.941000000000000000e+04
1.081490000000000000e+05
1.579710000000000000e+05
9.627900000000000000e+04
7.607700000000000000e+04
1.454350000000000000e+05
1.599230000000000000e+05
7.103900000000000000e+04
8.097000000000000000e+04
1.429000000000000000e+04
1.020460000000000000e+05
1.447350000000000000e+05
5.106400000000000000e+04
1.691900000000000000e+05
1.522450000000000000e+05
1.241550000000000000e+05
9.748500000000000000e+04
6.553600000000000000e+04
1.376540000000000000e+05
7.759300000000000000e+04
1.913300000000000000e+04
1.544100000000000000e+05
8.214400000000000000e+04
1.101290000000000000e+05
1.390960000000000000e+05
5.279200000000000000e+04
6.286000000000000000e+04
4.943900000000000000e+04
1.248730000000000000e+05
1.624870000000000000e+05
1.492200000000000000e+04
5.757200000000000000e+04
9.952200000000000000e+04
1.486550000000000000e+05
4.436900000000000000e+04
1.312700000000000000e+04
6.262800000000000000e+04
8.656100000000000000e+04
2.124700000000000000e+04
4.382600000000000000e+04
1.177010000000000000e+05
2.834700000000000000e+04
1.090490000000000000e+05
3.707400000000000000e+04
1.137360000000000000e+05
4.424900000000000000e+04
1.674730000000000000e+05
1.643760000000000000e+05
7.644200000000000000e+04
1.653950000000000000e+05
4.087600000000000000e+04
6.929000000000000000e+03
6.100700000000000000e+04
4.150600000000000000e+04
1.638450000000000000e+05
1.320900000000000000e+05
8.193000000000000000e+04
5.585600000000000000e+04
1.063780000000000000e+05
1.166010000000000000e+05
4.665800000000000000e+04
1.329490000000000000e+05
1.396840000000000000e+05
5.084200000000000000e+04
1.044730000000000000e+05
1.296210000000000000e+05
3.487500000000000000e+04
1.008100000000000000e+05
6.140300000000000000e+04
1.129990000000000000e+05
1.620000000000000000e+02
1.229680000000000000e+05
5.552000000000000000e+04
1.016360000000000000e+05
1.542800000000000000e+04
1.009000000000000000e+03
4.926000000000000000e+04
1.078910000000000000e+05
5.622300000000000000e+04
3.875800000000000000e+04
8.690700000000000000e+04
1.690470000000000000e+05
1.407500000000000000e+04
1.314620000000000000e+05
1.289720000000000000e+05
1.430470000000000000e+05
5.276800000000000000e+04
1.255030000000000000e+05
1.221100000000000000e+04
2.712200000000000000e+04
1.247980000000000000e+05
1.627840000000000000e+05
7.456000000000000000e+04
1.603370000000000000e+05
2.960000000000000000e+03
1.923700000000000000e+04
8.033000000000000000e+04
7.115800000000000000e+04
1.220100000000000000e+04
7.961700000000000000e+04
1.935900000000000000e+04
4.398600000000000000e+04
8.963000000000000000e+04
1.652850000000000000e+05
7.230600000000000000e+04
1.418490000000000000e+05
1.023500000000000000e+04
1.459780000000000000e+05
9.307600000000000000e+04
1.238250000000000000e+05
1.583230000000000000e+05
8.827000000000000000e+04
1.364570000000000000e+05
9.111900000000000000e+04
1.421610000000000000e+05
1.675390000000000000e+05
2.948900000000000000e+04
1.527480000000000000e+05
8.306500000000000000e+04
7.391400000000000000e+04
9.903200000000000000e+04
1.110420000000000000e+05
8.825500000000000000e+04
1.179130000000000000e+05
8.111100000000000000e+04
1.546490000000000000e+05
5.947200000000000000e+04
1.200230000000000000e+05
1.422820000000000000e+05
4.158100000000000000e+04
5.435000000000000000e+04
1.328500000000000000e+04
3.184900000000000000e+04
9.777500000000000000e+04
1.938400000000000000e+04
3.503000000000000000e+04
6.105000000000000000e+04
7.938700000000000000e+04
3.223000000000000000e+04
9.317400000000000000e+04
5.379000000000000000e+04
1.035780000000000000e+05
7.266100000000000000e+04
9.047100000000000000e+04
1.631280000000000000e+05
1.055740000000000000e+05
5.040100000000000000e+04
6.730500000000000000e+04
1.005300000000000000e+04
9.703800000000000000e+04
1.576000000000000000e+03
3.421000000000000000e+03
1.112870000000000000e+05
8.121000000000000000e+04
6.295600000000000000e+04
1.562550000000000000e+05
1.938800000000000000e+04
3.009200000000000000e+04
7.921000000000000000e+04
5.472000000000000000e+03
7.759000000000000000e+03
1.421000000000000000e+05
4.705300000000000000e+04
1.350900000000000000e+05
1.045060000000000000e+05
1.267860000000000000e+05
1.647570000000000000e+05
1.638660000000000000e+05
1.249180000000000000e+05
1.233300000000000000e+05
1.481850000000000000e+05
2.978800000000000000e+04
4.248400000000000000e+04
5.093800000000000000e+04
6.064100000000000000e+04
9.530800000000000000e+04
1.289180000000000000e+05
6.592500000000000000e+04
1.366120000000000000e+05
1.168790000000000000e+05
1.419300000000000000e+04
4.421000000000000000e+03
1.124540000000000000e+05
7.186300000000000000e+04
3.247700000000000000e+04
3.369800000000000000e+04
9.044800000000000000e+04
1.771800000000000000e+04
1.326910000000000000e+05
1.282140000000000000e+05
1.533010000000000000e+05
9.338000000000000000e+03
3.323100000000000000e+04
8.508300000000000000e+04
6.780300000000000000e+04
1.112180000000000000e+05
1.216720000000000000e+05
9.102800000000000000e+04
5.806600000000000000e+04
1.451710000000000000e+05
9.110100000000000000e+04
4.884800000000000000e+04
1.117850000000000000e+05
1.675000000000000000e+03
1.434670000000000000e+05
1.040740000000000000e+05
7.004800000000000000e+04
5.174000000000000000e+04
3.840500000000000000e+04
1.579440000000000000e+05
1.410380000000000000e+05
8.700800000000000000e+04
2.943900000000000000e+04
1.375900000000000000e+04
1.377500000000000000e+05
1.894800000000000000e+04
1.032510000000000000e+05
2.861800000000000000e+04
6.158600000000000000e+04
3.048500000000000000e+04
1.899100000000000000e+04
6.789100000000000000e+04
2.538500000000000000e+04
7.958000000000000000e+04
1.320720000000000000e+05
1.499930000000000000e+05
1.339200000000000000e+04
1.270900000000000000e+05
2.829600000000000000e+04
5.262100000000000000e+04
1.686020000000000000e+05
1.653250000000000000e+05
1.446960000000000000e+05
1.394560000000000000e+05
1.189180000000000000e+05
9.876900000000000000e+04
9.419100000000000000e+04
1.628540000000000000e+05
4.326500000000000000e+04
1.432360000000000000e+05
2.617600000000000000e+04
6.079000000000000000e+04
1.227600000000000000e+04
1.240300000000000000e+04
1.102250000000000000e+05
6.831400000000000000e+04
5.547500000000000000e+04
5.073200000000000000e+04
1.338440000000000000e+05
1.559730000000000000e+05
4.732000000000000000e+04
9.061500000000000000e+04
1.590010000000000000e+05
1.563280000000000000e+05
2.307000000000000000e+04
3.407000000000000000e+03
7.808600000000000000e+04
2.823700000000000000e+04
1.014470000000000000e+05
1.105730000000000000e+05
1.689600000000000000e+05
9.344000000000000000e+03
9.891300000000000000e+04
1.670690000000000000e+05
7.260200000000000000e+04
9.625800000000000000e+04
1.151310000000000000e+05
3.977900000000000000e+04
1.674820000000000000e+05
1.676680000000000000e+05
1.492830000000000000e+05
1.857700000000000000e+04
9.978200000000000000e+04
1.412010000000000000e+05
1.221930000000000000e+05
6.530600000000000000e+04
1.662810000000000000e+05
2.569800000000000000e+04
2.355900000000000000e+04
1.398320000000000000e+05
1.365730000000000000e+05
1.612300000000000000e+04
1.204470000000000000e+05
7.175900000000000000e+04
1.359340000000000000e+05
1.521790000000000000e+05
1.517210000000000000e+05
9.806200000000000000e+04
1.396420000000000000e+05
8.506400000000000000e+04
7.640600000000000000e+04
5.391600000000000000e+04
3.637000000000000000e+03
7.390300000000000000e+04
9.485000000000000000e+04
1.311600000000000000e+05
1.332810000000000000e+05
1.547100000000000000e+04
1.006240000000000000e+05
2.010000000000000000e+03
3.326900000000000000e+04
1.104040000000000000e+05
5.889300000000000000e+04
1.145690000000000000e+05
1.292170000000000000e+05
7.869700000000000000e+04
7.356500000000000000e+04
2.175800000000000000e+04
5.381100000000000000e+04
1.235230000000000000e+05
7.033100000000000000e+04
8.230000000000000000e+02
6.152000000000000000e+03
1.278260000000000000e+05
8.828200000000000000e+04
8.387900000000000000e+04
1.088400000000000000e+04
3.884000000000000000e+03
7.738600000000000000e+04
9.156500000000000000e+04
8.989500000000000000e+04
1.154170000000000000e+05
1.228610000000000000e+05
1.357160000000000000e+05
1.176450000000000000e+05
4.819000000000000000e+03
1.070050000000000000e+05
4.301700000000000000e+04
1.093400000000000000e+05
1.006650000000000000e+05
1.498580000000000000e+05
1.177950000000000000e+05
1.341970000000000000e+05
7.122100000000000000e+04
1.823500000000000000e+04
1.112740000000000000e+05
3.138500000000000000e+04
1.352110000000000000e+05
7.828400000000000000e+04
1.090900000000000000e+04
4.643100000000000000e+04
1.638120000000000000e+05
1.591280000000000000e+05
1.169880000000000000e+05
1.393680000000000000e+05
1.549890000000000000e+05
6.807100000000000000e+04
3.497300000000000000e+04
4.282400000000000000e+04
1.463440000000000000e+05
1.231620000000000000e+05
9.037000000000000000e+03
2.905500000000000000e+04
9.104900000000000000e+04
1.107360000000000000e+05
3.091500000000000000e+04
1.038250000000000000e+05
8.836900000000000000e+04
1.601950000000000000e+05
4.081000000000000000e+04
1.765400000000000000e+04
1.139450000000000000e+05
8.382300000000000000e+04
5.594500000000000000e+04
4.888400000000000000e+04
1.517590000000000000e+05
1.412100000000000000e+05
2.066700000000000000e+04
1.034670000000000000e+05
6.298200000000000000e+04
5.531200000000000000e+04
2.678500000000000000e+04
8.098000000000000000e+04
1.678890000000000000e+05
6.833800000000000000e+04
1.628570000000000000e+05
9.864200000000000000e+04
1.508580000000000000e+05
1.201000000000000000e+05
1.385100000000000000e+04
8.787400000000000000e+04
3.677500000000000000e+04
1.399600000000000000e+04
1.048060000000000000e+05
7.979800000000000000e+04
3.233500000000000000e+04
2.416100000000000000e+04
1.174970000000000000e+05
1.001420000000000000e+05
1.344330000000000000e+05
1.385820000000000000e+05
1.266890000000000000e+05
9.658500000000000000e+04
1.444920000000000000e+05
1.351470000000000000e+05
9.099500000000000000e+04
7.891900000000000000e+04
1.461740000000000000e+05
1.279280000000000000e+05
1.353190000000000000e+05
1.351100000000000000e+04
9.902300000000000000e+04
2.492800000000000000e+04
5.354300000000000000e+04
7.863400000000000000e+04
7.765600000000000000e+04
1.437320000000000000e+05
9.945000000000000000e+04
3.662700000000000000e+04
3.833900000000000000e+04
1.284610000000000000e+05
1.385760000000000000e+05
1.007080000000000000e+05
3.551300000000000000e+04
1.547480000000000000e+05
6.477400000000000000e+04
1.402690000000000000e+05
1.457660000000000000e+05
9.358700000000000000e+04
7.497500000000000000e+04
1.012030000000000000e+05
1.162130000000000000e+05
1.288660000000000000e+05
4.477000000000000000e+04
1.005490000000000000e+05
1.402560000000000000e+05
5.951700000000000000e+04
1.517300000000000000e+05
1.357710000000000000e+05
1.160000000000000000e+05
6.542300000000000000e+04
5.197000000000000000e+04
1.459290000000000000e+05
8.030500000000000000e+04
6.340700000000000000e+04
1.603040000000000000e+05
1.680470000000000000e+05
1.684190000000000000e+05
3.251200000000000000e+04
1.457300000000000000e+04
9.582400000000000000e+04
4.243300000000000000e+04
8.049700000000000000e+04
1.325110000000000000e+05
1.426880000000000000e+05
1.280610000000000000e+05
1.796400000000000000e+04
1.262680000000000000e+05
1.440700000000000000e+04
7.137600000000000000e+04
1.903000000000000000e+04
6.313100000000000000e+04
9.599800000000000000e+04
2.438000000000000000e+04
1.015660000000000000e+05
1.332740000000000000e+05
1.069300000000000000e+05
7.448100000000000000e+04
7.139100000000000000e+04
1.085410000000000000e+05
6.525900000000000000e+04
4.526100000000000000e+04
2.034400000000000000e+04
2.292400000000000000e+04
1.502530000000000000e+05
5.243200000000000000e+04
9.765700000000000000e+04
1.178920000000000000e+05
1.538010000000000000e+05
8.558900000000000000e+04
1.625290000000000000e+05
9.503300000000000000e+04
8.321300000000000000e+04
3.069800000000000000e+04
1.279390000000000000e+05
1.664340000000000000e+05
4.883200000000000000e+04
6.061900000000000000e+04
1.374610000000000000e+05
8.927600000000000000e+04
1.640780000000000000e+05
1.372260000000000000e+05
1.320590000000000000e+05
1.046600000000000000e+05
4.206000000000000000e+04
1.460800000000000000e+04
7.022200000000000000e+04
1.526860000000000000e+05
9.582900000000000000e+04
2.953500000000000000e+04
1.076280000000000000e+05
1.476360000000000000e+05
7.634000000000000000e+03
9.887000000000000000e+03
1.382400000000000000e+04
1.106700000000000000e+05
1.692640000000000000e+05
1.687430000000000000e+05
2.402000000000000000e+04
1.859100000000000000e+04
1.608060000000000000e+05
1.458670000000000000e+05
1.536340000000000000e+05
2.225300000000000000e+04
4.182000000000000000e+03
1.185460000000000000e+05
1.405140000000000000e+05
4.596200000000000000e+04
1.039340000000000000e+05
6.285800000000000000e+04
1.395920000000000000e+05
5.405100000000000000e+04
1.532820000000000000e+05
1.209680000000000000e+05
5.251500000000000000e+04
2.715300000000000000e+04
7.940800000000000000e+04
6.645000000000000000e+04
1.164700000000000000e+04
9.601900000000000000e+04
8.899000000000000000e+03
1.313910000000000000e+05
7.733700000000000000e+04
1.003670000000000000e+05
5.101900000000000000e+04
1.000340000000000000e+05
1.224560000000000000e+05
1.133050000000000000e+05
3.579700000000000000e+04
4.476400000000000000e+04
7.438700000000000000e+04
2.923400000000000000e+04
2.026500000000000000e+04
4.999500000000000000e+04
1.427150000000000000e+05
1.671210000000000000e+05
1.681020000000000000e+05
1.225900000000000000e+04
1.621740000000000000e+05
5.597000000000000000e+04
1.068600000000000000e+04
1.384880000000000000e+05
1.592210000000000000e+05
8.243800000000000000e+04
4.012500000000000000e+04
2.894000000000000000e+03
1.280170000000000000e+05
1.518650000000000000e+05
1.457030000000000000e+05
8.823200000000000000e+04
7.845100000000000000e+04
1.273900000000000000e+04
1.273400000000000000e+05
1.565090000000000000e+05
1.644370000000000000e+05
1.142920000000000000e+05
1.108220000000000000e+05
8.346200000000000000e+04
1.686830000000000000e+05
5.120800000000000000e+04
2.883400000000000000e+04
3.894400000000000000e+04
1.272470000000000000e+05
1.425170000000000000e+05
8.750200000000000000e+04
1.338750000000000000e+05
1.637820000000000000e+05
1.331590000000000000e+05
1.610100000000000000e+04
4.748800000000000000e+04
5.644300000000000000e+04
1.816600000000000000e+04
1.235060000000000000e+05
5.610800000000000000e+04
1.338410000000000000e+05
6.926600000000000000e+04
5.981800000000000000e+04
1.331520000000000000e+05
1.351000000000000000e+05
4.870200000000000000e+04
1.296150000000000000e+05
1.663200000000000000e+05
3.344700000000000000e+04
1.377190000000000000e+05
5.165500000000000000e+04
1.365100000000000000e+05
1.457830000000000000e+05
4.947000000000000000e+04
3.542700000000000000e+04
1.518000000000000000e+03
1.530010000000000000e+05
1.125700000000000000e+05
1.001690000000000000e+05
1.752700000000000000e+04
6.791700000000000000e+04
1.569930000000000000e+05
5.333500000000000000e+04
1.586780000000000000e+05
1.541970000000000000e+05
9.941100000000000000e+04
1.759100000000000000e+04
1.189220000000000000e+05
1.454110000000000000e+05
4.929200000000000000e+04
1.153810000000000000e+05
1.643080000000000000e+05
8.341800000000000000e+04
1.443780000000000000e+05
5.614500000000000000e+04
8.034600000000000000e+04
1.128950000000000000e+05
1.519030000000000000e+05
1.157230000000000000e+05
4.146000000000000000e+03
8.982400000000000000e+04
1.690970000000000000e+05
3.179800000000000000e+04
1.126030000000000000e+05
1.020170000000000000e+05
1.488850000000000000e+05
1.131300000000000000e+04
6.606000000000000000e+04
5.212000000000000000e+03
1.398200000000000000e+04
1.664300000000000000e+05
2.242500000000000000e+04
1.218720000000000000e+05
1.645550000000000000e+05
8.750700000000000000e+04
9.098500000000000000e+04
1.049680000000000000e+05
2.974400000000000000e+04
4.442000000000000000e+04
1.602400000000000000e+04
1.231450000000000000e+05
9.895100000000000000e+04
1.279350000000000000e+05
1.569670000000000000e+05
2.912000000000000000e+03
6.223400000000000000e+04
1.049260000000000000e+05
7.240700000000000000e+04
8.003600000000000000e+04
3.540900000000000000e+04
1.650520000000000000e+05
1.416880000000000000e+05
1.626990000000000000e+05
1.616720000000000000e+05
9.409000000000000000e+04
4.509700000000000000e+04
1.583740000000000000e+05
1.412610000000000000e+05
5.069400000000000000e+04
4.277000000000000000e+03
1.486300000000000000e+05
1.251280000000000000e+05
7.119200000000000000e+04
5.194600000000000000e+04
1.511980000000000000e+05
5.548000000000000000e+04
1.225210000000000000e+05
4.253200000000000000e+04
4.861200000000000000e+04
1.430340000000000000e+05
1.668960000000000000e+05
1.319680000000000000e+05
1.438310000000000000e+05
1.217440000000000000e+05
6.198300000000000000e+04
7.308400000000000000e+04
3.233400000000000000e+04
1.046960000000000000e+05
1.065730000000000000e+05
9.047700000000000000e+04
9.437000000000000000e+03
4.330600000000000000e+04
9.021800000000000000e+04
8.258000000000000000e+03
3.585900000000000000e+04
5.728700000000000000e+04
1.114060000000000000e+05
3.611100000000000000e+04
1.008880000000000000e+05
1.065090000000000000e+05
6.204600000000000000e+04
7.405000000000000000e+04
1.620800000000000000e+04
4.727000000000000000e+04
4.134100000000000000e+04
1.755200000000000000e+04
7.138700000000000000e+04
3.614200000000000000e+04
1.198470000000000000e+05
3.986600000000000000e+04
1.518500000000000000e+05
1.288150000000000000e+05
1.498560000000000000e+05
2.526500000000000000e+04
1.172950000000000000e+05
2.782400000000000000e+04
6.471800000000000000e+04
1.113070000000000000e+05
