9.747100000000000000e+04
9.676000000000000000e+04
1.086150000000000000e+05
7.963400000000000000e+04
1.239850000000000000e+05
7.484800000000000000e+04
1.688960000000000000e+05
1.604960000000000000e+05
1.559450000000000000e+05
1.351600000000000000e+04
1.007110000000000000e+05
9.908600000000000000e+04
9.720000000000000000e+02
6.566200000000000000e+04
1.460870000000000000e+05
1.031480000000000000e+05
5.396400000000000000e+04
3.444300000000000000e+04
1.269510000000000000e+05
8.498100000000000000e+04
1.165450000000000000e+05
3.824700000000000000e+04
7.853000000000000000e+03
6.439600000000000000e+04
1.294700000000000000e+05
3.596300000000000000e+04
8.514700000000000000e+04
9.313700000000000000e+04
1.665000000000000000e+04
2.513900000000000000e+04
6.413600000000000000e+04
6.781400000000000000e+04
1.271840000000000000e+05
1.048200000000000000e+05
1.209020000000000000e+05
1.215490000000000000e+05
9.997700000000000000e+04
1.531640000000000000e+05
5.628800000000000000e+04
7.493700000000000000e+04
