4.034300000000000000e+04
9.088500000000000000e+04
9.017900000000000000e+04
1.673930000000000000e+05
1.548800000000000000e+05
8.056400000000000000e+04
8.299800000000000000e+04
6.504200000000000000e+04
1.161100000000000000e+04
7.438400000000000000e+04
8.571000000000000000e+03
1.550000000000000000e+03
9.618400000000000000e+04
1.299760000000000000e+05
1.382100000000000000e+05
2.764800000000000000e+04
5.031300000000000000e+04
2.839500000000000000e+04
6.660000000000000000e+02
1.218080000000000000e+05
2.256800000000000000e+04
2.916000000000000000e+03
5.031900000000000000e+04
1.612510000000000000e+05
6.057000000000000000e+03
1.266000000000000000e+03
1.596310000000000000e+05
1.237210000000000000e+05
1.303500000000000000e+04
7.458400000000000000e+04
1.220010000000000000e+05
1.257270000000000000e+05
5.707000000000000000e+03
1.591230000000000000e+05
1.269900000000000000e+04
3.051300000000000000e+04
1.480280000000000000e+05
5.018100000000000000e+04
6.972800000000000000e+04
1.438120000000000000e+05
3.215800000000000000e+04
3.877900000000000000e+04
2.142400000000000000e+04
6.858600000000000000e+04
2.553900000000000000e+04
2.161400000000000000e+04
9.808000000000000000e+04
8.965000000000000000e+03
1.689020000000000000e+05
1.104610000000000000e+05
8.969700000000000000e+04
7.683300000000000000e+04
2.397000000000000000e+04
1.141290000000000000e+05
5.984900000000000000e+04
1.217390000000000000e+05
1.999000000000000000e+04
1.445900000000000000e+04
8.665200000000000000e+04
9.842400000000000000e+04
7.990000000000000000e+03
1.260050000000000000e+05
1.127200000000000000e+05
1.134100000000000000e+04
2.563900000000000000e+04
1.617970000000000000e+05
1.597860000000000000e+05
1.550960000000000000e+05
7.820900000000000000e+04
1.384570000000000000e+05
1.256450000000000000e+05
1.188190000000000000e+05
1.189420000000000000e+05
7.112000000000000000e+03
1.596610000000000000e+05
5.630500000000000000e+04
4.013400000000000000e+04
8.919800000000000000e+04
5.622900000000000000e+04
1.549280000000000000e+05
6.948800000000000000e+04
1.318190000000000000e+05
4.926400000000000000e+04
6.625500000000000000e+04
9.215600000000000000e+04
1.591900000000000000e+05
7.358200000000000000e+04
3.578900000000000000e+04
1.473150000000000000e+05
4.390200000000000000e+04
2.305300000000000000e+04
9.499600000000000000e+04
1.317220000000000000e+05
1.235040000000000000e+05
1.078810000000000000e+05
5.943700000000000000e+04
6.823000000000000000e+04
1.127490000000000000e+05
1.498500000000000000e+04
1.372900000000000000e+04
8.377900000000000000e+04
1.030240000000000000e+05
9.114000000000000000e+03
3.656900000000000000e+04
4.876900000000000000e+04
1.243650000000000000e+05
8.412900000000000000e+04
1.032580000000000000e+05
1.196410000000000000e+05
7.205800000000000000e+04
1.115700000000000000e+04
1.569600000000000000e+04
1.507370000000000000e+05
5.736600000000000000e+04
1.899000000000000000e+03
1.055460000000000000e+05
2.662800000000000000e+04
1.031700000000000000e+04
8.120200000000000000e+04
1.511710000000000000e+05
7.237900000000000000e+04
6.751000000000000000e+03
1.925400000000000000e+04
3.474200000000000000e+04
1.257860000000000000e+05
1.142310000000000000e+05
1.457360000000000000e+05
1.034810000000000000e+05
4.035500000000000000e+04
1.679100000000000000e+05
1.478190000000000000e+05
1.124730000000000000e+05
5.271400000000000000e+04
7.949600000000000000e+04
8.429100000000000000e+04
2.599300000000000000e+04
6.719200000000000000e+04
7.192700000000000000e+04
1.269600000000000000e+04
8.801100000000000000e+04
1.691930000000000000e+05
1.657800000000000000e+04
1.411580000000000000e+05
1.401280000000000000e+05
1.290370000000000000e+05
1.407470000000000000e+05
4.632900000000000000e+04
5.591700000000000000e+04
1.150400000000000000e+05
1.625740000000000000e+05
5.540800000000000000e+04
6.748400000000000000e+04
1.273210000000000000e+05
6.880400000000000000e+04
7.097100000000000000e+04
5.229600000000000000e+04
3.921700000000000000e+04
1.461200000000000000e+05
1.614360000000000000e+05
1.277550000000000000e+05
1.929600000000000000e+04
1.173910000000000000e+05
3.646500000000000000e+04
8.985000000000000000e+03
7.400500000000000000e+04
5.476500000000000000e+04
1.021900000000000000e+04
1.578000000000000000e+05
2.535700000000000000e+04
7.919100000000000000e+04
6.417200000000000000e+04
5.569500000000000000e+04
7.015800000000000000e+04
7.431200000000000000e+04
1.457470000000000000e+05
5.436800000000000000e+04
1.534910000000000000e+05
2.335200000000000000e+04
1.243740000000000000e+05
7.713000000000000000e+04
1.213500000000000000e+05
7.708600000000000000e+04
1.373990000000000000e+05
1.645170000000000000e+05
9.029400000000000000e+04
1.375030000000000000e+05
7.819600000000000000e+04
1.557390000000000000e+05
3.838800000000000000e+04
5.067500000000000000e+04
1.256500000000000000e+05
9.668400000000000000e+04
6.030000000000000000e+04
9.728500000000000000e+04
1.091560000000000000e+05
7.230100000000000000e+04
1.174280000000000000e+05
1.012200000000000000e+05
2.385300000000000000e+04
5.721900000000000000e+04
1.180040000000000000e+05
1.474850000000000000e+05
8.092500000000000000e+04
5.685600000000000000e+04
2.182800000000000000e+04
1.321640000000000000e+05
7.106600000000000000e+04
2.927000000000000000e+03
7.229000000000000000e+03
4.242900000000000000e+04
3.463600000000000000e+04
1.867000000000000000e+03
7.135200000000000000e+04
5.879600000000000000e+04
4.255800000000000000e+04
7.686300000000000000e+04
7.700200000000000000e+04
6.842400000000000000e+04
1.195340000000000000e+05
6.919100000000000000e+04
3.812700000000000000e+04
1.781700000000000000e+04
2.915900000000000000e+04
6.823100000000000000e+04
6.142100000000000000e+04
5.175200000000000000e+04
1.600210000000000000e+05
1.014630000000000000e+05
1.103700000000000000e+05
4.856900000000000000e+04
8.368100000000000000e+04
8.222500000000000000e+04
6.759700000000000000e+04
1.870300000000000000e+04
8.162300000000000000e+04
1.337050000000000000e+05
4.251000000000000000e+04
1.058100000000000000e+04
1.131900000000000000e+04
4.069700000000000000e+04
6.501600000000000000e+04
1.495100000000000000e+05
9.177000000000000000e+04
1.639200000000000000e+05
3.485000000000000000e+04
1.520000000000000000e+04
1.389070000000000000e+05
1.169890000000000000e+05
6.405300000000000000e+04
1.655600000000000000e+04
1.258950000000000000e+05
1.024640000000000000e+05
6.729400000000000000e+04
7.839100000000000000e+04
6.477900000000000000e+04
2.518500000000000000e+04
7.866000000000000000e+03
9.075600000000000000e+04
9.659400000000000000e+04
2.401000000000000000e+03
9.320900000000000000e+04
1.403230000000000000e+05
1.323480000000000000e+05
9.666500000000000000e+04
8.955300000000000000e+04
7.033500000000000000e+04
2.678900000000000000e+04
3.979900000000000000e+04
7.338600000000000000e+04
4.615800000000000000e+04
1.194750000000000000e+05
1.328390000000000000e+05
1.154220000000000000e+05
1.454030000000000000e+05
1.080000000000000000e+04
1.354430000000000000e+05
1.459110000000000000e+05
1.061250000000000000e+05
3.053500000000000000e+04
8.406400000000000000e+04
9.526500000000000000e+04
1.651200000000000000e+05
1.970800000000000000e+04
8.650300000000000000e+04
1.070400000000000000e+04
8.349200000000000000e+04
1.158770000000000000e+05
9.683800000000000000e+04
1.170300000000000000e+04
3.598600000000000000e+04
1.330360000000000000e+05
1.676330000000000000e+05
1.571940000000000000e+05
1.229170000000000000e+05
1.410130000000000000e+05
6.185000000000000000e+03
4.459500000000000000e+04
2.946200000000000000e+04
7.520700000000000000e+04
3.825000000000000000e+03
4.275700000000000000e+04
1.087850000000000000e+05
4.338300000000000000e+04
4.499700000000000000e+04
9.674200000000000000e+04
6.995500000000000000e+04
5.292500000000000000e+04
6.578000000000000000e+04
5.041000000000000000e+03
8.439800000000000000e+04
4.098900000000000000e+04
8.516600000000000000e+04
2.013100000000000000e+04
9.053900000000000000e+04
1.186430000000000000e+05
1.175380000000000000e+05
1.931500000000000000e+04
8.963900000000000000e+04
5.982400000000000000e+04
5.588300000000000000e+04
5.094800000000000000e+04
4.319100000000000000e+04
5.742000000000000000e+04
1.250230000000000000e+05
1.072920000000000000e+05
3.043400000000000000e+04
1.451520000000000000e+05
7.726900000000000000e+04
5.235400000000000000e+04
1.681660000000000000e+05
1.603400000000000000e+04
1.191000000000000000e+05
6.548600000000000000e+04
9.834000000000000000e+04
1.259600000000000000e+05
1.492390000000000000e+05
2.077000000000000000e+03
1.521370000000000000e+05
3.875400000000000000e+04
7.338700000000000000e+04
4.165500000000000000e+04
6.405100000000000000e+04
3.446500000000000000e+04
2.424000000000000000e+04
5.807300000000000000e+04
3.277400000000000000e+04
1.723400000000000000e+04
1.626620000000000000e+05
5.744600000000000000e+04
1.131620000000000000e+05
9.512400000000000000e+04
1.100540000000000000e+05
8.447400000000000000e+04
1.227560000000000000e+05
2.362800000000000000e+04
1.642750000000000000e+05
3.099400000000000000e+04
7.714100000000000000e+04
1.219860000000000000e+05
1.591380000000000000e+05
1.399490000000000000e+05
1.513300000000000000e+05
5.260600000000000000e+04
1.157920000000000000e+05
8.839100000000000000e+04
3.084600000000000000e+04
4.668000000000000000e+04
1.388600000000000000e+05
4.274400000000000000e+04
4.742100000000000000e+04
1.203370000000000000e+05
4.471000000000000000e+04
1.422780000000000000e+05
5.281000000000000000e+03
3.357600000000000000e+04
3.529300000000000000e+04
5.547800000000000000e+04
1.690700000000000000e+04
1.039500000000000000e+05
8.607700000000000000e+04
9.743300000000000000e+04
1.627730000000000000e+05
1.092290000000000000e+05
4.091100000000000000e+04
9.360000000000000000e+02
8.075600000000000000e+04
1.571670000000000000e+05
1.483850000000000000e+05
1.576770000000000000e+05
1.639430000000000000e+05
4.083900000000000000e+04
6.392000000000000000e+03
1.579270000000000000e+05
7.693700000000000000e+04
1.006260000000000000e+05
7.538400000000000000e+04
1.334100000000000000e+05
5.520400000000000000e+04
5.403400000000000000e+04
1.044000000000000000e+04
1.222900000000000000e+05
4.195300000000000000e+04
1.485680000000000000e+05
1.122170000000000000e+05
1.292010000000000000e+05
6.457400000000000000e+04
6.894300000000000000e+04
1.259550000000000000e+05
8.789400000000000000e+04
7.961300000000000000e+04
6.852500000000000000e+04
1.560060000000000000e+05
2.644500000000000000e+04
1.063650000000000000e+05
1.423030000000000000e+05
6.786300000000000000e+04
2.051600000000000000e+04
7.432000000000000000e+03
1.200450000000000000e+05
3.040200000000000000e+04
3.166600000000000000e+04
4.112900000000000000e+04
9.671800000000000000e+04
8.679500000000000000e+04
3.873700000000000000e+04
5.010800000000000000e+04
1.205960000000000000e+05
1.311660000000000000e+05
1.171470000000000000e+05
1.402750000000000000e+05
1.493900000000000000e+05
8.502000000000000000e+03
3.782900000000000000e+04
1.552950000000000000e+05
2.083800000000000000e+04
2.544500000000000000e+04
1.437430000000000000e+05
1.484360000000000000e+05
9.691800000000000000e+04
1.327040000000000000e+05
1.545560000000000000e+05
9.705000000000000000e+04
1.749200000000000000e+04
9.717500000000000000e+04
6.499800000000000000e+04
1.572590000000000000e+05
1.579550000000000000e+05
8.165600000000000000e+04
1.470700000000000000e+05
6.359100000000000000e+04
3.733300000000000000e+04
4.114700000000000000e+04
1.063970000000000000e+05
7.264300000000000000e+04
3.136200000000000000e+04
9.122300000000000000e+04
3.388000000000000000e+04
1.681860000000000000e+05
9.634700000000000000e+04
1.168280000000000000e+05
1.565600000000000000e+04
7.798500000000000000e+04
2.114700000000000000e+04
6.115300000000000000e+04
1.685420000000000000e+05
6.123200000000000000e+04
9.292400000000000000e+04
1.322100000000000000e+04
1.090100000000000000e+05
1.007120000000000000e+05
2.171700000000000000e+04
1.182670000000000000e+05
1.643210000000000000e+05
6.554600000000000000e+04
2.054200000000000000e+04
1.665600000000000000e+05
5.200300000000000000e+04
8.438900000000000000e+04
1.381140000000000000e+05
1.687200000000000000e+05
8.356100000000000000e+04
1.352520000000000000e+05
2.021100000000000000e+04
4.880700000000000000e+04
6.355600000000000000e+04
9.340500000000000000e+04
9.124900000000000000e+04
1.346770000000000000e+05
2.806300000000000000e+04
1.291770000000000000e+05
1.267680000000000000e+05
3.416300000000000000e+04
3.977100000000000000e+04
4.388200000000000000e+04
1.553480000000000000e+05
1.011410000000000000e+05
1.408680000000000000e+05
9.946200000000000000e+04
6.849100000000000000e+04
7.225400000000000000e+04
1.686800000000000000e+05
2.654300000000000000e+04
1.319900000000000000e+04
8.262100000000000000e+04
4.450300000000000000e+04
8.113000000000000000e+03
1.477610000000000000e+05
4.424000000000000000e+03
3.870000000000000000e+04
1.353770000000000000e+05
8.822000000000000000e+04
5.447200000000000000e+04
1.557960000000000000e+05
1.378680000000000000e+05
4.750100000000000000e+04
6.061000000000000000e+03
2.668000000000000000e+04
7.656100000000000000e+04
1.408010000000000000e+05
9.017100000000000000e+04
5.783700000000000000e+04
2.144300000000000000e+04
1.562330000000000000e+05
1.311120000000000000e+05
6.295000000000000000e+04
5.322100000000000000e+04
2.290600000000000000e+04
1.573300000000000000e+05
2.946400000000000000e+04
1.622470000000000000e+05
6.553000000000000000e+04
1.436540000000000000e+05
6.831300000000000000e+04
1.392030000000000000e+05
1.468980000000000000e+05
8.081500000000000000e+04
7.090000000000000000e+02
1.139040000000000000e+05
9.114700000000000000e+04
4.191000000000000000e+04
1.265770000000000000e+05
7.120500000000000000e+04
4.553000000000000000e+04
9.891400000000000000e+04
6.110600000000000000e+04
1.308340000000000000e+05
1.360850000000000000e+05
3.379500000000000000e+04
6.716400000000000000e+04
9.887500000000000000e+04
1.432260000000000000e+05
9.683600000000000000e+04
4.687400000000000000e+04
1.388800000000000000e+05
1.979300000000000000e+04
2.321800000000000000e+04
3.547600000000000000e+04
6.856400000000000000e+04
3.773100000000000000e+04
4.050000000000000000e+03
1.506090000000000000e+05
9.990300000000000000e+04
1.063000000000000000e+03
1.324650000000000000e+05
5.226100000000000000e+04
2.624700000000000000e+04
6.000800000000000000e+04
8.652300000000000000e+04
4.259000000000000000e+04
4.040200000000000000e+04
6.503600000000000000e+04
9.465200000000000000e+04
1.062960000000000000e+05
1.044140000000000000e+05
1.433210000000000000e+05
1.654020000000000000e+05
3.309100000000000000e+04
8.009000000000000000e+03
1.221860000000000000e+05
1.072470000000000000e+05
1.061080000000000000e+05
9.059900000000000000e+04
2.557900000000000000e+04
7.510600000000000000e+04
5.068000000000000000e+03
4.457500000000000000e+04
8.163500000000000000e+04
5.069900000000000000e+04
4.979600000000000000e+04
2.557100000000000000e+04
1.677830000000000000e+05
1.493730000000000000e+05
2.359500000000000000e+04
1.372270000000000000e+05
1.483200000000000000e+04
1.409330000000000000e+05
9.268300000000000000e+04
1.416040000000000000e+05
5.255900000000000000e+04
7.638300000000000000e+04
6.700500000000000000e+04
6.925900000000000000e+04
9.289800000000000000e+04
1.027400000000000000e+04
9.899800000000000000e+04
1.439260000000000000e+05
5.260400000000000000e+04
1.000610000000000000e+05
1.237150000000000000e+05
4.481800000000000000e+04
8.512300000000000000e+04
2.279700000000000000e+04
2.672000000000000000e+04
4.975000000000000000e+04
5.175700000000000000e+04
1.509950000000000000e+05
2.973800000000000000e+04
7.706700000000000000e+04
9.466400000000000000e+04
1.533200000000000000e+05
8.512100000000000000e+04
1.460480000000000000e+05
1.181160000000000000e+05
8.877900000000000000e+04
1.964200000000000000e+04
2.321200000000000000e+04
1.528870000000000000e+05
1.392530000000000000e+05
9.755900000000000000e+04
1.257510000000000000e+05
1.656260000000000000e+05
1.557070000000000000e+05
1.347000000000000000e+03
1.360400000000000000e+04
5.238800000000000000e+04
9.323000000000000000e+03
1.618800000000000000e+05
7.615200000000000000e+04
1.399760000000000000e+05
2.048900000000000000e+04
6.988000000000000000e+03
9.852900000000000000e+04
1.068390000000000000e+05
3.941900000000000000e+04
4.670500000000000000e+04
8.226000000000000000e+04
1.294480000000000000e+05
4.848600000000000000e+04
1.477430000000000000e+05
1.550800000000000000e+05
1.337190000000000000e+05
3.015300000000000000e+04
1.403430000000000000e+05
1.180200000000000000e+05
1.012490000000000000e+05
1.673590000000000000e+05
1.568620000000000000e+05
2.558800000000000000e+04
4.263000000000000000e+04
1.128930000000000000e+05
1.112580000000000000e+05
4.659700000000000000e+04
1.211380000000000000e+05
1.105840000000000000e+05
1.037740000000000000e+05
1.644130000000000000e+05
8.498500000000000000e+04
9.536400000000000000e+04
1.160860000000000000e+05
7.473400000000000000e+04
9.611600000000000000e+04
2.274000000000000000e+04
1.016450000000000000e+05
1.178350000000000000e+05
1.659190000000000000e+05
1.545220000000000000e+05
1.578530000000000000e+05
4.385000000000000000e+04
1.042180000000000000e+05
1.237580000000000000e+05
1.277450000000000000e+05
1.005850000000000000e+05
1.401520000000000000e+05
8.951700000000000000e+04
1.522990000000000000e+05
1.530260000000000000e+05
4.542800000000000000e+04
1.098050000000000000e+05
9.650000000000000000e+02
8.421300000000000000e+04
5.577500000000000000e+04
1.081660000000000000e+05
9.085400000000000000e+04
1.543620000000000000e+05
1.663230000000000000e+05
1.009420000000000000e+05
2.131600000000000000e+04
8.643000000000000000e+03
5.227900000000000000e+04
1.237710000000000000e+05
9.096000000000000000e+03
1.272820000000000000e+05
1.620410000000000000e+05
6.128800000000000000e+04
4.755700000000000000e+04
1.467780000000000000e+05
9.717100000000000000e+04
1.119600000000000000e+04
6.707300000000000000e+04
1.314000000000000000e+05
1.466700000000000000e+05
1.232600000000000000e+04
3.098100000000000000e+04
1.560740000000000000e+05
5.986700000000000000e+04
6.301900000000000000e+04
2.358500000000000000e+04
7.243100000000000000e+04
2.202000000000000000e+03
1.555370000000000000e+05
7.095000000000000000e+04
3.956600000000000000e+04
1.928000000000000000e+04
1.207320000000000000e+05
4.447500000000000000e+04
7.454800000000000000e+04
3.920900000000000000e+04
1.550610000000000000e+05
2.686700000000000000e+04
1.285000000000000000e+03
1.084480000000000000e+05
8.166900000000000000e+04
6.622500000000000000e+04
1.271070000000000000e+05
1.647450000000000000e+05
4.088900000000000000e+04
1.229320000000000000e+05
2.874200000000000000e+04
5.076500000000000000e+04
1.355400000000000000e+04
9.714000000000000000e+04
1.114930000000000000e+05
1.373660000000000000e+05
1.331920000000000000e+05
6.615000000000000000e+03
1.531930000000000000e+05
1.474440000000000000e+05
8.868500000000000000e+04
1.434210000000000000e+05
8.608500000000000000e+04
1.238490000000000000e+05
4.537700000000000000e+04
1.006320000000000000e+05
6.509800000000000000e+04
1.655250000000000000e+05
9.298800000000000000e+04
1.220290000000000000e+05
9.630700000000000000e+04
1.770000000000000000e+02
1.537210000000000000e+05
6.653400000000000000e+04
1.625870000000000000e+05
1.742200000000000000e+04
1.389140000000000000e+05
1.273340000000000000e+05
1.653640000000000000e+05
4.814300000000000000e+04
1.052660000000000000e+05
3.466100000000000000e+04
1.367330000000000000e+05
1.278750000000000000e+05
1.384430000000000000e+05
3.849700000000000000e+04
9.499300000000000000e+04
8.115600000000000000e+04
9.583400000000000000e+04
7.425200000000000000e+04
1.200040000000000000e+05
9.241900000000000000e+04
2.508900000000000000e+04
1.490420000000000000e+05
4.862800000000000000e+04
1.225950000000000000e+05
1.164780000000000000e+05
5.758000000000000000e+04
1.399650000000000000e+05
1.048640000000000000e+05
1.521000000000000000e+03
4.350400000000000000e+04
1.192200000000000000e+05
5.785900000000000000e+04
1.676900000000000000e+04
2.246800000000000000e+04
1.357310000000000000e+05
1.261070000000000000e+05
9.357100000000000000e+04
6.316700000000000000e+04
3.518800000000000000e+04
3.250700000000000000e+04
4.732200000000000000e+04
6.863300000000000000e+04
4.429400000000000000e+04
2.516800000000000000e+04
1.362430000000000000e+05
1.502110000000000000e+05
6.937000000000000000e+04
1.253650000000000000e+05
4.344000000000000000e+04
1.433030000000000000e+05
4.711200000000000000e+04
1.097360000000000000e+05
1.250260000000000000e+05
1.102450000000000000e+05
3.278000000000000000e+04
1.664850000000000000e+05
3.131000000000000000e+04
4.301500000000000000e+04
1.216110000000000000e+05
8.536400000000000000e+04
8.850400000000000000e+04
1.370730000000000000e+05
8.110700000000000000e+04
1.558170000000000000e+05
1.410080000000000000e+05
7.339600000000000000e+04
4.720300000000000000e+04
6.994700000000000000e+04
1.656500000000000000e+05
4.862700000000000000e+04
1.613800000000000000e+04
1.272080000000000000e+05
6.600900000000000000e+04
3.386000000000000000e+03
1.675230000000000000e+05
1.427560000000000000e+05
3.772700000000000000e+04
1.271400000000000000e+04
7.128100000000000000e+04
3.114500000000000000e+04
1.497960000000000000e+05
7.144500000000000000e+04
9.876900000000000000e+04
1.078740000000000000e+05
8.114400000000000000e+04
5.606600000000000000e+04
2.089200000000000000e+04
4.659400000000000000e+04
1.670050000000000000e+05
1.264900000000000000e+05
3.340600000000000000e+04
1.444200000000000000e+04
9.832600000000000000e+04
9.465000000000000000e+04
1.003670000000000000e+05
7.109100000000000000e+04
1.667380000000000000e+05
8.955700000000000000e+04
8.180000000000000000e+03
1.028610000000000000e+05
1.543030000000000000e+05
1.172000000000000000e+05
1.270130000000000000e+05
2.785300000000000000e+04
8.018700000000000000e+04
1.672830000000000000e+05
5.106600000000000000e+04
8.826000000000000000e+03
1.280870000000000000e+05
1.363880000000000000e+05
1.139180000000000000e+05
9.814000000000000000e+04
1.472850000000000000e+05
3.933400000000000000e+04
3.510100000000000000e+04
1.017790000000000000e+05
5.464200000000000000e+04
1.145080000000000000e+05
7.124400000000000000e+04
4.189400000000000000e+04
1.385870000000000000e+05
5.414500000000000000e+04
4.713900000000000000e+04
1.473400000000000000e+05
9.745100000000000000e+04
1.472940000000000000e+05
1.124560000000000000e+05
9.385300000000000000e+04
4.220300000000000000e+04
1.041350000000000000e+05
5.111900000000000000e+04
7.707400000000000000e+04
1.493310000000000000e+05
1.149430000000000000e+05
6.953000000000000000e+04
6.774500000000000000e+04
4.757200000000000000e+04
6.556600000000000000e+04
8.881200000000000000e+04
1.009820000000000000e+05
6.551000000000000000e+04
6.702700000000000000e+04
6.044100000000000000e+04
2.754800000000000000e+04
1.678110000000000000e+05
1.092410000000000000e+05
9.789500000000000000e+04
1.321290000000000000e+05
1.323270000000000000e+05
1.372010000000000000e+05
1.005960000000000000e+05
1.050570000000000000e+05
3.532600000000000000e+04
7.169700000000000000e+04
1.288820000000000000e+05
1.627910000000000000e+05
1.184500000000000000e+04
1.012230000000000000e+05
7.444300000000000000e+04
1.145790000000000000e+05
6.300000000000000000e+01
1.531830000000000000e+05
2.155800000000000000e+04
4.652100000000000000e+04
1.230190000000000000e+05
1.294620000000000000e+05
1.540830000000000000e+05
1.010400000000000000e+04
1.367870000000000000e+05
2.044200000000000000e+04
4.996400000000000000e+04
7.562800000000000000e+04
7.830400000000000000e+04
1.040740000000000000e+05
7.004800000000000000e+04
1.262430000000000000e+05
1.575570000000000000e+05
8.983900000000000000e+04
1.613130000000000000e+05
1.402050000000000000e+05
1.128530000000000000e+05
3.381600000000000000e+04
1.279820000000000000e+05
5.288200000000000000e+04
1.377060000000000000e+05
1.201610000000000000e+05
5.678600000000000000e+04
2.743200000000000000e+04
1.126450000000000000e+05
1.332450000000000000e+05
5.320200000000000000e+04
1.235020000000000000e+05
9.089800000000000000e+04
6.684500000000000000e+04
4.707600000000000000e+04
1.518510000000000000e+05
1.056490000000000000e+05
1.519600000000000000e+05
6.364800000000000000e+04
1.459350000000000000e+05
1.406460000000000000e+05
2.595100000000000000e+04
3.770800000000000000e+04
2.910700000000000000e+04
1.047640000000000000e+05
5.877600000000000000e+04
1.379380000000000000e+05
3.762500000000000000e+04
8.793200000000000000e+04
1.200200000000000000e+04
6.720500000000000000e+04
4.144300000000000000e+04
1.587900000000000000e+04
1.368220000000000000e+05
1.647700000000000000e+04
1.668210000000000000e+05
9.011200000000000000e+04
8.336600000000000000e+04
1.539840000000000000e+05
1.637890000000000000e+05
8.126200000000000000e+04
9.118800000000000000e+04
4.411100000000000000e+04
1.322430000000000000e+05
9.788600000000000000e+04
1.652910000000000000e+05
7.198000000000000000e+04
1.602970000000000000e+05
1.650970000000000000e+05
1.350800000000000000e+05
1.160720000000000000e+05
1.446190000000000000e+05
3.600000000000000000e+01
1.419220000000000000e+05
3.502500000000000000e+04
3.116000000000000000e+03
1.652390000000000000e+05
3.822800000000000000e+04
1.589540000000000000e+05
6.195200000000000000e+04
7.010500000000000000e+04
1.212220000000000000e+05
5.023400000000000000e+04
6.197800000000000000e+04
8.694100000000000000e+04
1.050870000000000000e+05
5.261300000000000000e+04
5.870600000000000000e+04
1.484650000000000000e+05
1.683100000000000000e+04
8.351000000000000000e+04
1.328050000000000000e+05
1.059470000000000000e+05
9.273900000000000000e+04
1.439690000000000000e+05
1.114600000000000000e+05
1.045250000000000000e+05
9.497100000000000000e+04
2.341200000000000000e+04
1.620830000000000000e+05
5.101200000000000000e+04
1.038130000000000000e+05
1.562400000000000000e+04
1.044680000000000000e+05
1.693030000000000000e+05
1.223870000000000000e+05
3.058400000000000000e+04
1.351500000000000000e+04
2.087700000000000000e+04
1.610100000000000000e+05
1.693160000000000000e+05
3.586300000000000000e+04
1.204660000000000000e+05
1.115980000000000000e+05
5.297900000000000000e+04
1.140230000000000000e+05
9.167700000000000000e+04
8.613600000000000000e+04
7.966100000000000000e+04
1.041400000000000000e+05
8.128800000000000000e+04
1.388300000000000000e+04
1.613290000000000000e+05
1.010630000000000000e+05
4.278400000000000000e+04
8.212800000000000000e+04
1.204280000000000000e+05
6.714200000000000000e+04
1.014890000000000000e+05
1.105020000000000000e+05
1.371360000000000000e+05
9.814900000000000000e+04
4.958000000000000000e+04
3.733400000000000000e+04
5.004700000000000000e+04
1.384620000000000000e+05
1.239070000000000000e+05
1.225730000000000000e+05
9.035600000000000000e+04
9.557000000000000000e+03
1.557290000000000000e+05
4.690000000000000000e+02
1.642150000000000000e+05
1.330200000000000000e+04
4.807000000000000000e+04
4.044900000000000000e+04
6.194300000000000000e+04
1.566950000000000000e+05
1.567980000000000000e+05
6.098100000000000000e+04
1.721400000000000000e+04
1.067450000000000000e+05
1.494970000000000000e+05
5.006600000000000000e+04
9.282900000000000000e+04
9.500000000000000000e+04
6.958700000000000000e+04
9.696900000000000000e+04
1.588800000000000000e+05
9.813900000000000000e+04
3.765100000000000000e+04
1.323830000000000000e+05
1.051910000000000000e+05
9.755700000000000000e+04
1.624220000000000000e+05
2.742000000000000000e+04
6.776100000000000000e+04
6.572000000000000000e+04
1.573980000000000000e+05
7.038000000000000000e+03
1.291250000000000000e+05
1.117610000000000000e+05
1.585700000000000000e+04
2.624600000000000000e+04
1.661250000000000000e+05
1.504230000000000000e+05
5.791000000000000000e+03
6.302600000000000000e+04
3.143700000000000000e+04
3.135200000000000000e+04
1.865800000000000000e+04
1.278980000000000000e+05
4.179000000000000000e+03
4.865600000000000000e+04
4.270500000000000000e+04
1.577000000000000000e+03
1.452100000000000000e+05
9.192700000000000000e+04
1.442000000000000000e+03
3.134900000000000000e+04
2.957100000000000000e+04
7.654900000000000000e+04
5.379200000000000000e+04
1.683840000000000000e+05
1.616640000000000000e+05
1.435080000000000000e+05
1.504200000000000000e+05
2.511600000000000000e+04
7.694400000000000000e+04
1.210580000000000000e+05
2.574400000000000000e+04
1.390310000000000000e+05
6.130700000000000000e+04
1.526380000000000000e+05
8.496600000000000000e+04
8.167100000000000000e+04
8.473300000000000000e+04
7.302600000000000000e+04
7.991000000000000000e+03
4.689400000000000000e+04
1.105900000000000000e+04
1.026300000000000000e+05
1.063230000000000000e+05
1.749900000000000000e+04
7.241900000000000000e+04
1.521450000000000000e+05
9.408700000000000000e+04
9.863000000000000000e+03
5.238000000000000000e+03
4.914600000000000000e+04
9.969800000000000000e+04
1.370490000000000000e+05
1.496730000000000000e+05
7.321200000000000000e+04
1.408530000000000000e+05
8.617300000000000000e+04
1.637340000000000000e+05
1.059540000000000000e+05
5.077500000000000000e+04
1.501530000000000000e+05
1.076300000000000000e+04
8.162400000000000000e+04
7.729900000000000000e+04
1.070640000000000000e+05
4.778500000000000000e+04
1.532800000000000000e+04
1.266770000000000000e+05
3.821900000000000000e+04
7.020500000000000000e+04
4.672300000000000000e+04
9.517800000000000000e+04
9.684400000000000000e+04
1.399510000000000000e+05
3.737900000000000000e+04
1.688550000000000000e+05
3.577700000000000000e+04
1.424710000000000000e+05
9.359000000000000000e+04
1.254780000000000000e+05
1.147070000000000000e+05
1.103840000000000000e+05
3.951800000000000000e+04
7.342000000000000000e+03
5.393900000000000000e+04
1.586530000000000000e+05
2.261600000000000000e+04
1.344330000000000000e+05
1.166510000000000000e+05
1.856100000000000000e+04
1.322800000000000000e+05
1.291200000000000000e+05
6.792300000000000000e+04
1.180630000000000000e+05
2.170200000000000000e+04
5.854400000000000000e+04
4.248000000000000000e+04
5.681300000000000000e+04
1.085540000000000000e+05
2.969200000000000000e+04
1.575140000000000000e+05
2.883900000000000000e+04
1.542130000000000000e+05
1.074990000000000000e+05
8.913800000000000000e+04
1.626630000000000000e+05
1.073570000000000000e+05
8.289200000000000000e+04
1.108700000000000000e+05
3.849500000000000000e+04
7.622200000000000000e+04
1.305910000000000000e+05
1.226740000000000000e+05
1.628000000000000000e+04
4.653400000000000000e+04
1.674790000000000000e+05
4.763600000000000000e+04
8.323500000000000000e+04
4.078400000000000000e+04
1.701600000000000000e+04
9.715500000000000000e+04
5.743300000000000000e+04
9.259300000000000000e+04
9.274900000000000000e+04
2.598600000000000000e+04
1.301970000000000000e+05
4.657800000000000000e+04
1.610000000000000000e+03
1.405600000000000000e+04
1.094040000000000000e+05
1.325390000000000000e+05
1.359120000000000000e+05
1.467800000000000000e+04
8.051700000000000000e+04
4.334200000000000000e+04
1.493570000000000000e+05
4.704800000000000000e+04
1.091760000000000000e+05
6.570600000000000000e+04
1.431700000000000000e+05
6.340500000000000000e+04
1.160000000000000000e+04
8.521000000000000000e+03
8.744600000000000000e+04
1.324520000000000000e+05
6.378900000000000000e+04
6.793900000000000000e+04
1.300570000000000000e+05
8.210800000000000000e+04
7.293000000000000000e+03
1.005320000000000000e+05
8.372000000000000000e+03
1.349000000000000000e+03
1.600350000000000000e+05
3.555200000000000000e+04
1.532100000000000000e+05
8.904200000000000000e+04
7.138000000000000000e+04
4.405600000000000000e+04
1.234900000000000000e+04
1.519810000000000000e+05
6.560100000000000000e+04
4.319800000000000000e+04
6.358700000000000000e+04
5.463100000000000000e+04
3.144300000000000000e+04
5.495300000000000000e+04
1.523290000000000000e+05
1.998000000000000000e+04
7.879800000000000000e+04
1.196990000000000000e+05
7.944000000000000000e+04
8.679200000000000000e+04
1.059150000000000000e+05
6.342600000000000000e+04
7.970500000000000000e+04
7.535100000000000000e+04
5.771200000000000000e+04
7.591200000000000000e+04
1.455990000000000000e+05
9.607000000000000000e+03
7.590000000000000000e+04
4.712000000000000000e+04
1.446610000000000000e+05
8.397000000000000000e+03
1.674210000000000000e+05
1.207100000000000000e+05
1.674380000000000000e+05
6.753600000000000000e+04
1.283170000000000000e+05
4.205500000000000000e+04
6.260600000000000000e+04
1.963000000000000000e+04
4.700200000000000000e+04
1.308000000000000000e+03
3.542100000000000000e+04
9.422400000000000000e+04
1.746600000000000000e+04
1.022820000000000000e+05
1.424500000000000000e+04
1.544410000000000000e+05
3.981700000000000000e+04
5.960000000000000000e+02
7.058100000000000000e+04
1.398510000000000000e+05
4.915200000000000000e+04
1.140710000000000000e+05
1.312060000000000000e+05
5.801000000000000000e+03
4.852400000000000000e+04
4.145700000000000000e+04
1.134280000000000000e+05
1.394480000000000000e+05
3.960000000000000000e+02
1.367050000000000000e+05
1.257190000000000000e+05
1.543320000000000000e+05
2.563000000000000000e+03
6.332900000000000000e+04
9.612700000000000000e+04
2.849700000000000000e+04
8.336800000000000000e+04
1.586600000000000000e+04
2.871000000000000000e+04
1.244400000000000000e+04
1.442260000000000000e+05
4.262600000000000000e+04
1.165000000000000000e+05
8.624100000000000000e+04
1.246020000000000000e+05
9.443300000000000000e+04
2.746400000000000000e+04
1.420510000000000000e+05
6.003700000000000000e+04
9.800500000000000000e+04
4.203300000000000000e+04
3.264900000000000000e+04
1.458690000000000000e+05
1.126590000000000000e+05
1.286350000000000000e+05
1.561770000000000000e+05
3.346600000000000000e+04
2.519000000000000000e+04
8.880900000000000000e+04
1.021480000000000000e+05
1.415520000000000000e+05
1.317480000000000000e+05
8.675600000000000000e+04
2.804700000000000000e+04
8.409500000000000000e+04
5.794000000000000000e+04
4.952500000000000000e+04
8.316300000000000000e+04
8.689900000000000000e+04
1.613430000000000000e+05
5.927200000000000000e+04
6.655500000000000000e+04
1.457880000000000000e+05
6.187000000000000000e+04
1.464780000000000000e+05
8.851900000000000000e+04
4.974300000000000000e+04
7.591500000000000000e+04
1.152410000000000000e+05
6.527000000000000000e+04
1.980200000000000000e+04
8.537500000000000000e+04
8.037800000000000000e+04
9.284100000000000000e+04
1.396680000000000000e+05
1.128000000000000000e+05
1.511650000000000000e+05
1.258330000000000000e+05
6.620000000000000000e+03
7.487600000000000000e+04
1.220000000000000000e+04
1.495200000000000000e+04
5.955200000000000000e+04
1.471160000000000000e+05
9.868100000000000000e+04
5.061900000000000000e+04
1.980000000000000000e+04
9.820000000000000000e+02
7.074000000000000000e+04
6.498900000000000000e+04
1.367630000000000000e+05
5.253000000000000000e+03
6.588800000000000000e+04
5.999500000000000000e+04
1.504710000000000000e+05
3.957800000000000000e+04
4.393500000000000000e+04
1.256700000000000000e+05
2.265200000000000000e+04
2.847600000000000000e+04
2.942800000000000000e+04
1.235150000000000000e+05
6.885100000000000000e+04
2.859200000000000000e+04
1.469580000000000000e+05
1.444130000000000000e+05
1.015770000000000000e+05
1.072800000000000000e+05
5.250000000000000000e+02
8.552000000000000000e+03
6.204500000000000000e+04
1.418600000000000000e+05
2.950700000000000000e+04
5.114100000000000000e+04
7.572000000000000000e+04
1.261400000000000000e+05
8.078400000000000000e+04
2.218400000000000000e+04
4.728100000000000000e+04
1.005710000000000000e+05
1.261280000000000000e+05
8.546800000000000000e+04
1.420900000000000000e+04
8.321200000000000000e+04
1.120590000000000000e+05
2.496400000000000000e+04
8.055300000000000000e+04
1.691360000000000000e+05
4.340600000000000000e+04
2.336900000000000000e+04
3.404100000000000000e+04
1.654180000000000000e+05
2.658600000000000000e+04
6.441100000000000000e+04
1.760600000000000000e+04
1.616260000000000000e+05
1.561760000000000000e+05
1.471990000000000000e+05
1.179890000000000000e+05
1.827500000000000000e+04
1.359840000000000000e+05
1.389660000000000000e+05
9.008400000000000000e+04
1.649810000000000000e+05
1.354040000000000000e+05
1.276500000000000000e+05
9.557500000000000000e+04
1.361900000000000000e+05
4.905600000000000000e+04
2.132200000000000000e+04
1.095710000000000000e+05
9.866000000000000000e+03
1.352580000000000000e+05
1.948300000000000000e+04
1.339760000000000000e+05
2.780100000000000000e+04
2.629400000000000000e+04
1.317450000000000000e+05
3.968700000000000000e+04
1.174760000000000000e+05
5.799000000000000000e+04
1.485930000000000000e+05
5.213000000000000000e+04
1.683320000000000000e+05
8.413000000000000000e+04
5.867700000000000000e+04
4.959600000000000000e+04
1.025110000000000000e+05
4.940000000000000000e+02
1.493380000000000000e+05
1.393600000000000000e+04
5.819400000000000000e+04
4.216700000000000000e+04
1.203600000000000000e+05
1.205800000000000000e+05
1.222400000000000000e+04
1.649130000000000000e+05
7.037600000000000000e+04
5.284000000000000000e+03
5.569800000000000000e+04
6.704300000000000000e+04
1.046020000000000000e+05
1.338320000000000000e+05
1.004000000000000000e+04
1.415070000000000000e+05
4.700400000000000000e+04
5.691400000000000000e+04
7.544100000000000000e+04
4.254500000000000000e+04
1.554940000000000000e+05
4.788600000000000000e+04
7.820500000000000000e+04
1.387730000000000000e+05
1.158910000000000000e+05
4.017200000000000000e+04
1.005130000000000000e+05
8.637500000000000000e+04
3.175700000000000000e+04
6.590100000000000000e+04
1.360580000000000000e+05
4.570000000000000000e+02
4.843000000000000000e+04
4.693800000000000000e+04
1.677030000000000000e+05
4.853000000000000000e+03
6.253600000000000000e+04
2.264800000000000000e+04
1.123990000000000000e+05
3.815500000000000000e+04
1.065910000000000000e+05
5.828600000000000000e+04
4.882000000000000000e+03
2.703500000000000000e+04
8.554500000000000000e+04
5.713600000000000000e+04
6.370800000000000000e+04
1.199730000000000000e+05
1.146820000000000000e+05
1.976300000000000000e+04
5.441100000000000000e+04
4.458800000000000000e+04
7.787700000000000000e+04
3.755300000000000000e+04
3.579300000000000000e+04
1.170000000000000000e+05
1.203520000000000000e+05
8.550400000000000000e+04
7.968000000000000000e+04
6.618900000000000000e+04
7.122000000000000000e+04
1.184380000000000000e+05
4.205300000000000000e+04
1.625900000000000000e+04
2.825400000000000000e+04
6.229900000000000000e+04
4.943100000000000000e+04
6.021500000000000000e+04
1.390520000000000000e+05
1.536950000000000000e+05
1.442990000000000000e+05
1.898300000000000000e+04
5.529700000000000000e+04
5.951000000000000000e+03
4.057900000000000000e+04
9.839500000000000000e+04
5.434000000000000000e+03
1.312890000000000000e+05
1.338790000000000000e+05
1.657710000000000000e+05
3.866700000000000000e+04
8.467200000000000000e+04
5.540000000000000000e+04
1.552580000000000000e+05
6.926000000000000000e+03
1.692200000000000000e+04
1.041300000000000000e+05
1.040010000000000000e+05
7.621000000000000000e+04
1.060500000000000000e+05
8.262700000000000000e+04
9.557000000000000000e+04
1.090000000000000000e+02
1.251080000000000000e+05
7.361400000000000000e+04
1.258440000000000000e+05
4.412300000000000000e+04
1.218870000000000000e+05
1.508700000000000000e+05
1.134010000000000000e+05
6.096900000000000000e+04
1.563070000000000000e+05
1.054130000000000000e+05
7.987400000000000000e+04
1.645530000000000000e+05
4.020100000000000000e+04
1.623270000000000000e+05
7.075000000000000000e+03
1.405770000000000000e+05
6.060300000000000000e+04
1.335410000000000000e+05
7.304400000000000000e+04
1.450910000000000000e+05
8.826100000000000000e+04
9.116800000000000000e+04
1.443050000000000000e+05
6.404400000000000000e+04
1.256000000000000000e+04
7.500200000000000000e+04
3.546400000000000000e+04
1.644710000000000000e+05
1.307230000000000000e+05
5.806100000000000000e+04
4.622400000000000000e+04
7.067800000000000000e+04
4.930900000000000000e+04
1.591950000000000000e+05
3.836100000000000000e+04
1.509140000000000000e+05
1.965300000000000000e+04
6.721500000000000000e+04
9.663700000000000000e+04
1.126690000000000000e+05
8.863400000000000000e+04
2.990000000000000000e+03
1.195900000000000000e+04
8.207700000000000000e+04
1.654950000000000000e+05
1.184300000000000000e+04
7.781000000000000000e+04
6.171200000000000000e+04
2.607800000000000000e+04
1.664800000000000000e+04
7.703300000000000000e+04
1.684890000000000000e+05
1.153930000000000000e+05
1.302340000000000000e+05
1.369790000000000000e+05
1.114110000000000000e+05
1.043860000000000000e+05
1.216320000000000000e+05
1.069070000000000000e+05
1.110880000000000000e+05
1.357730000000000000e+05
9.233000000000000000e+03
9.956500000000000000e+04
6.123400000000000000e+04
1.025780000000000000e+05
8.768900000000000000e+04
1.070710000000000000e+05
1.727600000000000000e+04
1.531080000000000000e+05
9.460800000000000000e+04
7.873300000000000000e+04
9.431100000000000000e+04
1.592310000000000000e+05
9.181100000000000000e+04
7.322700000000000000e+04
3.784300000000000000e+04
1.186570000000000000e+05
8.789500000000000000e+04
7.231000000000000000e+03
1.545920000000000000e+05
1.080710000000000000e+05
1.052470000000000000e+05
1.486130000000000000e+05
1.446630000000000000e+05
6.792200000000000000e+04
8.458700000000000000e+04
8.884100000000000000e+04
1.676120000000000000e+05
7.621700000000000000e+04
1.520020000000000000e+05
2.008600000000000000e+04
1.076780000000000000e+05
1.490610000000000000e+05
1.098210000000000000e+05
2.397600000000000000e+04
3.528800000000000000e+04
1.225440000000000000e+05
7.970400000000000000e+04
1.468570000000000000e+05
4.169300000000000000e+04
7.199300000000000000e+04
3.537000000000000000e+03
1.480050000000000000e+05
9.182200000000000000e+04
8.505400000000000000e+04
9.531100000000000000e+04
6.516600000000000000e+04
9.878900000000000000e+04
1.154900000000000000e+04
1.561590000000000000e+05
1.334480000000000000e+05
3.589100000000000000e+04
1.468500000000000000e+05
1.060400000000000000e+05
6.262500000000000000e+04
1.332060000000000000e+05
1.359680000000000000e+05
2.392400000000000000e+04
1.528200000000000000e+05
2.550000000000000000e+04
1.580340000000000000e+05
5.726700000000000000e+04
1.225060000000000000e+05
4.199000000000000000e+04
8.200000000000000000e+02
5.122300000000000000e+04
1.194350000000000000e+05
4.023000000000000000e+04
1.019110000000000000e+05
1.533770000000000000e+05
4.861800000000000000e+04
1.449550000000000000e+05
3.900800000000000000e+04
3.588200000000000000e+04
1.327000000000000000e+04
7.757100000000000000e+04
1.656590000000000000e+05
1.019440000000000000e+05
1.431410000000000000e+05
9.634500000000000000e+04
9.956900000000000000e+04
3.675700000000000000e+04
1.308520000000000000e+05
1.247740000000000000e+05
1.808000000000000000e+04
1.463900000000000000e+05
1.573120000000000000e+05
2.039000000000000000e+04
1.148620000000000000e+05
2.828000000000000000e+04
5.989200000000000000e+04
3.630800000000000000e+04
1.030470000000000000e+05
9.942600000000000000e+04
7.351100000000000000e+04
2.692500000000000000e+04
6.597000000000000000e+04
1.627680000000000000e+05
1.049670000000000000e+05
1.590160000000000000e+05
3.069900000000000000e+04
3.984200000000000000e+04
6.623800000000000000e+04
1.196050000000000000e+05
4.010400000000000000e+04
7.589200000000000000e+04
7.702700000000000000e+04
1.179580000000000000e+05
5.324700000000000000e+04
1.048900000000000000e+04
1.372710000000000000e+05
4.122400000000000000e+04
5.268800000000000000e+04
7.471400000000000000e+04
6.000000000000000000e+04
9.883800000000000000e+04
3.759900000000000000e+04
1.394960000000000000e+05
1.208990000000000000e+05
1.216600000000000000e+04
1.458580000000000000e+05
1.218600000000000000e+05
5.018000000000000000e+03
3.953100000000000000e+04
2.065000000000000000e+04
1.358410000000000000e+05
9.797400000000000000e+04
5.946100000000000000e+04
6.994800000000000000e+04
4.125600000000000000e+04
9.096500000000000000e+04
4.061500000000000000e+04
9.309000000000000000e+03
2.067400000000000000e+04
1.514970000000000000e+05
7.505500000000000000e+04
8.874500000000000000e+04
8.357100000000000000e+04
1.631570000000000000e+05
1.500080000000000000e+05
1.826600000000000000e+04
5.761600000000000000e+04
1.153440000000000000e+05
1.311700000000000000e+05
1.195950000000000000e+05
1.617290000000000000e+05
3.827900000000000000e+04
3.848100000000000000e+04
1.509670000000000000e+05
6.838200000000000000e+04
5.983700000000000000e+04
4.220000000000000000e+03
2.467300000000000000e+04
1.325910000000000000e+05
1.207740000000000000e+05
8.839000000000000000e+04
1.418760000000000000e+05
3.444200000000000000e+04
3.734700000000000000e+04
1.194300000000000000e+04
7.630100000000000000e+04
1.362400000000000000e+04
3.539800000000000000e+04
1.165320000000000000e+05
1.218060000000000000e+05
3.339800000000000000e+04
8.999600000000000000e+04
1.509780000000000000e+05
1.063340000000000000e+05
2.834500000000000000e+04
4.827600000000000000e+04
7.804900000000000000e+04
1.158380000000000000e+05
7.190200000000000000e+04
8.537200000000000000e+04
2.953800000000000000e+04
1.304870000000000000e+05
1.664230000000000000e+05
1.519890000000000000e+05
1.531170000000000000e+05
1.525660000000000000e+05
7.403800000000000000e+04
1.313670000000000000e+05
1.186290000000000000e+05
4.330500000000000000e+04
5.535600000000000000e+04
1.035230000000000000e+05
1.470090000000000000e+05
4.149400000000000000e+04
1.205700000000000000e+05
6.100200000000000000e+04
1.205190000000000000e+05
1.376900000000000000e+04
1.212990000000000000e+05
8.619700000000000000e+04
1.364170000000000000e+05
1.390840000000000000e+05
1.051140000000000000e+05
2.464600000000000000e+04
6.882000000000000000e+03
7.407400000000000000e+04
1.133250000000000000e+05
1.239800000000000000e+05
1.351920000000000000e+05
7.361500000000000000e+04
1.615100000000000000e+04
1.420690000000000000e+05
1.634290000000000000e+05
1.518420000000000000e+05
6.129500000000000000e+04
9.227400000000000000e+04
1.436900000000000000e+05
4.326900000000000000e+04
5.851600000000000000e+04
1.245160000000000000e+05
4.220200000000000000e+04
2.731000000000000000e+03
7.954200000000000000e+04
3.268900000000000000e+04
1.137750000000000000e+05
8.659900000000000000e+04
1.516100000000000000e+04
8.210500000000000000e+04
3.710700000000000000e+04
1.567150000000000000e+05
1.556150000000000000e+05
1.305390000000000000e+05
1.065000000000000000e+04
9.750400000000000000e+04
1.669950000000000000e+05
1.563180000000000000e+05
1.052990000000000000e+05
1.230010000000000000e+05
1.210290000000000000e+05
1.310560000000000000e+05
4.374700000000000000e+04
1.643430000000000000e+05
1.307100000000000000e+05
2.395500000000000000e+04
2.673100000000000000e+04
5.221200000000000000e+04
6.721600000000000000e+04
2.529200000000000000e+04
1.043230000000000000e+05
1.517400000000000000e+05
1.186680000000000000e+05
1.349000000000000000e+05
1.646690000000000000e+05
2.932100000000000000e+04
7.965400000000000000e+04
1.274970000000000000e+05
7.393200000000000000e+04
3.990200000000000000e+04
2.736700000000000000e+04
4.760300000000000000e+04
1.462000000000000000e+04
7.189500000000000000e+04
3.178300000000000000e+04
1.296700000000000000e+05
1.341050000000000000e+05
1.333100000000000000e+05
5.706300000000000000e+04
2.382400000000000000e+04
1.229540000000000000e+05
9.836100000000000000e+04
6.376400000000000000e+04
4.398000000000000000e+04
1.375340000000000000e+05
1.324450000000000000e+05
1.491640000000000000e+05
1.656940000000000000e+05
4.387700000000000000e+04
1.619100000000000000e+05
1.103170000000000000e+05
1.178400000000000000e+05
1.162240000000000000e+05
8.797500000000000000e+04
1.511240000000000000e+05
1.138740000000000000e+05
5.372400000000000000e+04
1.046400000000000000e+04
3.960500000000000000e+04
2.953000000000000000e+04
1.081780000000000000e+05
1.507110000000000000e+05
1.420300000000000000e+04
6.838000000000000000e+04
4.873700000000000000e+04
3.478500000000000000e+04
5.315600000000000000e+04
1.646390000000000000e+05
1.641480000000000000e+05
9.229600000000000000e+04
6.600800000000000000e+04
1.127720000000000000e+05
1.197200000000000000e+04
1.009510000000000000e+05
6.551700000000000000e+04
1.554310000000000000e+05
1.102520000000000000e+05
2.724500000000000000e+04
5.618400000000000000e+04
1.232060000000000000e+05
1.603130000000000000e+05
1.641000000000000000e+05
1.238850000000000000e+05
1.067860000000000000e+05
1.111930000000000000e+05
1.525800000000000000e+04
6.835200000000000000e+04
1.276800000000000000e+05
7.686900000000000000e+04
1.421370000000000000e+05
1.745200000000000000e+04
1.310830000000000000e+05
1.185850000000000000e+05
9.277000000000000000e+03
1.053930000000000000e+05
1.157500000000000000e+04
1.541610000000000000e+05
2.826600000000000000e+04
6.126000000000000000e+03
1.102260000000000000e+05
1.133650000000000000e+05
9.272800000000000000e+04
1.881500000000000000e+04
3.311000000000000000e+03
1.129800000000000000e+04
7.501500000000000000e+04
9.005700000000000000e+04
7.910700000000000000e+04
2.254100000000000000e+04
1.431400000000000000e+04
2.890200000000000000e+04
9.271800000000000000e+04
2.060100000000000000e+04
1.122610000000000000e+05
2.958400000000000000e+04
1.017520000000000000e+05
1.677410000000000000e+05
1.005340000000000000e+05
7.754900000000000000e+04
1.416350000000000000e+05
3.711900000000000000e+04
1.592280000000000000e+05
7.635000000000000000e+04
9.523100000000000000e+04
5.172000000000000000e+04
1.141130000000000000e+05
1.220980000000000000e+05
1.166290000000000000e+05
7.591000000000000000e+04
3.542300000000000000e+04
1.704100000000000000e+04
4.065400000000000000e+04
1.664300000000000000e+04
1.623570000000000000e+05
6.245700000000000000e+04
1.049010000000000000e+05
1.684360000000000000e+05
1.524770000000000000e+05
7.045000000000000000e+04
1.235500000000000000e+04
7.842400000000000000e+04
1.093530000000000000e+05
1.058000000000000000e+05
6.115000000000000000e+03
6.584100000000000000e+04
9.611700000000000000e+04
3.292600000000000000e+04
4.282400000000000000e+04
1.155510000000000000e+05
1.480150000000000000e+05
1.172070000000000000e+05
8.201200000000000000e+04
3.947600000000000000e+04
1.851600000000000000e+04
1.929000000000000000e+04
1.098060000000000000e+05
9.075200000000000000e+04
1.059200000000000000e+05
1.426910000000000000e+05
1.506940000000000000e+05
1.046630000000000000e+05
1.677810000000000000e+05
8.970700000000000000e+04
6.727000000000000000e+03
1.682600000000000000e+04
2.643400000000000000e+04
1.191700000000000000e+04
8.566800000000000000e+04
2.030400000000000000e+04
3.185400000000000000e+04
7.383200000000000000e+04
1.453690000000000000e+05
6.934200000000000000e+04
8.914000000000000000e+03
7.282400000000000000e+04
5.139900000000000000e+04
2.550400000000000000e+04
5.829000000000000000e+03
1.416740000000000000e+05
7.545800000000000000e+04
1.151300000000000000e+05
1.218570000000000000e+05
6.020100000000000000e+04
5.632700000000000000e+04
1.204680000000000000e+05
1.303310000000000000e+05
9.955200000000000000e+04
1.240910000000000000e+05
5.908600000000000000e+04
1.034190000000000000e+05
7.005000000000000000e+03
6.370200000000000000e+04
5.515000000000000000e+04
9.044200000000000000e+04
7.119800000000000000e+04
4.327200000000000000e+04
9.069100000000000000e+04
1.577890000000000000e+05
3.752600000000000000e+04
7.343400000000000000e+04
1.304010000000000000e+05
3.716800000000000000e+04
1.142490000000000000e+05
1.292200000000000000e+05
9.168800000000000000e+04
6.236500000000000000e+04
3.360300000000000000e+04
1.404230000000000000e+05
1.007670000000000000e+05
9.246200000000000000e+04
7.919700000000000000e+04
2.877900000000000000e+04
1.214710000000000000e+05
1.625190000000000000e+05
4.040800000000000000e+04
3.981100000000000000e+04
8.975100000000000000e+04
8.792300000000000000e+04
4.782200000000000000e+04
9.122600000000000000e+04
9.793500000000000000e+04
1.144990000000000000e+05
1.518550000000000000e+05
1.472070000000000000e+05
5.790900000000000000e+04
9.081600000000000000e+04
2.678600000000000000e+04
8.125900000000000000e+04
1.246430000000000000e+05
5.153800000000000000e+04
1.294690000000000000e+05
3.016800000000000000e+04
9.256400000000000000e+04
5.452200000000000000e+04
4.828800000000000000e+04
1.555950000000000000e+05
1.125100000000000000e+05
1.059270000000000000e+05
5.026800000000000000e+04
1.621000000000000000e+04
5.720700000000000000e+04
8.178500000000000000e+04
1.548390000000000000e+05
1.233600000000000000e+05
1.310980000000000000e+05
1.540030000000000000e+05
1.650550000000000000e+05
1.243850000000000000e+05
1.097500000000000000e+04
1.411150000000000000e+05
1.544050000000000000e+05
1.217040000000000000e+05
6.785300000000000000e+04
4.894300000000000000e+04
1.057110000000000000e+05
1.373220000000000000e+05
1.553170000000000000e+05
9.616400000000000000e+04
9.622200000000000000e+04
1.032990000000000000e+05
4.080100000000000000e+04
2.300000000000000000e+04
1.628980000000000000e+05
7.470000000000000000e+02
6.906400000000000000e+04
3.285800000000000000e+04
1.536480000000000000e+05
9.548600000000000000e+04
4.852500000000000000e+04
1.902100000000000000e+04
6.469300000000000000e+04
1.450760000000000000e+05
1.452560000000000000e+05
1.020280000000000000e+05
1.023300000000000000e+05
1.300840000000000000e+05
5.009900000000000000e+04
1.673410000000000000e+05
1.591470000000000000e+05
1.394050000000000000e+05
3.701200000000000000e+04
1.046050000000000000e+05
6.089100000000000000e+04
1.384530000000000000e+05
9.012000000000000000e+04
8.423800000000000000e+04
5.475600000000000000e+04
2.653000000000000000e+03
1.170150000000000000e+05
1.624200000000000000e+04
6.270600000000000000e+04
1.252440000000000000e+05
9.344200000000000000e+04
9.967900000000000000e+04
2.922600000000000000e+04
6.220200000000000000e+04
1.497050000000000000e+05
1.044320000000000000e+05
7.628900000000000000e+04
7.264500000000000000e+04
1.053000000000000000e+04
1.081390000000000000e+05
4.864300000000000000e+04
1.598240000000000000e+05
3.723600000000000000e+04
9.024700000000000000e+04
4.607700000000000000e+04
9.960500000000000000e+04
8.225000000000000000e+04
3.257300000000000000e+04
1.059820000000000000e+05
8.069800000000000000e+04
6.057900000000000000e+04
1.195400000000000000e+04
7.914700000000000000e+04
4.945100000000000000e+04
8.291000000000000000e+04
1.195360000000000000e+05
4.732400000000000000e+04
1.660860000000000000e+05
5.052000000000000000e+03
1.009890000000000000e+05
3.537900000000000000e+04
1.039620000000000000e+05
1.048500000000000000e+05
1.366200000000000000e+05
5.599000000000000000e+04
9.182600000000000000e+04
2.733000000000000000e+03
4.777000000000000000e+03
1.530490000000000000e+05
9.293200000000000000e+04
1.446750000000000000e+05
1.507030000000000000e+05
1.319250000000000000e+05
1.020430000000000000e+05
8.447100000000000000e+04
1.407300000000000000e+05
1.162530000000000000e+05
3.675600000000000000e+04
1.147820000000000000e+05
5.935700000000000000e+04
1.584150000000000000e+05
1.491100000000000000e+05
3.943600000000000000e+04
8.743400000000000000e+04
4.835900000000000000e+04
1.074760000000000000e+05
1.578790000000000000e+05
7.650500000000000000e+04
3.631000000000000000e+03
1.990500000000000000e+04
7.262300000000000000e+04
1.227200000000000000e+05
4.595800000000000000e+04
1.682800000000000000e+04
1.413690000000000000e+05
6.727600000000000000e+04
3.540300000000000000e+04
1.546100000000000000e+04
1.311330000000000000e+05
1.404460000000000000e+05
1.654030000000000000e+05
9.700000000000000000e+01
1.507210000000000000e+05
1.028070000000000000e+05
1.592850000000000000e+05
1.501160000000000000e+05
3.459900000000000000e+04
9.911000000000000000e+04
5.996400000000000000e+04
2.013000000000000000e+03
1.491530000000000000e+05
3.182100000000000000e+04
1.677400000000000000e+05
1.634580000000000000e+05
7.369400000000000000e+04
5.151400000000000000e+04
8.953400000000000000e+04
1.589110000000000000e+05
1.199500000000000000e+05
6.614000000000000000e+04
5.632200000000000000e+04
7.782500000000000000e+04
5.103600000000000000e+04
4.965000000000000000e+03
1.662090000000000000e+05
