6.470000000000000000e+02
2.286000000000000000e+03
8.260000000000000000e+02
2.490000000000000000e+02
1.824000000000000000e+03
1.409000000000000000e+03
4.000000000000000000e+02
7.930000000000000000e+02
1.280000000000000000e+02
2.185000000000000000e+03
1.500000000000000000e+03
4.190000000000000000e+02
1.897000000000000000e+03
4.510000000000000000e+02
2.184000000000000000e+03
7.000000000000000000e+01
2.256000000000000000e+03
1.828000000000000000e+03
1.290000000000000000e+02
1.826000000000000000e+03
1.630000000000000000e+03
1.960000000000000000e+03
1.032000000000000000e+03
5.870000000000000000e+02
1.113000000000000000e+03
8.440000000000000000e+02
1.630000000000000000e+02
9.710000000000000000e+02
1.978000000000000000e+03
2.062000000000000000e+03
8.010000000000000000e+02
1.455000000000000000e+03
1.827000000000000000e+03
4.480000000000000000e+02
1.320000000000000000e+02
3.490000000000000000e+02
6.710000000000000000e+02
1.190000000000000000e+03
1.902000000000000000e+03
1.953000000000000000e+03
4.790000000000000000e+02
2.374000000000000000e+03
2.380000000000000000e+02
1.168000000000000000e+03
5.410000000000000000e+02
8.030000000000000000e+02
1.387000000000000000e+03
2.375000000000000000e+03
2.070000000000000000e+03
2.069000000000000000e+03
6.940000000000000000e+02
2.100000000000000000e+03
1.314000000000000000e+03
2.497000000000000000e+03
7.370000000000000000e+02
5.590000000000000000e+02
1.880000000000000000e+03
2.491000000000000000e+03
2.481000000000000000e+03
2.284000000000000000e+03
1.237000000000000000e+03
1.549000000000000000e+03
9.350000000000000000e+02
1.184000000000000000e+03
5.140000000000000000e+02
1.267000000000000000e+03
3.880000000000000000e+02
1.414000000000000000e+03
9.400000000000000000e+02
1.415000000000000000e+03
8.780000000000000000e+02
7.020000000000000000e+02
2.060000000000000000e+03
1.354000000000000000e+03
1.930000000000000000e+02
1.060000000000000000e+03
1.180000000000000000e+02
2.644000000000000000e+03
9.000000000000000000e+00
7.230000000000000000e+02
6.340000000000000000e+02
1.650000000000000000e+03
1.183000000000000000e+03
1.578000000000000000e+03
6.760000000000000000e+02
1.131000000000000000e+03
1.594000000000000000e+03
3.600000000000000000e+02
1.313000000000000000e+03
4.680000000000000000e+02
6.100000000000000000e+02
1.543000000000000000e+03
2.200000000000000000e+02
2.326000000000000000e+03
7.530000000000000000e+02
3.930000000000000000e+02
7.770000000000000000e+02
8.800000000000000000e+01
9.890000000000000000e+02
1.537000000000000000e+03
2.590000000000000000e+02
2.537000000000000000e+03
1.170000000000000000e+02
4.780000000000000000e+02
1.277000000000000000e+03
2.510000000000000000e+03
4.100000000000000000e+02
3.440000000000000000e+02
2.528000000000000000e+03
1.368000000000000000e+03
2.363000000000000000e+03
2.660000000000000000e+02
4.900000000000000000e+02
7.200000000000000000e+02
1.974000000000000000e+03
1.478000000000000000e+03
4.720000000000000000e+02
2.269000000000000000e+03
5.780000000000000000e+02
1.122000000000000000e+03
6.680000000000000000e+02
1.979000000000000000e+03
2.553000000000000000e+03
1.956000000000000000e+03
2.103000000000000000e+03
2.102000000000000000e+03
9.950000000000000000e+02
3.000000000000000000e+02
2.024000000000000000e+03
1.882000000000000000e+03
2.270000000000000000e+03
1.309000000000000000e+03
4.240000000000000000e+02
4.460000000000000000e+02
2.112000000000000000e+03
1.898000000000000000e+03
1.000000000000000000e+02
2.407000000000000000e+03
1.958000000000000000e+03
9.250000000000000000e+02
2.226000000000000000e+03
1.203000000000000000e+03
1.128000000000000000e+03
2.275000000000000000e+03
1.332000000000000000e+03
1.884000000000000000e+03
1.903000000000000000e+03
2.323000000000000000e+03
2.313000000000000000e+03
1.555000000000000000e+03
6.460000000000000000e+02
6.120000000000000000e+02
1.142000000000000000e+03
1.351000000000000000e+03
6.360000000000000000e+02
9.930000000000000000e+02
1.222000000000000000e+03
9.520000000000000000e+02
1.130000000000000000e+02
2.546000000000000000e+03
1.690000000000000000e+03
4.320000000000000000e+02
1.980000000000000000e+03
4.410000000000000000e+02
1.681000000000000000e+03
3.760000000000000000e+02
1.224000000000000000e+03
1.842000000000000000e+03
1.105000000000000000e+03
4.750000000000000000e+02
1.527000000000000000e+03
6.480000000000000000e+02
1.954000000000000000e+03
1.210000000000000000e+03
1.648000000000000000e+03
8.090000000000000000e+02
5.000000000000000000e+00
1.311000000000000000e+03
1.677000000000000000e+03
5.000000000000000000e+01
1.494000000000000000e+03
1.312000000000000000e+03
4.360000000000000000e+02
1.851000000000000000e+03
1.791000000000000000e+03
2.554000000000000000e+03
1.188000000000000000e+03
1.140000000000000000e+02
7.480000000000000000e+02
1.197000000000000000e+03
1.167000000000000000e+03
2.420000000000000000e+03
6.450000000000000000e+02
2.655000000000000000e+03
1.022000000000000000e+03
2.506000000000000000e+03
2.136000000000000000e+03
1.196000000000000000e+03
2.022000000000000000e+03
1.732000000000000000e+03
1.226000000000000000e+03
2.584000000000000000e+03
1.463000000000000000e+03
2.485000000000000000e+03
2.167000000000000000e+03
2.360000000000000000e+02
6.820000000000000000e+02
5.400000000000000000e+02
8.300000000000000000e+02
2.650000000000000000e+02
6.990000000000000000e+02
1.190000000000000000e+02
8.730000000000000000e+02
2.280000000000000000e+03
1.832000000000000000e+03
1.733000000000000000e+03
1.729000000000000000e+03
1.418000000000000000e+03
4.610000000000000000e+02
7.470000000000000000e+02
2.656000000000000000e+03
2.327000000000000000e+03
1.892000000000000000e+03
1.801000000000000000e+03
2.151000000000000000e+03
1.550000000000000000e+03
2.282000000000000000e+03
4.930000000000000000e+02
2.013000000000000000e+03
5.730000000000000000e+02
1.454000000000000000e+03
1.160000000000000000e+03
2.607000000000000000e+03
8.650000000000000000e+02
2.188000000000000000e+03
1.030000000000000000e+03
1.929000000000000000e+03
1.655000000000000000e+03
5.550000000000000000e+02
2.421000000000000000e+03
5.800000000000000000e+01
9.800000000000000000e+01
7.170000000000000000e+02
1.880000000000000000e+02
1.689000000000000000e+03
1.895000000000000000e+03
1.834000000000000000e+03
1.694000000000000000e+03
1.669000000000000000e+03
2.621000000000000000e+03
8.490000000000000000e+02
1.367000000000000000e+03
3.710000000000000000e+02
2.000000000000000000e+00
1.282000000000000000e+03
1.659000000000000000e+03
2.271000000000000000e+03
4.870000000000000000e+02
2.124000000000000000e+03
1.831000000000000000e+03
2.035000000000000000e+03
1.785000000000000000e+03
1.682000000000000000e+03
1.735000000000000000e+03
2.640000000000000000e+03
9.510000000000000000e+02
1.345000000000000000e+03
3.330000000000000000e+02
2.044000000000000000e+03
1.536000000000000000e+03
1.228000000000000000e+03
3.910000000000000000e+02
7.800000000000000000e+01
7.860000000000000000e+02
2.233000000000000000e+03
1.319000000000000000e+03
2.307000000000000000e+03
1.511000000000000000e+03
2.890000000000000000e+02
2.020000000000000000e+03
1.072000000000000000e+03
5.520000000000000000e+02
1.390000000000000000e+03
9.310000000000000000e+02
1.912000000000000000e+03
1.544000000000000000e+03
1.621000000000000000e+03
8.170000000000000000e+02
1.700000000000000000e+03
4.810000000000000000e+02
1.955000000000000000e+03
2.512000000000000000e+03
1.759000000000000000e+03
1.246000000000000000e+03
2.522000000000000000e+03
2.108000000000000000e+03
7.200000000000000000e+01
1.039000000000000000e+03
2.213000000000000000e+03
2.090000000000000000e+02
2.580000000000000000e+03
2.596000000000000000e+03
1.700000000000000000e+02
1.077000000000000000e+03
3.190000000000000000e+02
5.690000000000000000e+02
1.626000000000000000e+03
2.033000000000000000e+03
1.412000000000000000e+03
1.057000000000000000e+03
2.426000000000000000e+03
1.107000000000000000e+03
7.620000000000000000e+02
7.520000000000000000e+02
7.910000000000000000e+02
2.301000000000000000e+03
1.649000000000000000e+03
1.886000000000000000e+03
2.003000000000000000e+03
2.037000000000000000e+03
1.433000000000000000e+03
3.630000000000000000e+02
9.050000000000000000e+02
5.030000000000000000e+02
5.740000000000000000e+02
2.651000000000000000e+03
1.614000000000000000e+03
2.654000000000000000e+03
3.890000000000000000e+02
2.680000000000000000e+02
7.100000000000000000e+02
2.581000000000000000e+03
5.900000000000000000e+02
6.260000000000000000e+02
1.329000000000000000e+03
1.890000000000000000e+02
2.042000000000000000e+03
1.013000000000000000e+03
3.090000000000000000e+02
9.030000000000000000e+02
1.745000000000000000e+03
8.000000000000000000e+02
1.716000000000000000e+03
1.667000000000000000e+03
1.685000000000000000e+03
1.509000000000000000e+03
1.833000000000000000e+03
2.410000000000000000e+03
1.990000000000000000e+02
4.200000000000000000e+02
1.063000000000000000e+03
2.262000000000000000e+03
1.748000000000000000e+03
1.480000000000000000e+03
4.890000000000000000e+02
5.230000000000000000e+02
2.406000000000000000e+03
1.714000000000000000e+03
9.780000000000000000e+02
8.590000000000000000e+02
2.039000000000000000e+03
6.150000000000000000e+02
2.620000000000000000e+03
4.000000000000000000e+00
1.623000000000000000e+03
2.230000000000000000e+02
8.060000000000000000e+02
1.383000000000000000e+03
2.128000000000000000e+03
1.908000000000000000e+03
1.336000000000000000e+03
5.710000000000000000e+02
1.570000000000000000e+03
2.443000000000000000e+03
6.740000000000000000e+02
2.415000000000000000e+03
8.340000000000000000e+02
1.400000000000000000e+01
1.458000000000000000e+03
2.556000000000000000e+03
1.225000000000000000e+03
1.751000000000000000e+03
2.080000000000000000e+02
2.031000000000000000e+03
1.736000000000000000e+03
6.580000000000000000e+02
2.870000000000000000e+02
2.705000000000000000e+03
1.715000000000000000e+03
1.709000000000000000e+03
2.240000000000000000e+02
2.602000000000000000e+03
1.870000000000000000e+02
1.208000000000000000e+03
1.384000000000000000e+03
1.590000000000000000e+02
2.502000000000000000e+03
1.490000000000000000e+02
9.540000000000000000e+02
6.770000000000000000e+02
1.050000000000000000e+02
2.125000000000000000e+03
1.757000000000000000e+03
5.510000000000000000e+02
1.596000000000000000e+03
6.510000000000000000e+02
2.630000000000000000e+03
3.060000000000000000e+02
8.700000000000000000e+02
7.970000000000000000e+02
2.008000000000000000e+03
2.391000000000000000e+03
2.094000000000000000e+03
6.050000000000000000e+02
1.792000000000000000e+03
2.442000000000000000e+03
1.173000000000000000e+03
1.481000000000000000e+03
1.763000000000000000e+03
1.587000000000000000e+03
2.619000000000000000e+03
1.012000000000000000e+03
2.558000000000000000e+03
1.233000000000000000e+03
2.617000000000000000e+03
1.976000000000000000e+03
2.261000000000000000e+03
7.570000000000000000e+02
1.889000000000000000e+03
2.278000000000000000e+03
1.698000000000000000e+03
8.890000000000000000e+02
2.192000000000000000e+03
2.540000000000000000e+02
1.211000000000000000e+03
1.170000000000000000e+03
1.525000000000000000e+03
1.207000000000000000e+03
1.887000000000000000e+03
1.560000000000000000e+02
4.880000000000000000e+02
8.520000000000000000e+02
2.111000000000000000e+03
1.683000000000000000e+03
2.050000000000000000e+03
1.080000000000000000e+02
1.975000000000000000e+03
1.647000000000000000e+03
1.919000000000000000e+03
1.359000000000000000e+03
1.900000000000000000e+03
2.109000000000000000e+03
2.520000000000000000e+02
2.423000000000000000e+03
1.482000000000000000e+03
1.263000000000000000e+03
1.686000000000000000e+03
1.411000000000000000e+03
1.440000000000000000e+02
9.390000000000000000e+02
1.592000000000000000e+03
1.674000000000000000e+03
6.900000000000000000e+01
2.041000000000000000e+03
2.173000000000000000e+03
2.388000000000000000e+03
4.210000000000000000e+02
8.360000000000000000e+02
1.165000000000000000e+03
3.460000000000000000e+02
9.990000000000000000e+02
2.132000000000000000e+03
9.200000000000000000e+01
1.518000000000000000e+03
1.580000000000000000e+02
1.915000000000000000e+03
1.593000000000000000e+03
1.846000000000000000e+03
4.120000000000000000e+02
4.100000000000000000e+01
1.917000000000000000e+03
2.355000000000000000e+03
4.470000000000000000e+02
5.300000000000000000e+01
1.002000000000000000e+03
8.300000000000000000e+01
2.440000000000000000e+03
2.649000000000000000e+03
1.034000000000000000e+03
7.210000000000000000e+02
5.040000000000000000e+02
6.650000000000000000e+02
3.200000000000000000e+02
2.616000000000000000e+03
7.120000000000000000e+02
1.616000000000000000e+03
1.750000000000000000e+02
1.402000000000000000e+03
9.910000000000000000e+02
1.205000000000000000e+03
8.980000000000000000e+02
1.111000000000000000e+03
1.421000000000000000e+03
6.440000000000000000e+02
1.849000000000000000e+03
2.579000000000000000e+03
1.362000000000000000e+03
2.129000000000000000e+03
1.372000000000000000e+03
1.339000000000000000e+03
5.500000000000000000e+01
1.464000000000000000e+03
2.447000000000000000e+03
1.743000000000000000e+03
9.300000000000000000e+01
6.160000000000000000e+02
5.360000000000000000e+02
1.306000000000000000e+03
1.266000000000000000e+03
1.037000000000000000e+03
1.612000000000000000e+03
2.547000000000000000e+03
2.696000000000000000e+03
8.600000000000000000e+01
1.968000000000000000e+03
7.180000000000000000e+02
2.577000000000000000e+03
2.083000000000000000e+03
2.441000000000000000e+03
4.770000000000000000e+02
3.800000000000000000e+02
2.569000000000000000e+03
2.439000000000000000e+03
1.550000000000000000e+02
4.330000000000000000e+02
6.830000000000000000e+02
4.900000000000000000e+01
1.547000000000000000e+03
4.250000000000000000e+02
1.627000000000000000e+03
1.114000000000000000e+03
2.560000000000000000e+03
1.067000000000000000e+03
5.100000000000000000e+01
1.431000000000000000e+03
9.760000000000000000e+02
4.160000000000000000e+02
2.352000000000000000e+03
1.058000000000000000e+03
1.373000000000000000e+03
1.620000000000000000e+03
1.793000000000000000e+03
2.548000000000000000e+03
1.151000000000000000e+03
4.130000000000000000e+02
1.064000000000000000e+03
1.606000000000000000e+03
1.430000000000000000e+03
1.730000000000000000e+03
1.273000000000000000e+03
6.730000000000000000e+02
1.164000000000000000e+03
1.888000000000000000e+03
1.424000000000000000e+03
3.950000000000000000e+02
1.492000000000000000e+03
2.276000000000000000e+03
2.666000000000000000e+03
2.665000000000000000e+03
1.562000000000000000e+03
4.660000000000000000e+02
1.900000000000000000e+01
2.290000000000000000e+03
8.680000000000000000e+02
2.036000000000000000e+03
5.260000000000000000e+02
2.430000000000000000e+03
5.700000000000000000e+02
1.993000000000000000e+03
1.818000000000000000e+03
2.060000000000000000e+02
2.040000000000000000e+03
1.308000000000000000e+03
2.076000000000000000e+03
1.020000000000000000e+03
2.465000000000000000e+03
7.590000000000000000e+02
1.907000000000000000e+03
1.129000000000000000e+03
1.254000000000000000e+03
7.880000000000000000e+02
1.660000000000000000e+02
2.272000000000000000e+03
2.304000000000000000e+03
1.766000000000000000e+03
1.400000000000000000e+02
5.480000000000000000e+02
1.219000000000000000e+03
1.797000000000000000e+03
4.650000000000000000e+02
9.360000000000000000e+02
2.503000000000000000e+03
2.515000000000000000e+03
2.559000000000000000e+03
3.410000000000000000e+02
2.385000000000000000e+03
3.570000000000000000e+02
1.471000000000000000e+03
3.220000000000000000e+02
1.755000000000000000e+03
9.570000000000000000e+02
1.796000000000000000e+03
2.032000000000000000e+03
9.940000000000000000e+02
1.019000000000000000e+03
2.597000000000000000e+03
1.462000000000000000e+03
2.300000000000000000e+01
2.159000000000000000e+03
1.466000000000000000e+03
2.025000000000000000e+03
2.294000000000000000e+03
7.960000000000000000e+02
1.710000000000000000e+03
4.860000000000000000e+02
2.476000000000000000e+03
1.270000000000000000e+03
1.687000000000000000e+03
1.937000000000000000e+03
2.452000000000000000e+03
1.007000000000000000e+03
7.130000000000000000e+02
1.044000000000000000e+03
1.192000000000000000e+03
2.593000000000000000e+03
2.507000000000000000e+03
2.186000000000000000e+03
2.683000000000000000e+03
1.516000000000000000e+03
2.268000000000000000e+03
1.355000000000000000e+03
1.939000000000000000e+03
2.030000000000000000e+02
2.138000000000000000e+03
3.770000000000000000e+02
5.470000000000000000e+02
7.650000000000000000e+02
1.172000000000000000e+03
2.119000000000000000e+03
1.800000000000000000e+02
1.262000000000000000e+03
9.020000000000000000e+02
1.403000000000000000e+03
2.450000000000000000e+03
2.460000000000000000e+02
2.643000000000000000e+03
1.890000000000000000e+03
5.110000000000000000e+02
5.310000000000000000e+02
1.087000000000000000e+03
4.390000000000000000e+02
7.750000000000000000e+02
1.585000000000000000e+03
5.200000000000000000e+02
1.840000000000000000e+02
5.010000000000000000e+02
2.265000000000000000e+03
2.486000000000000000e+03
8.250000000000000000e+02
7.680000000000000000e+02
1.398000000000000000e+03
1.389000000000000000e+03
2.572000000000000000e+03
1.663000000000000000e+03
2.289000000000000000e+03
8.840000000000000000e+02
1.575000000000000000e+03
1.410000000000000000e+02
1.287000000000000000e+03
2.417000000000000000e+03
2.356000000000000000e+03
1.038000000000000000e+03
1.426000000000000000e+03
2.319000000000000000e+03
3.400000000000000000e+02
6.400000000000000000e+02
2.610000000000000000e+03
1.381000000000000000e+03
1.718000000000000000e+03
8.940000000000000000e+02
1.731000000000000000e+03
2.162000000000000000e+03
6.310000000000000000e+02
9.810000000000000000e+02
9.440000000000000000e+02
1.239000000000000000e+03
2.169000000000000000e+03
4.010000000000000000e+02
4.380000000000000000e+02
8.850000000000000000e+02
1.545000000000000000e+03
3.970000000000000000e+02
4.500000000000000000e+01
1.814000000000000000e+03
3.620000000000000000e+02
1.610000000000000000e+03
1.299000000000000000e+03
1.341000000000000000e+03
2.371000000000000000e+03
3.550000000000000000e+02
1.280000000000000000e+03
1.453000000000000000e+03
2.370000000000000000e+03
2.369000000000000000e+03
1.102000000000000000e+03
2.077000000000000000e+03
1.124000000000000000e+03
1.850000000000000000e+02
6.240000000000000000e+02
9.240000000000000000e+02
1.883000000000000000e+03
2.314000000000000000e+03
9.740000000000000000e+02
1.496000000000000000e+03
4.670000000000000000e+02
1.439000000000000000e+03
2.676000000000000000e+03
2.000000000000000000e+02
2.500000000000000000e+03
2.460000000000000000e+03
2.308000000000000000e+03
6.300000000000000000e+01
1.741000000000000000e+03
9.330000000000000000e+02
1.286000000000000000e+03
5.380000000000000000e+02
2.379000000000000000e+03
1.300000000000000000e+01
2.627000000000000000e+03
1.957000000000000000e+03
1.250000000000000000e+03
3.870000000000000000e+02
1.813000000000000000e+03
2.150000000000000000e+03
1.513000000000000000e+03
5.830000000000000000e+02
1.719000000000000000e+03
1.720000000000000000e+03
1.934000000000000000e+03
1.498000000000000000e+03
1.371000000000000000e+03
8.160000000000000000e+02
2.381000000000000000e+03
4.830000000000000000e+02
2.115000000000000000e+03
2.590000000000000000e+03
2.492000000000000000e+03
2.270000000000000000e+02
7.330000000000000000e+02
1.844000000000000000e+03
1.449000000000000000e+03
1.984000000000000000e+03
2.317000000000000000e+03
1.086000000000000000e+03
2.362000000000000000e+03
4.620000000000000000e+02
1.119000000000000000e+03
1.754000000000000000e+03
9.720000000000000000e+02
1.520000000000000000e+03
2.451000000000000000e+03
1.608000000000000000e+03
4.530000000000000000e+02
5.800000000000000000e+02
6.640000000000000000e+02
1.806000000000000000e+03
2.205000000000000000e+03
5.160000000000000000e+02
7.400000000000000000e+02
1.148000000000000000e+03
7.900000000000000000e+02
1.860000000000000000e+03
1.100000000000000000e+03
2.587000000000000000e+03
1.643000000000000000e+03
1.967000000000000000e+03
2.357000000000000000e+03
1.121000000000000000e+03
2.104000000000000000e+03
1.344000000000000000e+03
1.483000000000000000e+03
2.220000000000000000e+03
8.190000000000000000e+02
6.720000000000000000e+02
1.200000000000000000e+02
1.854000000000000000e+03
1.598000000000000000e+03
8.480000000000000000e+02
1.711000000000000000e+03
2.530000000000000000e+03
1.928000000000000000e+03
2.454000000000000000e+03
2.455000000000000000e+03
9.380000000000000000e+02
1.021000000000000000e+03
4.820000000000000000e+02
1.710000000000000000e+02
5.610000000000000000e+02
1.738000000000000000e+03
4.550000000000000000e+02
2.600000000000000000e+01
9.900000000000000000e+01
1.220000000000000000e+02
1.410000000000000000e+03
1.075000000000000000e+03
4.030000000000000000e+02
1.474000000000000000e+03
2.168000000000000000e+03
2.378000000000000000e+03
2.550000000000000000e+03
6.620000000000000000e+02
9.320000000000000000e+02
2.519000000000000000e+03
1.970000000000000000e+03
1.159000000000000000e+03
4.570000000000000000e+02
7.220000000000000000e+02
2.900000000000000000e+02
1.528000000000000000e+03
2.214000000000000000e+03
8.660000000000000000e+02
2.498000000000000000e+03
1.491000000000000000e+03
2.403000000000000000e+03
1.238000000000000000e+03
2.338000000000000000e+03
8.130000000000000000e+02
1.056000000000000000e+03
2.482000000000000000e+03
4.000000000000000000e+01
2.280000000000000000e+02
3.000000000000000000e+01
5.900000000000000000e+01
1.052000000000000000e+03
2.305000000000000000e+03
1.023000000000000000e+03
1.857000000000000000e+03
2.612000000000000000e+03
5.150000000000000000e+02
9.200000000000000000e+02
3.380000000000000000e+02
6.900000000000000000e+02
5.000000000000000000e+02
1.744000000000000000e+03
2.672000000000000000e+03
2.910000000000000000e+02
2.570000000000000000e+03
2.521000000000000000e+03
8.430000000000000000e+02
2.677000000000000000e+03
1.096000000000000000e+03
1.097000000000000000e+03
4.450000000000000000e+02
2.222000000000000000e+03
1.447000000000000000e+03
2.970000000000000000e+02
2.216000000000000000e+03
1.633000000000000000e+03
1.154000000000000000e+03
1.201000000000000000e+03
1.519000000000000000e+03
2.360000000000000000e+03
7.700000000000000000e+02
1.737000000000000000e+03
2.306000000000000000e+03
5.950000000000000000e+02
5.460000000000000000e+02
2.675000000000000000e+03
2.624000000000000000e+03
2.701000000000000000e+03
2.530000000000000000e+02
1.479000000000000000e+03
1.289000000000000000e+03
2.860000000000000000e+02
1.147000000000000000e+03
2.542000000000000000e+03
1.514000000000000000e+03
1.876000000000000000e+03
1.721000000000000000e+03
2.637000000000000000e+03
2.007000000000000000e+03
2.573000000000000000e+03
6.880000000000000000e+02
3.430000000000000000e+02
1.081000000000000000e+03
2.678000000000000000e+03
1.812000000000000000e+03
2.361000000000000000e+03
2.663000000000000000e+03
1.604000000000000000e+03
2.329000000000000000e+03
7.270000000000000000e+02
1.821000000000000000e+03
2.258000000000000000e+03
4.740000000000000000e+02
2.720000000000000000e+02
1.335000000000000000e+03
1.728000000000000000e+03
2.555000000000000000e+03
7.890000000000000000e+02
1.856000000000000000e+03
2.532000000000000000e+03
1.601000000000000000e+03
2.206000000000000000e+03
2.657000000000000000e+03
2.010000000000000000e+02
1.871000000000000000e+03
2.840000000000000000e+02
9.560000000000000000e+02
2.345000000000000000e+03
2.567000000000000000e+03
1.875000000000000000e+03
9.790000000000000000e+02
2.070000000000000000e+02
1.708000000000000000e+03
1.049000000000000000e+03
2.574000000000000000e+03
1.223000000000000000e+03
5.680000000000000000e+02
1.116000000000000000e+03
1.823000000000000000e+03
1.126000000000000000e+03
3.140000000000000000e+02
1.510000000000000000e+02
5.320000000000000000e+02
1.508000000000000000e+03
2.344000000000000000e+03
2.401000000000000000e+03
1.639000000000000000e+03
2.118000000000000000e+03
1.971000000000000000e+03
1.461000000000000000e+03
3.180000000000000000e+02
1.500000000000000000e+01
7.820000000000000000e+02
1.551000000000000000e+03
2.585000000000000000e+03
2.150000000000000000e+02
1.636000000000000000e+03
6.230000000000000000e+02
1.859000000000000000e+03
1.570000000000000000e+02
2.048000000000000000e+03
9.140000000000000000e+02
1.790000000000000000e+02
1.484000000000000000e+03
2.026000000000000000e+03
1.855000000000000000e+03
2.475000000000000000e+03
9.610000000000000000e+02
1.802000000000000000e+03
2.239000000000000000e+03
9.230000000000000000e+02
1.327000000000000000e+03
2.161000000000000000e+03
4.020000000000000000e+02
1.043000000000000000e+03
3.740000000000000000e+02
5.840000000000000000e+02
2.322000000000000000e+03
2.047000000000000000e+03
1.091000000000000000e+03
2.830000000000000000e+02
1.260000000000000000e+03
7.160000000000000000e+02
2.682000000000000000e+03
1.340000000000000000e+03
2.221000000000000000e+03
1.405000000000000000e+03
2.290000000000000000e+02
6.550000000000000000e+02
4.760000000000000000e+02
2.850000000000000000e+02
1.271000000000000000e+03
1.321000000000000000e+03
1.232000000000000000e+03
5.630000000000000000e+02
2.078000000000000000e+03
2.339000000000000000e+03
3.860000000000000000e+02
6.570000000000000000e+02
2.413000000000000000e+03
1.322000000000000000e+03
1.864000000000000000e+03
2.531000000000000000e+03
2.520000000000000000e+03
4.500000000000000000e+02
1.070000000000000000e+03
1.868000000000000000e+03
2.283000000000000000e+03
2.940000000000000000e+02
5.850000000000000000e+02
2.632000000000000000e+03
1.529000000000000000e+03
1.992000000000000000e+03
1.366000000000000000e+03
1.816000000000000000e+03
1.253000000000000000e+03
1.572000000000000000e+03
7.190000000000000000e+02
5.340000000000000000e+02
4.090000000000000000e+02
2.117000000000000000e+03
9.580000000000000000e+02
1.699000000000000000e+03
2.000000000000000000e+03
1.140000000000000000e+03
1.016000000000000000e+03
1.991000000000000000e+03
1.294000000000000000e+03
1.380000000000000000e+02
1.924000000000000000e+03
1.230000000000000000e+03
2.377000000000000000e+03
1.252000000000000000e+03
2.930000000000000000e+02
8.320000000000000000e+02
2.600000000000000000e+03
1.347000000000000000e+03
1.245000000000000000e+03
3.500000000000000000e+02
2.328000000000000000e+03
1.093000000000000000e+03
1.970000000000000000e+02
1.505000000000000000e+03
2.254000000000000000e+03
3.020000000000000000e+02
2.219000000000000000e+03
1.795000000000000000e+03
1.900000000000000000e+02
1.790000000000000000e+03
2.673000000000000000e+03
1.774000000000000000e+03
0.000000000000000000e+00
1.773000000000000000e+03
2.089000000000000000e+03
2.414000000000000000e+03
1.584000000000000000e+03
8.820000000000000000e+02
2.320000000000000000e+02
3.030000000000000000e+02
1.656000000000000000e+03
2.135000000000000000e+03
2.080000000000000000e+03
2.009000000000000000e+03
1.670000000000000000e+03
2.143000000000000000e+03
7.500000000000000000e+01
2.106000000000000000e+03
1.015000000000000000e+03
3.840000000000000000e+02
2.085000000000000000e+03
2.432000000000000000e+03
6.020000000000000000e+02
3.780000000000000000e+02
1.360000000000000000e+02
1.030000000000000000e+02
1.874000000000000000e+03
1.778000000000000000e+03
1.210000000000000000e+02
1.784000000000000000e+03
1.490000000000000000e+03
5.350000000000000000e+02
5.750000000000000000e+02
8.920000000000000000e+02
1.739000000000000000e+03
9.100000000000000000e+02
1.500000000000000000e+02
1.640000000000000000e+03
1.150000000000000000e+03
2.084000000000000000e+03
3.080000000000000000e+02
1.146000000000000000e+03
1.530000000000000000e+02
1.582000000000000000e+03
1.552000000000000000e+03
7.730000000000000000e+02
2.324000000000000000e+03
1.390000000000000000e+02
1.251000000000000000e+03
1.595000000000000000e+03
9.800000000000000000e+02
5.050000000000000000e+02
4.590000000000000000e+02
1.531000000000000000e+03
1.780000000000000000e+03
5.420000000000000000e+02
4.060000000000000000e+02
1.782000000000000000e+03
2.535000000000000000e+03
1.603000000000000000e+03
6.860000000000000000e+02
3.420000000000000000e+02
1.651000000000000000e+03
1.819000000000000000e+03
1.560000000000000000e+03
1.746000000000000000e+03
2.251000000000000000e+03
2.090000000000000000e+03
1.193000000000000000e+03
1.089000000000000000e+03
1.997000000000000000e+03
1.469000000000000000e+03
5.540000000000000000e+02
1.533000000000000000e+03
1.090000000000000000e+02
1.613000000000000000e+03
1.370000000000000000e+02
6.200000000000000000e+02
1.127000000000000000e+03
3.660000000000000000e+02
1.995000000000000000e+03
2.144000000000000000e+03
1.465000000000000000e+03
1.576000000000000000e+03
2.095000000000000000e+03
2.591000000000000000e+03
1.615000000000000000e+03
1.106000000000000000e+03
1.571000000000000000e+03
3.990000000000000000e+02
1.417000000000000000e+03
2.494000000000000000e+03
2.086000000000000000e+03
1.045000000000000000e+03
6.270000000000000000e+02
5.560000000000000000e+02
2.092000000000000000e+03
5.080000000000000000e+02
1.330000000000000000e+02
1.949000000000000000e+03
2.145000000000000000e+03
4.520000000000000000e+02
9.680000000000000000e+02
2.609000000000000000e+03
5.210000000000000000e+02
4.400000000000000000e+01
1.815000000000000000e+03
2.504000000000000000e+03
2.670000000000000000e+03
8.000000000000000000e+00
1.350000000000000000e+02
6.330000000000000000e+02
2.412000000000000000e+03
1.988000000000000000e+03
8.930000000000000000e+02
4.440000000000000000e+02
2.635000000000000000e+03
9.850000000000000000e+02
6.560000000000000000e+02
7.260000000000000000e+02
1.720000000000000000e+02
1.670000000000000000e+02
3.640000000000000000e+02
1.346000000000000000e+03
9.600000000000000000e+02
2.230000000000000000e+03
1.071000000000000000e+03
1.581000000000000000e+03
1.459000000000000000e+03
8.450000000000000000e+02
6.220000000000000000e+02
2.110000000000000000e+03
2.500000000000000000e+02
2.429000000000000000e+03
2.187000000000000000e+03
8.200000000000000000e+01
1.666000000000000000e+03
1.742000000000000000e+03
1.512000000000000000e+03
2.660000000000000000e+03
2.253000000000000000e+03
1.180000000000000000e+03
1.304000000000000000e+03
1.110000000000000000e+02
1.004000000000000000e+03
9.370000000000000000e+02
2.650000000000000000e+03
2.487000000000000000e+03
1.607000000000000000e+03
6.350000000000000000e+02
1.011000000000000000e+03
1.258000000000000000e+03
2.545000000000000000e+03
8.120000000000000000e+02
1.941000000000000000e+03
1.243000000000000000e+03
1.326000000000000000e+03
9.400000000000000000e+01
1.234000000000000000e+03
4.600000000000000000e+01
1.000000000000000000e+03
1.569000000000000000e+03
2.386000000000000000e+03
2.513000000000000000e+03
2.623000000000000000e+03
1.386000000000000000e+03
2.204000000000000000e+03
1.664000000000000000e+03
1.665000000000000000e+03
2.176000000000000000e+03
4.630000000000000000e+02
2.367000000000000000e+03
1.460000000000000000e+03
9.590000000000000000e+02
1.382000000000000000e+03
2.244000000000000000e+03
1.099000000000000000e+03
6.060000000000000000e+02
1.130000000000000000e+03
9.180000000000000000e+02
6.490000000000000000e+02
2.400000000000000000e+01
1.375000000000000000e+03
2.114000000000000000e+03
2.400000000000000000e+02
7.850000000000000000e+02
1.935000000000000000e+03
7.600000000000000000e+02
7.140000000000000000e+02
9.100000000000000000e+01
5.490000000000000000e+02
1.657000000000000000e+03
2.140000000000000000e+03
1.092000000000000000e+03
9.670000000000000000e+02
2.659000000000000000e+03
8.750000000000000000e+02
2.123000000000000000e+03
3.210000000000000000e+02
2.697000000000000000e+03
6.520000000000000000e+02
3.480000000000000000e+02
2.710000000000000000e+02
4.430000000000000000e+02
2.605000000000000000e+03
1.242000000000000000e+03
2.629000000000000000e+03
1.054000000000000000e+03
5.090000000000000000e+02
2.066000000000000000e+03
2.247000000000000000e+03
3.130000000000000000e+02
2.434000000000000000e+03
2.067000000000000000e+03
1.176000000000000000e+03
1.073000000000000000e+03
1.574000000000000000e+03
4.110000000000000000e+02
1.177000000000000000e+03
3.450000000000000000e+02
1.066000000000000000e+03
2.595000000000000000e+03
2.260000000000000000e+03
2.510000000000000000e+02
1.229000000000000000e+03
1.103000000000000000e+03
2.237000000000000000e+03
1.600000000000000000e+02
1.690000000000000000e+02
1.473000000000000000e+03
2.703000000000000000e+03
1.317000000000000000e+03
9.460000000000000000e+02
2.501000000000000000e+03
1.334000000000000000e+03
2.693000000000000000e+03
1.380000000000000000e+03
8.770000000000000000e+02
2.065000000000000000e+03
1.221000000000000000e+03
1.990000000000000000e+03
4.730000000000000000e+02
1.477000000000000000e+03
2.880000000000000000e+02
1.138000000000000000e+03
1.503000000000000000e+03
2.240000000000000000e+03
3.680000000000000000e+02
2.291000000000000000e+03
9.270000000000000000e+02
2.526000000000000000e+03
1.348000000000000000e+03
1.750000000000000000e+03
1.558000000000000000e+03
1.134000000000000000e+03
1.540000000000000000e+02
2.163000000000000000e+03
1.295000000000000000e+03
2.242000000000000000e+03
6.540000000000000000e+02
1.980000000000000000e+02
8.050000000000000000e+02
1.488000000000000000e+03
1.837000000000000000e+03
5.600000000000000000e+02
1.401000000000000000e+03
2.493000000000000000e+03
2.243000000000000000e+03
5.450000000000000000e+02
4.220000000000000000e+02
1.083000000000000000e+03
2.538000000000000000e+03
1.502000000000000000e+03
9.110000000000000000e+02
7.450000000000000000e+02
4.300000000000000000e+02
2.259000000000000000e+03
2.398000000000000000e+03
6.390000000000000000e+02
9.000000000000000000e+02
5.670000000000000000e+02
2.626000000000000000e+03
2.706000000000000000e+03
2.200000000000000000e+01
2.296000000000000000e+03
3.160000000000000000e+02
1.662000000000000000e+03
1.946000000000000000e+03
2.064000000000000000e+03
1.522000000000000000e+03
5.530000000000000000e+02
1.770000000000000000e+02
2.430000000000000000e+02
1.577000000000000000e+03
1.255000000000000000e+03
1.135000000000000000e+03
1.300000000000000000e+03
2.636000000000000000e+03
2.470000000000000000e+02
2.583000000000000000e+03
1.101000000000000000e+03
2.146000000000000000e+03
2.372000000000000000e+03
1.169000000000000000e+03
2.246000000000000000e+03
4.800000000000000000e+02
1.945000000000000000e+03
2.370000000000000000e+02
9.190000000000000000e+02
2.960000000000000000e+02
9.870000000000000000e+02
2.063000000000000000e+03
2.679000000000000000e+03
1.940000000000000000e+02
2.464000000000000000e+03
2.690000000000000000e+02
1.419000000000000000e+03
8.900000000000000000e+01
1.964000000000000000e+03
1.952000000000000000e+03
1.406000000000000000e+03
2.810000000000000000e+02
1.700000000000000000e+01
2.399000000000000000e+03
1.811000000000000000e+03
1.573000000000000000e+03
2.698000000000000000e+03
2.664000000000000000e+03
1.185000000000000000e+03
1.171000000000000000e+03
2.376000000000000000e+03
2.613000000000000000e+03
1.944000000000000000e+03
2.688000000000000000e+03
7.060000000000000000e+02
2.580000000000000000e+02
1.530000000000000000e+03
2.034000000000000000e+03
3.300000000000000000e+01
2.564000000000000000e+03
1.240000000000000000e+03
6.870000000000000000e+02
2.539000000000000000e+03
1.325000000000000000e+03
3.270000000000000000e+02
2.920000000000000000e+02
7.800000000000000000e+02
2.335000000000000000e+03
1.634000000000000000e+03
1.692000000000000000e+03
4.420000000000000000e+02
1.162000000000000000e+03
3.580000000000000000e+02
1.231000000000000000e+03
6.530000000000000000e+02
1.702000000000000000e+03
1.095000000000000000e+03
1.108000000000000000e+03
3.900000000000000000e+02
1.202000000000000000e+03
2.142000000000000000e+03
1.446000000000000000e+03
1.445000000000000000e+03
1.765000000000000000e+03
2.248000000000000000e+03
1.950000000000000000e+03
2.473000000000000000e+03
2.671000000000000000e+03
1.050000000000000000e+03
1.542000000000000000e+03
2.001000000000000000e+03
2.648000000000000000e+03
1.966000000000000000e+03
3.100000000000000000e+02
7.000000000000000000e+02
1.691000000000000000e+03
2.645000000000000000e+03
2.661000000000000000e+03
1.261000000000000000e+03
2.400000000000000000e+03
1.701000000000000000e+03
1.200000000000000000e+01
1.318000000000000000e+03
1.358000000000000000e+03
