7.060000000000000000e+02
1.530000000000000000e+03
8.840000000000000000e+02
1.575000000000000000e+03
2.119000000000000000e+03
3.770000000000000000e+02
3.400000000000000000e+02
1.585000000000000000e+03
2.564000000000000000e+03
1.129000000000000000e+03
1.400000000000000000e+02
2.289000000000000000e+03
9.240000000000000000e+02
1.381000000000000000e+03
1.796000000000000000e+03
1.162000000000000000e+03
2.265000000000000000e+03
2.548000000000000000e+03
2.356000000000000000e+03
1.643000000000000000e+03
2.040000000000000000e+03
1.970000000000000000e+03
2.465000000000000000e+03
8.130000000000000000e+02
2.696000000000000000e+03
1.545000000000000000e+03
1.702000000000000000e+03
1.968000000000000000e+03
2.290000000000000000e+03
1.491000000000000000e+03
1.518000000000000000e+03
2.222000000000000000e+03
1.793000000000000000e+03
2.378000000000000000e+03
2.860000000000000000e+02
1.266000000000000000e+03
2.355000000000000000e+03
2.672000000000000000e+03
7.890000000000000000e+02
6.880000000000000000e+02
2.159000000000000000e+03
1.474000000000000000e+03
4.380000000000000000e+02
1.639000000000000000e+03
1.971000000000000000e+03
1.207000000000000000e+03
2.470000000000000000e+02
6.230000000000000000e+02
7.820000000000000000e+02
2.379000000000000000e+03
2.401000000000000000e+03
1.907000000000000000e+03
5.840000000000000000e+02
1.461000000000000000e+03
1.660000000000000000e+02
2.200000000000000000e+01
1.519000000000000000e+03
3.800000000000000000e+02
5.460000000000000000e+02
2.430000000000000000e+02
4.420000000000000000e+02
7.180000000000000000e+02
2.665000000000000000e+03
1.260000000000000000e+03
2.830000000000000000e+02
1.529000000000000000e+03
2.030000000000000000e+02
2.259000000000000000e+03
2.520000000000000000e+03
5.850000000000000000e+02
2.840000000000000000e+02
2.538000000000000000e+03
2.498000000000000000e+03
1.908000000000000000e+03
4.500000000000000000e+02
2.262000000000000000e+03
2.577000000000000000e+03
1.230000000000000000e+03
1.980000000000000000e+02
1.192000000000000000e+03
2.239000000000000000e+03
1.795000000000000000e+03
1.366000000000000000e+03
1.663000000000000000e+03
1.462000000000000000e+03
1.419000000000000000e+03
7.500000000000000000e+01
1.138000000000000000e+03
3.680000000000000000e+02
2.930000000000000000e+02
1.626000000000000000e+03
2.432000000000000000e+03
2.240000000000000000e+02
1.286000000000000000e+03
5.380000000000000000e+02
1.417000000000000000e+03
2.670000000000000000e+03
6.270000000000000000e+02
6.020000000000000000e+02
4.880000000000000000e+02
7.260000000000000000e+02
1.522000000000000000e+03
1.380000000000000000e+03
2.526000000000000000e+03
1.071000000000000000e+03
2.617000000000000000e+03
7.400000000000000000e+02
6.510000000000000000e+02
1.449000000000000000e+03
1.531000000000000000e+03
1.319000000000000000e+03
1.569000000000000000e+03
8.850000000000000000e+02
2.268000000000000000e+03
1.208000000000000000e+03
9.400000000000000000e+01
2.434000000000000000e+03
4.630000000000000000e+02
2.623000000000000000e+03
4.430000000000000000e+02
2.386000000000000000e+03
2.020000000000000000e+03
6.520000000000000000e+02
9.100000000000000000e+01
1.700000000000000000e+03
2.123000000000000000e+03
2.710000000000000000e+02
2.031000000000000000e+03
7.800000000000000000e+01
1.234000000000000000e+03
1.013000000000000000e+03
9.800000000000000000e+01
1.912000000000000000e+03
3.480000000000000000e+02
8.200000000000000000e+01
5.900000000000000000e+02
2.237000000000000000e+03
1.785000000000000000e+03
2.108000000000000000e+03
1.160000000000000000e+03
9.460000000000000000e+02
8.930000000000000000e+02
2.619000000000000000e+03
1.533000000000000000e+03
4.730000000000000000e+02
1.892000000000000000e+03
1.418000000000000000e+03
9.540000000000000000e+02
9.030000000000000000e+02
2.240000000000000000e+03
2.673000000000000000e+03
1.015000000000000000e+03
1.511000000000000000e+03
3.780000000000000000e+02
7.170000000000000000e+02
8.050000000000000000e+02
2.260000000000000000e+03
6.540000000000000000e+02
2.291000000000000000e+03
4.440000000000000000e+02
5.600000000000000000e+02
8.650000000000000000e+02
1.401000000000000000e+03
9.110000000000000000e+02
1.196000000000000000e+03
7.140000000000000000e+02
1.322000000000000000e+03
2.682000000000000000e+03
1.694000000000000000e+03
1.770000000000000000e+02
1.510000000000000000e+02
1.255000000000000000e+03
1.135000000000000000e+03
9.560000000000000000e+02
2.583000000000000000e+03
4.300000000000000000e+02
2.678000000000000000e+03
1.081000000000000000e+03
2.675000000000000000e+03
4.220000000000000000e+02
2.464000000000000000e+03
1.940000000000000000e+02
2.677000000000000000e+03
2.679000000000000000e+03
8.900000000000000000e+01
1.406000000000000000e+03
1.964000000000000000e+03
2.357000000000000000e+03
1.484000000000000000e+03
5.450000000000000000e+02
2.362000000000000000e+03
1.608000000000000000e+03
2.399000000000000000e+03
1.097000000000000000e+03
5.150000000000000000e+02
1.967000000000000000e+03
2.587000000000000000e+03
6.300000000000000000e+01
2.376000000000000000e+03
1.984000000000000000e+03
2.001000000000000000e+03
3.620000000000000000e+02
5.830000000000000000e+02
2.417000000000000000e+03
1.102000000000000000e+03
1.087000000000000000e+03
2.580000000000000000e+02
2.300000000000000000e+01
3.300000000000000000e+01
1.240000000000000000e+03
1.410000000000000000e+02
2.294000000000000000e+03
7.590000000000000000e+02
2.335000000000000000e+03
2.645000000000000000e+03
1.634000000000000000e+03
1.064000000000000000e+03
2.352000000000000000e+03
4.770000000000000000e+02
2.569000000000000000e+03
2.666000000000000000e+03
5.500000000000000000e+01
2.261000000000000000e+03
1.870000000000000000e+02
1.481000000000000000e+03
1.063000000000000000e+03
2.547000000000000000e+03
1.202000000000000000e+03
1.614000000000000000e+03
1.667000000000000000e+03
1.883000000000000000e+03
2.248000000000000000e+03
2.090000000000000000e+02
2.473000000000000000e+03
2.671000000000000000e+03
1.649000000000000000e+03
6.740000000000000000e+02
1.050000000000000000e+03
6.770000000000000000e+02
1.669000000000000000e+03
1.929000000000000000e+03
2.233000000000000000e+03
2.640000000000000000e+03
1.039000000000000000e+03
2.648000000000000000e+03
1.966000000000000000e+03
1.200000000000000000e+01
2.661000000000000000e+03
1.261000000000000000e+03
2.400000000000000000e+03
1.318000000000000000e+03
