9.100000000000000000e+02
2.324000000000000000e+03
2.085000000000000000e+03
3.840000000000000000e+02
1.784000000000000000e+03
1.490000000000000000e+03
7.730000000000000000e+02
3.030000000000000000e+02
5.050000000000000000e+02
4.060000000000000000e+02
1.089000000000000000e+03
1.670000000000000000e+03
2.090000000000000000e+03
1.780000000000000000e+03
5.420000000000000000e+02
1.656000000000000000e+03
1.560000000000000000e+03
3.420000000000000000e+02
2.591000000000000000e+03
2.377000000000000000e+03
1.774000000000000000e+03
2.084000000000000000e+03
1.991000000000000000e+03
1.699000000000000000e+03
1.030000000000000000e+02
9.580000000000000000e+02
2.143000000000000000e+03
2.089000000000000000e+03
1.816000000000000000e+03
1.140000000000000000e+03
1.584000000000000000e+03
5.080000000000000000e+02
2.144000000000000000e+03
2.086000000000000000e+03
2.254000000000000000e+03
6.560000000000000000e+02
5.560000000000000000e+02
2.145000000000000000e+03
3.990000000000000000e+02
1.330000000000000000e+02
8.820000000000000000e+02
1.045000000000000000e+03
5.630000000000000000e+02
1.253000000000000000e+03
1.782000000000000000e+03
5.540000000000000000e+02
7.190000000000000000e+02
1.346000000000000000e+03
1.370000000000000000e+02
4.520000000000000000e+02
2.092000000000000000e+03
1.552000000000000000e+03
2.251000000000000000e+03
2.504000000000000000e+03
1.459000000000000000e+03
2.940000000000000000e+02
1.390000000000000000e+02
5.350000000000000000e+02
1.640000000000000000e+03
1.350000000000000000e+02
1.304000000000000000e+03
2.095000000000000000e+03
4.760000000000000000e+02
2.078000000000000000e+03
1.193000000000000000e+03
1.146000000000000000e+03
1.210000000000000000e+02
3.180000000000000000e+02
4.090000000000000000e+02
9.370000000000000000e+02
1.258000000000000000e+03
1.505000000000000000e+03
1.790000000000000000e+03
1.090000000000000000e+02
1.380000000000000000e+02
1.572000000000000000e+03
2.135000000000000000e+03
1.651000000000000000e+03
4.590000000000000000e+02
1.252000000000000000e+03
1.551000000000000000e+03
1.251000000000000000e+03
3.080000000000000000e+02
2.026000000000000000e+03
2.047000000000000000e+03
1.802000000000000000e+03
1.900000000000000000e+02
1.773000000000000000e+03
2.532000000000000000e+03
1.530000000000000000e+02
1.011000000000000000e+03
1.571000000000000000e+03
2.219000000000000000e+03
1.180000000000000000e+03
2.048000000000000000e+03
1.245000000000000000e+03
9.800000000000000000e+02
2.329000000000000000e+03
1.360000000000000000e+02
2.403000000000000000e+03
2.487000000000000000e+03
2.080000000000000000e+03
2.328000000000000000e+03
3.020000000000000000e+02
2.545000000000000000e+03
1.512000000000000000e+03
1.924000000000000000e+03
2.106000000000000000e+03
6.550000000000000000e+02
1.335000000000000000e+03
2.110000000000000000e+03
1.778000000000000000e+03
1.070000000000000000e+03
3.500000000000000000e+02
1.043000000000000000e+03
