1.359000000000000000e+03
4.470000000000000000e+02
1.647000000000000000e+03
2.050000000000000000e+03
1.915000000000000000e+03
1.683000000000000000e+03
1.440000000000000000e+02
8.520000000000000000e+02
1.917000000000000000e+03
1.170000000000000000e+03
1.616000000000000000e+03
1.080000000000000000e+02
2.132000000000000000e+03
2.649000000000000000e+03
7.120000000000000000e+02
1.698000000000000000e+03
2.278000000000000000e+03
9.910000000000000000e+02
1.362000000000000000e+03
1.372000000000000000e+03
2.192000000000000000e+03
1.587000000000000000e+03
5.040000000000000000e+02
1.411000000000000000e+03
4.100000000000000000e+01
1.525000000000000000e+03
1.849000000000000000e+03
1.674000000000000000e+03
1.464000000000000000e+03
1.233000000000000000e+03
2.094000000000000000e+03
2.111000000000000000e+03
1.792000000000000000e+03
1.919000000000000000e+03
5.510000000000000000e+02
1.482000000000000000e+03
8.980000000000000000e+02
1.593000000000000000e+03
2.173000000000000000e+03
4.120000000000000000e+02
9.200000000000000000e+01
1.165000000000000000e+03
6.440000000000000000e+02
2.388000000000000000e+03
1.750000000000000000e+02
1.490000000000000000e+02
1.976000000000000000e+03
2.520000000000000000e+02
9.390000000000000000e+02
1.975000000000000000e+03
1.402000000000000000e+03
1.900000000000000000e+03
2.109000000000000000e+03
1.421000000000000000e+03
2.870000000000000000e+02
2.705000000000000000e+03
1.592000000000000000e+03
6.900000000000000000e+01
2.423000000000000000e+03
9.300000000000000000e+01
1.058000000000000000e+03
2.272000000000000000e+03
