2.610000000000000000e+03
1.134000000000000000e+03
2.486000000000000000e+03
1.946000000000000000e+03
2.242000000000000000e+03
9.940000000000000000e+02
1.934000000000000000e+03
1.860000000000000000e+03
1.348000000000000000e+03
2.317000000000000000e+03
4.860000000000000000e+02
1.270000000000000000e+03
2.697000000000000000e+03
2.371000000000000000e+03
1.945000000000000000e+03
7.650000000000000000e+02
2.370000000000000000e+03
2.369000000000000000e+03
1.662000000000000000e+03
1.876000000000000000e+03
9.270000000000000000e+02
1.503000000000000000e+03
1.299000000000000000e+03
9.380000000000000000e+02
2.007000000000000000e+03
2.706000000000000000e+03
2.361000000000000000e+03
1.023000000000000000e+03
1.875000000000000000e+03
2.970000000000000000e+02
2.636000000000000000e+03
2.605000000000000000e+03
1.295000000000000000e+03
9.810000000000000000e+02
7.270000000000000000e+02
4.900000000000000000e+01
2.070000000000000000e+02
3.950000000000000000e+02
1.500000000000000000e+01
6.400000000000000000e+02
6.640000000000000000e+02
1.453000000000000000e+03
1.130000000000000000e+03
2.590000000000000000e+03
4.620000000000000000e+02
7.220000000000000000e+02
1.633000000000000000e+03
1.056000000000000000e+03
1.334000000000000000e+03
1.488000000000000000e+03
1.890000000000000000e+03
2.360000000000000000e+03
9.230000000000000000e+02
2.574000000000000000e+03
2.150000000000000000e+02
2.510000000000000000e+02
2.400000000000000000e+02
1.570000000000000000e+02
4.000000000000000000e+01
1.075000000000000000e+03
3.430000000000000000e+02
6.060000000000000000e+02
3.380000000000000000e+02
2.115000000000000000e+03
1.498000000000000000e+03
9.900000000000000000e+01
2.600000000000000000e+01
1.289000000000000000e+03
2.304000000000000000e+03
1.020000000000000000e+03
2.076000000000000000e+03
3.200000000000000000e+02
1.083000000000000000e+03
1.859000000000000000e+03
1.124000000000000000e+03
2.559000000000000000e+03
2.475000000000000000e+03
1.321000000000000000e+03
1.496000000000000000e+03
2.663000000000000000e+03
1.201000000000000000e+03
2.000000000000000000e+03
2.338000000000000000e+03
1.054000000000000000e+03
2.008000000000000000e+03
2.146000000000000000e+03
2.214000000000000000e+03
8.940000000000000000e+02
1.382000000000000000e+03
2.579000000000000000e+03
1.806000000000000000e+03
1.344000000000000000e+03
1.700000000000000000e+01
2.850000000000000000e+02
2.455000000000000000e+03
9.790000000000000000e+02
4.500000000000000000e+01
5.090000000000000000e+02
1.664000000000000000e+03
2.009000000000000000e+03
2.244000000000000000e+03
4.670000000000000000e+02
1.096000000000000000e+03
5.000000000000000000e+02
2.540000000000000000e+02
2.414000000000000000e+03
6.240000000000000000e+02
6.900000000000000000e+02
1.854000000000000000e+03
3.970000000000000000e+02
2.140000000000000000e+03
1.049000000000000000e+03
2.339000000000000000e+03
3.660000000000000000e+02
1.347000000000000000e+03
2.501000000000000000e+03
2.454000000000000000e+03
1.019000000000000000e+03
2.032000000000000000e+03
1.355000000000000000e+03
1.093000000000000000e+03
2.570000000000000000e+03
1.508000000000000000e+03
5.490000000000000000e+02
1.823000000000000000e+03
1.997000000000000000e+03
9.140000000000000000e+02
1.400000000000000000e+01
2.128000000000000000e+03
1.151000000000000000e+03
2.609000000000000000e+03
1.086000000000000000e+03
1.581000000000000000e+03
1.935000000000000000e+03
4.020000000000000000e+02
2.039000000000000000e+03
1.944000000000000000e+03
7.900000000000000000e+02
1.837000000000000000e+03
5.470000000000000000e+02
7.450000000000000000e+02
1.111000000000000000e+03
1.864000000000000000e+03
3.090000000000000000e+02
1.990000000000000000e+02
4.160000000000000000e+02
1.710000000000000000e+02
9.440000000000000000e+02
6.390000000000000000e+02
8.430000000000000000e+02
6.730000000000000000e+02
1.988000000000000000e+03
4.130000000000000000e+02
1.941000000000000000e+03
2.290000000000000000e+02
1.815000000000000000e+03
2.129000000000000000e+03
1.469000000000000000e+03
9.320000000000000000e+02
6.620000000000000000e+02
2.010000000000000000e+02
2.125000000000000000e+03
5.030000000000000000e+02
2.206000000000000000e+03
1.613000000000000000e+03
1.595000000000000000e+03
2.306000000000000000e+03
4.330000000000000000e+02
0.000000000000000000e+00
2.572000000000000000e+03
9.610000000000000000e+02
4.650000000000000000e+02
1.573000000000000000e+03
2.688000000000000000e+03
3.870000000000000000e+02
2.385000000000000000e+03
2.580000000000000000e+03
1.874000000000000000e+03
9.680000000000000000e+02
1.500000000000000000e+02
1.159000000000000000e+03
2.037000000000000000e+03
1.857000000000000000e+03
8.700000000000000000e+02
6.490000000000000000e+02
7.910000000000000000e+02
5.100000000000000000e+01
6.200000000000000000e+02
5.750000000000000000e+02
1.465000000000000000e+03
2.283000000000000000e+03
4.400000000000000000e+01
8.450000000000000000e+02
2.042000000000000000e+03
1.171000000000000000e+03
1.811000000000000000e+03
5.480000000000000000e+02
1.326000000000000000e+03
1.172000000000000000e+03
2.305000000000000000e+03
3.270000000000000000e+02
1.021000000000000000e+03
1.615000000000000000e+03
2.521000000000000000e+03
2.550000000000000000e+03
2.676000000000000000e+03
1.439000000000000000e+03
2.000000000000000000e+02
6.330000000000000000e+02
1.949000000000000000e+03
8.920000000000000000e+02
1.970000000000000000e+02
2.635000000000000000e+03
1.479000000000000000e+03
2.494000000000000000e+03
5.950000000000000000e+02
1.603000000000000000e+03
3.860000000000000000e+02
2.117000000000000000e+03
4.010000000000000000e+02
2.595000000000000000e+03
2.104000000000000000e+03
1.223000000000000000e+03
5.680000000000000000e+02
1.116000000000000000e+03
8.000000000000000000e+00
2.412000000000000000e+03
2.381000000000000000e+03
1.424000000000000000e+03
9.600000000000000000e+02
2.410000000000000000e+03
2.406000000000000000e+03
2.535000000000000000e+03
1.386000000000000000e+03
1.016000000000000000e+03
2.253000000000000000e+03
2.555000000000000000e+03
8.120000000000000000e+02
1.012000000000000000e+03
1.107000000000000000e+03
5.110000000000000000e+02
2.320000000000000000e+02
2.230000000000000000e+03
2.502000000000000000e+03
1.819000000000000000e+03
2.080000000000000000e+02
5.160000000000000000e+02
2.044000000000000000e+03
6.350000000000000000e+02
9.670000000000000000e+02
2.003000000000000000e+03
2.513000000000000000e+03
2.426000000000000000e+03
1.092000000000000000e+03
1.607000000000000000e+03
3.210000000000000000e+02
1.460000000000000000e+03
7.860000000000000000e+02
1.514000000000000000e+03
2.593000000000000000e+03
1.536000000000000000e+03
1.228000000000000000e+03
9.720000000000000000e+02
1.147000000000000000e+03
2.542000000000000000e+03
1.937000000000000000e+03
4.530000000000000000e+02
1.600000000000000000e+02
1.336000000000000000e+03
1.720000000000000000e+02
7.850000000000000000e+02
1.273000000000000000e+03
7.160000000000000000e+02
8.360000000000000000e+02
5.210000000000000000e+02
2.659000000000000000e+03
9.180000000000000000e+02
2.531000000000000000e+03
8.320000000000000000e+02
2.600000000000000000e+03
2.880000000000000000e+02
4.820000000000000000e+02
2.187000000000000000e+03
2.213000000000000000e+03
1.990000000000000000e+03
1.073000000000000000e+03
1.099000000000000000e+03
1.473000000000000000e+03
4.740000000000000000e+02
1.294000000000000000e+03
2.519000000000000000e+03
1.856000000000000000e+03
3.130000000000000000e+02
1.657000000000000000e+03
4.110000000000000000e+02
1.670000000000000000e+02
1.790000000000000000e+02
1.576000000000000000e+03
2.186000000000000000e+03
1.636000000000000000e+03
1.177000000000000000e+03
2.629000000000000000e+03
1.797000000000000000e+03
2.025000000000000000e+03
1.000000000000000000e+03
9.200000000000000000e+02
1.106000000000000000e+03
1.957000000000000000e+03
2.308000000000000000e+03
2.429000000000000000e+03
4.830000000000000000e+02
1.868000000000000000e+03
1.410000000000000000e+03
2.400000000000000000e+01
1.176000000000000000e+03
1.840000000000000000e+02
1.341000000000000000e+03
1.665000000000000000e+03
8.660000000000000000e+02
4.550000000000000000e+02
2.077000000000000000e+03
9.590000000000000000e+02
2.693000000000000000e+03
1.992000000000000000e+03
2.482000000000000000e+03
1.574000000000000000e+03
1.813000000000000000e+03
2.367000000000000000e+03
2.067000000000000000e+03
4.450000000000000000e+02
1.271000000000000000e+03
1.741000000000000000e+03
2.033000000000000000e+03
2.216000000000000000e+03
1.066000000000000000e+03
4.570000000000000000e+02
2.066000000000000000e+03
1.690000000000000000e+02
2.138000000000000000e+03
2.703000000000000000e+03
1.232000000000000000e+03
1.812000000000000000e+03
1.582000000000000000e+03
1.993000000000000000e+03
1.855000000000000000e+03
3.740000000000000000e+02
8.770000000000000000e+02
2.530000000000000000e+02
1.242000000000000000e+03
1.800000000000000000e+02
1.818000000000000000e+03
8.750000000000000000e+02
1.239000000000000000e+03
2.114000000000000000e+03
1.598000000000000000e+03
9.740000000000000000e+02
2.632000000000000000e+03
2.372000000000000000e+03
2.720000000000000000e+02
2.064000000000000000e+03
1.044000000000000000e+03
7.130000000000000000e+02
7.750000000000000000e+02
5.320000000000000000e+02
1.889000000000000000e+03
5.530000000000000000e+02
2.637000000000000000e+03
2.205000000000000000e+03
3.450000000000000000e+02
2.163000000000000000e+03
2.247000000000000000e+03
2.065000000000000000e+03
2.041000000000000000e+03
1.995000000000000000e+03
1.127000000000000000e+03
2.344000000000000000e+03
1.928000000000000000e+03
6.650000000000000000e+02
5.310000000000000000e+02
2.660000000000000000e+03
2.910000000000000000e+02
1.390000000000000000e+03
2.683000000000000000e+03
1.221000000000000000e+03
1.477000000000000000e+03
1.052000000000000000e+03
2.398000000000000000e+03
6.220000000000000000e+02
1.340000000000000000e+03
7.880000000000000000e+02
1.666000000000000000e+03
3.160000000000000000e+02
1.502000000000000000e+03
1.558000000000000000e+03
2.573000000000000000e+03
5.700000000000000000e+02
2.430000000000000000e+03
1.686000000000000000e+03
1.002000000000000000e+03
2.567000000000000000e+03
2.624000000000000000e+03
2.701000000000000000e+03
1.850000000000000000e+02
2.000000000000000000e+00
2.296000000000000000e+03
1.580000000000000000e+02
4.800000000000000000e+02
1.371000000000000000e+03
2.204000000000000000e+03
1.300000000000000000e+03
2.036000000000000000e+03
1.950000000000000000e+03
2.626000000000000000e+03
2.345000000000000000e+03
2.630000000000000000e+03
1.119000000000000000e+03
2.258000000000000000e+03
1.814000000000000000e+03
1.577000000000000000e+03
6.050000000000000000e+02
1.590000000000000000e+02
2.243000000000000000e+03
2.493000000000000000e+03
2.063000000000000000e+03
2.176000000000000000e+03
2.698000000000000000e+03
2.690000000000000000e+02
2.162000000000000000e+03
2.664000000000000000e+03
1.447000000000000000e+03
2.246000000000000000e+03
2.650000000000000000e+03
3.000000000000000000e+01
1.621000000000000000e+03
1.939000000000000000e+03
4.200000000000000000e+02
2.500000000000000000e+03
1.821000000000000000e+03
1.101000000000000000e+03
2.370000000000000000e+02
1.219000000000000000e+03
2.322000000000000000e+03
5.740000000000000000e+02
1.405000000000000000e+03
1.846000000000000000e+03
1.375000000000000000e+03
8.490000000000000000e+02
2.124000000000000000e+03
1.211000000000000000e+03
1.100000000000000000e+03
1.220000000000000000e+02
1.091000000000000000e+03
5.610000000000000000e+02
2.118000000000000000e+03
2.613000000000000000e+03
4.210000000000000000e+02
1.300000000000000000e+01
8.600000000000000000e+01
2.810000000000000000e+02
5.710000000000000000e+02
1.570000000000000000e+03
1.126000000000000000e+03
1.746000000000000000e+03
1.121000000000000000e+03
1.728000000000000000e+03
1.542000000000000000e+03
9.000000000000000000e+02
9.870000000000000000e+02
1.871000000000000000e+03
6.580000000000000000e+02
1.225000000000000000e+03
1.185000000000000000e+03
1.246000000000000000e+03
8.680000000000000000e+02
1.454000000000000000e+03
3.140000000000000000e+02
7.700000000000000000e+02
2.301000000000000000e+03
2.413000000000000000e+03
1.403000000000000000e+03
1.900000000000000000e+01
2.035000000000000000e+03
1.708000000000000000e+03
1.329000000000000000e+03
7.100000000000000000e+02
1.231000000000000000e+03
6.530000000000000000e+02
5.230000000000000000e+02
1.682000000000000000e+03
2.276000000000000000e+03
2.920000000000000000e+02
1.325000000000000000e+03
2.602000000000000000e+03
2.500000000000000000e+02
8.160000000000000000e+02
1.327000000000000000e+03
2.161000000000000000e+03
7.000000000000000000e+02
2.314000000000000000e+03
1.200000000000000000e+02
1.844000000000000000e+03
6.720000000000000000e+02
7.800000000000000000e+02
1.952000000000000000e+03
2.539000000000000000e+03
5.200000000000000000e+02
7.330000000000000000e+02
1.095000000000000000e+03
2.319000000000000000e+03
2.142000000000000000e+03
1.692000000000000000e+03
1.446000000000000000e+03
1.445000000000000000e+03
3.900000000000000000e+02
1.108000000000000000e+03
2.034000000000000000e+03
3.100000000000000000e+02
1.691000000000000000e+03
1.701000000000000000e+03
