1.480000000000000000e+03
1.685000000000000000e+03
2.230000000000000000e+02
6.150000000000000000e+02
8.590000000000000000e+02
4.890000000000000000e+02
1.886000000000000000e+03
1.057000000000000000e+03
3.630000000000000000e+02
1.721000000000000000e+03
7.620000000000000000e+02
1.745000000000000000e+03
2.657000000000000000e+03
7.520000000000000000e+02
5.340000000000000000e+02
1.737000000000000000e+03
2.680000000000000000e+02
2.581000000000000000e+03
2.651000000000000000e+03
2.596000000000000000e+03
1.154000000000000000e+03
1.383000000000000000e+03
1.833000000000000000e+03
3.890000000000000000e+02
1.757000000000000000e+03
1.715000000000000000e+03
3.190000000000000000e+02
1.238000000000000000e+03
4.000000000000000000e+00
1.596000000000000000e+03
8.000000000000000000e+02
1.077000000000000000e+03
9.050000000000000000e+02
2.391000000000000000e+03
1.890000000000000000e+02
1.709000000000000000e+03
1.738000000000000000e+03
1.173000000000000000e+03
6.570000000000000000e+02
2.558000000000000000e+03
7.570000000000000000e+02
1.560000000000000000e+02
2.220000000000000000e+03
1.711000000000000000e+03
1.544000000000000000e+03
2.654000000000000000e+03
1.831000000000000000e+03
5.300000000000000000e+01
1.345000000000000000e+03
1.528000000000000000e+03
5.800000000000000000e+02
1.754000000000000000e+03
8.300000000000000000e+01
2.890000000000000000e+02
1.659000000000000000e+03
1.110000000000000000e+02
9.510000000000000000e+02
1.612000000000000000e+03
6.160000000000000000e+02
1.759000000000000000e+03
1.743000000000000000e+03
1.719000000000000000e+03
1.720000000000000000e+03
1.037000000000000000e+03
9.310000000000000000e+02
7.210000000000000000e+02
2.441000000000000000e+03
1.550000000000000000e+02
2.439000000000000000e+03
4.250000000000000000e+02
1.880000000000000000e+02
2.627000000000000000e+03
1.895000000000000000e+03
1.627000000000000000e+03
5.800000000000000000e+01
2.560000000000000000e+03
1.114000000000000000e+03
1.689000000000000000e+03
1.431000000000000000e+03
9.760000000000000000e+02
1.735000000000000000e+03
1.373000000000000000e+03
1.030000000000000000e+03
1.492000000000000000e+03
1.430000000000000000e+03
1.562000000000000000e+03
5.260000000000000000e+02
1.834000000000000000e+03
1.731000000000000000e+03
4.660000000000000000e+02
1.730000000000000000e+03
3.550000000000000000e+02
1.308000000000000000e+03
1.038000000000000000e+03
2.060000000000000000e+02
5.010000000000000000e+02
1.550000000000000000e+03
9.360000000000000000e+02
1.729000000000000000e+03
2.503000000000000000e+03
1.471000000000000000e+03
2.643000000000000000e+03
2.415000000000000000e+03
5.690000000000000000e+02
2.280000000000000000e+02
1.398000000000000000e+03
1.164000000000000000e+03
2.512000000000000000e+03
9.570000000000000000e+02
5.360000000000000000e+02
1.755000000000000000e+03
8.730000000000000000e+02
7.960000000000000000e+02
4.930000000000000000e+02
1.801000000000000000e+03
2.620000000000000000e+03
1.466000000000000000e+03
2.452000000000000000e+03
4.870000000000000000e+02
1.317000000000000000e+03
1.687000000000000000e+03
1.007000000000000000e+03
2.450000000000000000e+03
2.597000000000000000e+03
3.410000000000000000e+02
2.507000000000000000e+03
2.169000000000000000e+03
1.516000000000000000e+03
1.710000000000000000e+03
1.262000000000000000e+03
2.476000000000000000e+03
9.020000000000000000e+02
2.460000000000000000e+02
1.733000000000000000e+03
1.623000000000000000e+03
1.367000000000000000e+03
4.390000000000000000e+02
2.515000000000000000e+03
7.480000000000000000e+02
3.570000000000000000e+02
5.000000000000000000e+00
7.680000000000000000e+02
1.766000000000000000e+03
1.513000000000000000e+03
2.584000000000000000e+03
1.718000000000000000e+03
1.610000000000000000e+03
1.287000000000000000e+03
2.607000000000000000e+03
1.254000000000000000e+03
2.167000000000000000e+03
1.389000000000000000e+03
1.888000000000000000e+03
1.606000000000000000e+03
1.210000000000000000e+03
1.648000000000000000e+03
3.220000000000000000e+02
1.280000000000000000e+03
4.750000000000000000e+02
1.067000000000000000e+03
2.360000000000000000e+02
9.330000000000000000e+02
1.620000000000000000e+03
1.527000000000000000e+03
8.250000000000000000e+02
2.150000000000000000e+03
6.990000000000000000e+02
1.681000000000000000e+03
1.250000000000000000e+03
1.306000000000000000e+03
2.083000000000000000e+03
2.447000000000000000e+03
2.655000000000000000e+03
2.270000000000000000e+02
1.339000000000000000e+03
2.492000000000000000e+03
2.460000000000000000e+03
2.616000000000000000e+03
1.000000000000000000e+02
1.520000000000000000e+03
2.546000000000000000e+03
1.205000000000000000e+03
2.451000000000000000e+03
1.169000000000000000e+03
9.190000000000000000e+02
2.440000000000000000e+03
9.850000000000000000e+02
1.148000000000000000e+03
9.990000000000000000e+02
3.460000000000000000e+02
1.263000000000000000e+03
1.547000000000000000e+03
1.483000000000000000e+03
8.190000000000000000e+02
1.034000000000000000e+03
6.830000000000000000e+02
2.530000000000000000e+03
1.887000000000000000e+03
8.890000000000000000e+02
2.168000000000000000e+03
5.670000000000000000e+02
8.480000000000000000e+02
1.763000000000000000e+03
4.030000000000000000e+02
2.442000000000000000e+03
6.310000000000000000e+02
2.900000000000000000e+02
1.426000000000000000e+03
5.900000000000000000e+01
7.970000000000000000e+02
1.384000000000000000e+03
1.050000000000000000e+02
1.744000000000000000e+03
2.612000000000000000e+03
1.751000000000000000e+03
1.736000000000000000e+03
8.060000000000000000e+02
2.556000000000000000e+03
2.443000000000000000e+03
1.604000000000000000e+03
1.601000000000000000e+03
1.714000000000000000e+03
8.340000000000000000e+02
1.748000000000000000e+03
9.780000000000000000e+02
1.716000000000000000e+03
2.585000000000000000e+03
1.509000000000000000e+03
2.221000000000000000e+03
6.260000000000000000e+02
1.700000000000000000e+02
3.060000000000000000e+02
1.433000000000000000e+03
7.200000000000000000e+01
1.412000000000000000e+03
5.520000000000000000e+02
1.458000000000000000e+03
8.170000000000000000e+02
2.522000000000000000e+03
1.739000000000000000e+03
6.860000000000000000e+02
1.150000000000000000e+03
2.307000000000000000e+03
3.910000000000000000e+02
3.640000000000000000e+02
1.072000000000000000e+03
1.742000000000000000e+03
1.004000000000000000e+03
1.243000000000000000e+03
4.600000000000000000e+01
4.810000000000000000e+02
2.421000000000000000e+03
1.282000000000000000e+03
6.870000000000000000e+02
3.330000000000000000e+02
7.600000000000000000e+02
1.229000000000000000e+03
1.103000000000000000e+03
1.832000000000000000e+03
2.656000000000000000e+03
1.750000000000000000e+03
1.732000000000000000e+03
1.540000000000000000e+02
2.327000000000000000e+03
2.554000000000000000e+03
2.313000000000000000e+03
2.960000000000000000e+02
3.580000000000000000e+02
1.765000000000000000e+03
1.358000000000000000e+03
