6.760000000000000000e+02
2.660000000000000000e+02
4.780000000000000000e+02
1.549000000000000000e+03
2.590000000000000000e+02
4.100000000000000000e+02
1.974000000000000000e+03
1.478000000000000000e+03
5.780000000000000000e+02
1.368000000000000000e+03
6.340000000000000000e+02
6.100000000000000000e+02
2.375000000000000000e+03
7.530000000000000000e+02
2.644000000000000000e+03
3.930000000000000000e+02
1.267000000000000000e+03
3.000000000000000000e+02
7.020000000000000000e+02
1.898000000000000000e+03
2.103000000000000000e+03
9.950000000000000000e+02
7.230000000000000000e+02
2.510000000000000000e+03
5.590000000000000000e+02
4.720000000000000000e+02
2.284000000000000000e+03
1.351000000000000000e+03
1.882000000000000000e+03
1.222000000000000000e+03
1.314000000000000000e+03
9.930000000000000000e+02
7.370000000000000000e+02
1.184000000000000000e+03
2.380000000000000000e+02
6.940000000000000000e+02
1.578000000000000000e+03
2.374000000000000000e+03
2.070000000000000000e+03
1.979000000000000000e+03
2.491000000000000000e+03
6.460000000000000000e+02
4.460000000000000000e+02
2.062000000000000000e+03
1.494000000000000000e+03
1.690000000000000000e+03
6.360000000000000000e+02
6.480000000000000000e+02
1.130000000000000000e+02
1.677000000000000000e+03
1.320000000000000000e+02
5.000000000000000000e+01
1.311000000000000000e+03
1.312000000000000000e+03
1.122000000000000000e+03
6.710000000000000000e+02
1.827000000000000000e+03
9.520000000000000000e+02
1.197000000000000000e+03
1.978000000000000000e+03
1.140000000000000000e+02
5.870000000000000000e+02
1.032000000000000000e+03
1.188000000000000000e+03
6.450000000000000000e+02
1.387000000000000000e+03
2.136000000000000000e+03
2.184000000000000000e+03
2.226000000000000000e+03
1.463000000000000000e+03
2.506000000000000000e+03
3.760000000000000000e+02
1.630000000000000000e+03
2.256000000000000000e+03
4.190000000000000000e+02
1.824000000000000000e+03
7.930000000000000000e+02
2.485000000000000000e+03
2.490000000000000000e+02
1.203000000000000000e+03
3.490000000000000000e+02
6.820000000000000000e+02
2.185000000000000000e+03
1.290000000000000000e+02
1.022000000000000000e+03
1.128000000000000000e+03
2.286000000000000000e+03
1.897000000000000000e+03
1.409000000000000000e+03
1.826000000000000000e+03
1.309000000000000000e+03
1.960000000000000000e+03
1.500000000000000000e+03
2.013000000000000000e+03
4.000000000000000000e+02
2.282000000000000000e+03
1.280000000000000000e+02
2.151000000000000000e+03
1.980000000000000000e+03
5.400000000000000000e+02
5.730000000000000000e+02
6.470000000000000000e+02
1.190000000000000000e+03
8.260000000000000000e+02
7.470000000000000000e+02
4.610000000000000000e+02
1.060000000000000000e+03
2.650000000000000000e+02
1.180000000000000000e+02
4.510000000000000000e+02
7.000000000000000000e+01
9.350000000000000000e+02
1.828000000000000000e+03
8.440000000000000000e+02
1.113000000000000000e+03
4.790000000000000000e+02
1.131000000000000000e+03
1.455000000000000000e+03
5.550000000000000000e+02
4.480000000000000000e+02
1.842000000000000000e+03
8.780000000000000000e+02
2.497000000000000000e+03
2.100000000000000000e+03
1.630000000000000000e+02
8.010000000000000000e+02
9.710000000000000000e+02
8.030000000000000000e+02
2.069000000000000000e+03
1.953000000000000000e+03
1.880000000000000000e+03
3.710000000000000000e+02
8.800000000000000000e+01
1.902000000000000000e+03
2.481000000000000000e+03
3.880000000000000000e+02
1.168000000000000000e+03
5.140000000000000000e+02
5.410000000000000000e+02
9.400000000000000000e+02
9.890000000000000000e+02
1.930000000000000000e+02
1.237000000000000000e+03
9.000000000000000000e+00
1.414000000000000000e+03
1.594000000000000000e+03
1.313000000000000000e+03
3.600000000000000000e+02
1.415000000000000000e+03
2.060000000000000000e+03
4.680000000000000000e+02
2.200000000000000000e+02
1.354000000000000000e+03
2.326000000000000000e+03
1.183000000000000000e+03
7.770000000000000000e+02
1.650000000000000000e+03
1.170000000000000000e+02
2.537000000000000000e+03
3.440000000000000000e+02
1.277000000000000000e+03
4.900000000000000000e+02
2.024000000000000000e+03
1.543000000000000000e+03
2.275000000000000000e+03
6.680000000000000000e+02
1.537000000000000000e+03
2.112000000000000000e+03
4.240000000000000000e+02
2.553000000000000000e+03
2.102000000000000000e+03
2.528000000000000000e+03
2.363000000000000000e+03
7.200000000000000000e+02
1.332000000000000000e+03
2.407000000000000000e+03
9.250000000000000000e+02
4.360000000000000000e+02
1.954000000000000000e+03
2.269000000000000000e+03
2.323000000000000000e+03
1.142000000000000000e+03
1.956000000000000000e+03
2.270000000000000000e+03
1.224000000000000000e+03
1.958000000000000000e+03
4.320000000000000000e+02
8.090000000000000000e+02
1.105000000000000000e+03
1.903000000000000000e+03
1.884000000000000000e+03
6.120000000000000000e+02
1.555000000000000000e+03
2.420000000000000000e+03
1.851000000000000000e+03
1.791000000000000000e+03
4.410000000000000000e+02
1.167000000000000000e+03
2.022000000000000000e+03
8.300000000000000000e+02
2.280000000000000000e+03
1.226000000000000000e+03
1.655000000000000000e+03
2.188000000000000000e+03
1.190000000000000000e+02
2.271000000000000000e+03
2.621000000000000000e+03
1.955000000000000000e+03
